0.0	0.0	0.0	0.0	0.0	0.0	0.0	0.0	0.0	0.0
1.0	0.0	0.0	0.0	0.0	0.0	0.0	0.0	0.0	0.0
2.0	0.03961547060138609	0.047619047619047616	0.014084507042253521	0.05714285714285714	3.410322081031784E-4	6.518301002577548E-4	1.8563326202589023E-4	0.01871802792970039	0.06051291327307178
3.0	0.13755868544600938	0.14285714285714285	0.11267605633802817	0.15714285714285714	3.4358622110485394E-4	6.191452313253538E-4	2.0580671599460397E-4	0.11658313756284784	0.1585342333291709
4.0	0.1479394887845592	0.15492957746478872	0.11428571428571428	0.1746031746031746	6.307966730701364E-4	0.0011325765380191047	3.7990674059565214E-4	0.1195184373187517	0.1763605402503667
5.0	0.0771070869662419	0.047619047619047616	0.04285714285714286	0.14084507042253522	0.0020350445570309354	0.001021301568009043	0.004062530535074721	0.026058655157843703	0.1281555187746401
6.0	0.06375288769654967	0.06349206349206349	0.056338028169014086	0.07142857142857142	3.798809727758483E-5	2.752408553936556E-5	5.891612075402336E-5	0.0567782891537046	0.07072748623939475
7.0	0.05786571279529026	0.07042253521126761	0.031746031746031744	0.07142857142857142	3.412875538692517E-4	6.822377381149943E-4	1.708124617463804E-4	0.036960448171723004	0.07877097741885751
8.0	0.07466279156420001	0.09859154929577464	0.014285714285714285	0.1111111111111111	0.001848818968354124	0.003645391460692238	9.50532722185067E-4	0.02600609298860406	0.12331949013979596
9.0	0.04794694090468738	0.04225352112676056	0.015873015873015872	0.08571428571428572	8.291746765573556E-4	5.305758478524863E-4	0.0014263723339670942	0.015361885856589347	0.08053199595278542
10.0	0.04477233773008421	0.04225352112676056	0.02857142857142857	0.06349206349206349	2.0641400908396725E-4	1.3440694732409555E-4	3.5042813260371063E-4	0.028514415996388064	0.06103025946378036
11.0	0.024800655786571275	0.02857142857142857	0.014084507042253521	0.031746031746031744	5.909760617453828E-5	1.1483584391034295E-4	3.122848730663594E-5	0.016101434291132612	0.03349987728200994
12.0	0.024733586705417688	0.028169014084507043	0.014285714285714285	0.031746031746031744	5.6711528274342815E-5	1.0915803809839903E-4	3.0488273362314715E-5	0.01621179098270925	0.033255382428126125
13.0	0.024204486176317163	0.028169014084507043	0.015873015873015872	0.02857142857142857	3.473368827727637E-5	6.941339741479131E-5	1.739383370851889E-5	0.01753532988570126	0.030873642466933065
14.0	0.01415157612340711	0.014285714285714285	0.0	0.028169014084507043	1.322578889388196E-4	2.002671067765862E-4	9.82532800199363E-5	0.001137712923632168	0.02716543932318205
15.0	0.024800655786571275	0.02857142857142857	0.014084507042253521	0.031746031746031744	5.909760617453828E-5	1.1483584391034295E-4	3.122848730663594E-5	0.016101434291132612	0.03349987728200994
16.0	0.010052910052910051	0.014285714285714285	0.0	0.015873015873015872	5.0950421320791696E-5	1.0106100053189998E-4	2.5895131715237548E-5	0.001975552016481856	0.018130268089338247
17.0	0.009985840971756465	0.014084507042253521	0.0	0.015873015873015872	5.039163726289086E-5	9.971701991321009E-5	2.572894593773125E-5	0.001952898096547289	0.01801878384696564
18.0	0.019576719576719578	0.015873015873015872	0.0	0.04285714285714286	3.129811595420061E-4	1.9848268525517204E-4	5.419781081156742E-4	-4.4284104530349644E-4	0.03959628019874265
19.0	0.009456740442655936	0.014084507042253521	0.0	0.014285714285714285	4.4721717292352374E-5	8.942993979976439E-5	2.236760603864636E-5	0.0018892012312103192	0.017024279654101554
20.0	0.009523809523809523	0.0	0.0	0.02857142857142857	1.8140589569161E-4	9.070294784580498E-5	3.6281179138322E-4	-0.005717459986841367	0.024765079034460413
21.0	0.0047619047619047615	0.0	0.0	0.014285714285714285	4.53514739229025E-5	2.2675736961451244E-5	9.0702947845805E-5	-0.0028587299934206833	0.012382539517230206
22.0	0.009389671361502348	0.0	0.0	0.028169014084507043	1.763318565540347E-4	8.816592827701735E-5	3.526637131080694E-4	-0.005636932381392894	0.02441627510439759
23.0	0.005291005291005291	0.0	0.0	0.015873015873015872	5.598947397889196E-5	2.7994736989445982E-5	1.1197894795778393E-4	-0.0031763666593563125	0.013758377241366894
24.0	0.009985840971756465	0.014084507042253521	0.0	0.015873015873015872	5.039163726289086E-5	9.971701991321009E-5	2.572894593773125E-5	0.001952898096547289	0.01801878384696564
25.0	0.0	0.0	0.0	0.0	0.0	0.0	0.0	0.0	0.0
26.0	0.005291005291005291	0.0	0.0	0.015873015873015872	5.598947397889196E-5	2.7994736989445982E-5	1.1197894795778393E-4	-0.0031763666593563125	0.013758377241366894
27.0	0.0	0.0	0.0	0.0	0.0	0.0	0.0	0.0	0.0
28.0	0.0	0.0	0.0	0.0	0.0	0.0	0.0	0.0	0.0
29.0	0.014747745733661227	0.014285714285714285	0.014084507042253521	0.015873015873015872	6.398638357317919E-7	3.266793103360764E-7	1.2662328865232228E-6	0.013842556819428909	0.015652934647893545
30.0	0.004694835680751174	0.0	0.0	0.014084507042253521	4.408296413850868E-5	2.204148206925434E-5	8.816592827701735E-5	-0.002818466190696447	0.012208137552198794
31.0	0.0	0.0	0.0	0.0	0.0	0.0	0.0	0.0	0.0
32.0	0.009523809523809523	0.0	0.0	0.02857142857142857	1.8140589569161E-4	9.070294784580498E-5	3.6281179138322E-4	-0.005717459986841367	0.024765079034460413
33.0	0.010052910052910051	0.014285714285714285	0.0	0.015873015873015872	5.0950421320791696E-5	1.0106100053189998E-4	2.5895131715237548E-5	0.001975552016481856	0.018130268089338247
34.0	0.0	0.0	0.0	0.0	0.0	0.0	0.0	0.0	0.0
35.0	0.0047619047619047615	0.0	0.0	0.014285714285714285	4.53514739229025E-5	2.2675736961451244E-5	9.0702947845805E-5	-0.0028587299934206833	0.012382539517230206
36.0	0.0	0.0	0.0	0.0	0.0	0.0	0.0	0.0	0.0
37.0	0.0047619047619047615	0.0	0.0	0.014285714285714285	4.53514739229025E-5	2.2675736961451244E-5	9.0702947845805E-5	-0.0028587299934206833	0.012382539517230206
38.0	0.0	0.0	0.0	0.0	0.0	0.0	0.0	0.0	0.0
39.0	0.0	0.0	0.0	0.0	0.0	0.0	0.0	0.0	0.0
40.0	0.0	0.0	0.0	0.0	0.0	0.0	0.0	0.0	0.0
41.0	0.0	0.0	0.0	0.0	0.0	0.0	0.0	0.0	0.0
42.0	0.0	0.0	0.0	0.0	0.0	0.0	0.0	0.0	0.0
43.0	0.0	0.0	0.0	0.0	0.0	0.0	0.0	0.0	0.0
44.0	0.0	0.0	0.0	0.0	0.0	0.0	0.0	0.0	0.0
45.0	0.004694835680751174	0.0	0.0	0.014084507042253521	4.408296413850868E-5	2.204148206925434E-5	8.816592827701735E-5	-0.002818466190696447	0.012208137552198794
46.0	0.0	0.0	0.0	0.0	0.0	0.0	0.0	0.0	0.0
47.0	0.009456740442655936	0.014084507042253521	0.0	0.014285714285714285	4.4721717292352374E-5	8.942993979976439E-5	2.236760603864636E-5	0.0018892012312103192	0.017024279654101554
48.0	0.0	0.0	0.0	0.0	0.0	0.0	0.0	0.0	0.0
49.0	0.0	0.0	0.0	0.0	0.0	0.0	0.0	0.0	0.0
50.0	0.004694835680751174	0.0	0.0	0.014084507042253521	4.408296413850868E-5	2.204148206925434E-5	8.816592827701735E-5	-0.002818466190696447	0.012208137552198794
51.0	0.0	0.0	0.0	0.0	0.0	0.0	0.0	0.0	0.0
52.0	0.0	0.0	0.0	0.0	0.0	0.0	0.0	0.0	0.0
53.0	0.0	0.0	0.0	0.0	0.0	0.0	0.0	0.0	0.0
54.0	0.005291005291005291	0.0	0.0	0.015873015873015872	5.598947397889196E-5	2.7994736989445982E-5	1.1197894795778393E-4	-0.0031763666593563125	0.013758377241366894
55.0	0.010052910052910051	0.014285714285714285	0.0	0.015873015873015872	5.0950421320791696E-5	1.0106100053189998E-4	2.5895131715237548E-5	0.001975552016481856	0.018130268089338247
56.0	0.0	0.0	0.0	0.0	0.0	0.0	0.0	0.0	0.0
57.0	0.0	0.0	0.0	0.0	0.0	0.0	0.0	0.0	0.0
58.0	0.0	0.0	0.0	0.0	0.0	0.0	0.0	0.0	0.0
59.0	0.0	0.0	0.0	0.0	0.0	0.0	0.0	0.0	0.0
60.0	0.0	0.0	0.0	0.0	0.0	0.0	0.0	0.0	0.0
61.0	0.0	0.0	0.0	0.0	0.0	0.0	0.0	0.0	0.0
62.0	0.0	0.0	0.0	0.0	0.0	0.0	0.0	0.0	0.0
63.0	0.0	0.0	0.0	0.0	0.0	0.0	0.0	0.0	0.0
64.0	0.0	0.0	0.0	0.0	0.0	0.0	0.0	0.0	0.0
65.0	0.0	0.0	0.0	0.0	0.0	0.0	0.0	0.0	0.0
66.0	0.0	0.0	0.0	0.0	0.0	0.0	0.0	0.0	0.0
67.0	0.0	0.0	0.0	0.0	0.0	0.0	0.0	0.0	0.0
68.0	0.0	0.0	0.0	0.0	0.0	0.0	0.0	0.0	0.0
69.0	0.005291005291005291	0.0	0.0	0.015873015873015872	5.598947397889196E-5	2.7994736989445982E-5	1.1197894795778393E-4	-0.0031763666593563125	0.013758377241366894
70.0	0.0	0.0	0.0	0.0	0.0	0.0	0.0	0.0	0.0
71.0	0.004694835680751174	0.0	0.0	0.014084507042253521	4.408296413850868E-5	2.204148206925434E-5	8.816592827701735E-5	-0.002818466190696447	0.012208137552198794
72.0	0.0	0.0	0.0	0.0	0.0	0.0	0.0	0.0	0.0
73.0	0.0	0.0	0.0	0.0	0.0	0.0	0.0	0.0	0.0
74.0	0.0	0.0	0.0	0.0	0.0	0.0	0.0	0.0	0.0
75.0	0.0	0.0	0.0	0.0	0.0	0.0	0.0	0.0	0.0
76.0	0.0	0.0	0.0	0.0	0.0	0.0	0.0	0.0	0.0
77.0	0.0	0.0	0.0	0.0	0.0	0.0	0.0	0.0	0.0
78.0	0.0	0.0	0.0	0.0	0.0	0.0	0.0	0.0	0.0
79.0	0.0	0.0	0.0	0.0	0.0	0.0	0.0	0.0	0.0
80.0	0.0	0.0	0.0	0.0	0.0	0.0	0.0	0.0	0.0
81.0	0.0	0.0	0.0	0.0	0.0	0.0	0.0	0.0	0.0
82.0	0.0	0.0	0.0	0.0	0.0	0.0	0.0	0.0	0.0
83.0	0.0	0.0	0.0	0.0	0.0	0.0	0.0	0.0	0.0
84.0	0.0	0.0	0.0	0.0	0.0	0.0	0.0	0.0	0.0
85.0	0.0	0.0	0.0	0.0	0.0	0.0	0.0	0.0	0.0
86.0	0.0	0.0	0.0	0.0	0.0	0.0	0.0	0.0	0.0
87.0	0.0	0.0	0.0	0.0	0.0	0.0	0.0	0.0	0.0
88.0	0.0	0.0	0.0	0.0	0.0	0.0	0.0	0.0	0.0
89.0	0.0	0.0	0.0	0.0	0.0	0.0	0.0	0.0	0.0
90.0	0.0	0.0	0.0	0.0	0.0	0.0	0.0	0.0	0.0
91.0	0.0	0.0	0.0	0.0	0.0	0.0	0.0	0.0	0.0
92.0	0.0047619047619047615	0.0	0.0	0.014285714285714285	4.53514739229025E-5	2.2675736961451244E-5	9.0702947845805E-5	-0.0028587299934206833	0.012382539517230206
93.0	0.0	0.0	0.0	0.0	0.0	0.0	0.0	0.0	0.0
94.0	0.0	0.0	0.0	0.0	0.0	0.0	0.0	0.0	0.0
95.0	0.0	0.0	0.0	0.0	0.0	0.0	0.0	0.0	0.0
96.0	0.0	0.0	0.0	0.0	0.0	0.0	0.0	0.0	0.0
97.0	0.0	0.0	0.0	0.0	0.0	0.0	0.0	0.0	0.0
98.0	0.0	0.0	0.0	0.0	0.0	0.0	0.0	0.0	0.0
99.0	0.0	0.0	0.0	0.0	0.0	0.0	0.0	0.0	0.0
100.0	0.0	0.0	0.0	0.0	0.0	0.0	0.0	0.0	0.0
101.0	0.0	0.0	0.0	0.0	0.0	0.0	0.0	0.0	0.0
102.0	0.0	0.0	0.0	0.0	0.0	0.0	0.0	0.0	0.0
103.0	0.0	0.0	0.0	0.0	0.0	0.0	0.0	0.0	0.0
104.0	0.0	0.0	0.0	0.0	0.0	0.0	0.0	0.0	0.0
105.0	0.0	0.0	0.0	0.0	0.0	0.0	0.0	0.0	0.0
106.0	0.0	0.0	0.0	0.0	0.0	0.0	0.0	0.0	0.0
107.0	0.0	0.0	0.0	0.0	0.0	0.0	0.0	0.0	0.0
108.0	0.0	0.0	0.0	0.0	0.0	0.0	0.0	0.0	0.0
109.0	0.0	0.0	0.0	0.0	0.0	0.0	0.0	0.0	0.0
110.0	0.0	0.0	0.0	0.0	0.0	0.0	0.0	0.0	0.0
111.0	0.0	0.0	0.0	0.0	0.0	0.0	0.0	0.0	0.0
112.0	0.0	0.0	0.0	0.0	0.0	0.0	0.0	0.0	0.0
113.0	0.0	0.0	0.0	0.0	0.0	0.0	0.0	0.0	0.0
114.0	0.0	0.0	0.0	0.0	0.0	0.0	0.0	0.0	0.0
115.0	0.0	0.0	0.0	0.0	0.0	0.0	0.0	0.0	0.0
116.0	0.0	0.0	0.0	0.0	0.0	0.0	0.0	0.0	0.0
117.0	0.0	0.0	0.0	0.0	0.0	0.0	0.0	0.0	0.0
118.0	0.0	0.0	0.0	0.0	0.0	0.0	0.0	0.0	0.0
119.0	0.0	0.0	0.0	0.0	0.0	0.0	0.0	0.0	0.0
120.0	0.0	0.0	0.0	0.0	0.0	0.0	0.0	0.0	0.0
121.0	0.0	0.0	0.0	0.0	0.0	0.0	0.0	0.0	0.0
122.0	0.0	0.0	0.0	0.0	0.0	0.0	0.0	0.0	0.0
123.0	0.0	0.0	0.0	0.0	0.0	0.0	0.0	0.0	0.0
124.0	0.0	0.0	0.0	0.0	0.0	0.0	0.0	0.0	0.0
125.0	0.0	0.0	0.0	0.0	0.0	0.0	0.0	0.0	0.0
126.0	0.0	0.0	0.0	0.0	0.0	0.0	0.0	0.0	0.0
127.0	0.0	0.0	0.0	0.0	0.0	0.0	0.0	0.0	0.0
128.0	0.0	0.0	0.0	0.0	0.0	0.0	0.0	0.0	0.0
129.0	0.0	0.0	0.0	0.0	0.0	0.0	0.0	0.0	0.0
130.0	0.0	0.0	0.0	0.0	0.0	0.0	0.0	0.0	0.0
131.0	0.0	0.0	0.0	0.0	0.0	0.0	0.0	0.0	0.0
132.0	0.0	0.0	0.0	0.0	0.0	0.0	0.0	0.0	0.0
133.0	0.0	0.0	0.0	0.0	0.0	0.0	0.0	0.0	0.0
134.0	0.0	0.0	0.0	0.0	0.0	0.0	0.0	0.0	0.0
135.0	0.0	0.0	0.0	0.0	0.0	0.0	0.0	0.0	0.0
136.0	0.0	0.0	0.0	0.0	0.0	0.0	0.0	0.0	0.0
137.0	0.0	0.0	0.0	0.0	0.0	0.0	0.0	0.0	0.0
138.0	0.0	0.0	0.0	0.0	0.0	0.0	0.0	0.0	0.0
139.0	0.0	0.0	0.0	0.0	0.0	0.0	0.0	0.0	0.0
140.0	0.0	0.0	0.0	0.0	0.0	0.0	0.0	0.0	0.0
141.0	0.0	0.0	0.0	0.0	0.0	0.0	0.0	0.0	0.0
142.0	0.0	0.0	0.0	0.0	0.0	0.0	0.0	0.0	0.0
143.0	0.0	0.0	0.0	0.0	0.0	0.0	0.0	0.0	0.0
144.0	0.0	0.0	0.0	0.0	0.0	0.0	0.0	0.0	0.0
145.0	0.0	0.0	0.0	0.0	0.0	0.0	0.0	0.0	0.0
146.0	0.0	0.0	0.0	0.0	0.0	0.0	0.0	0.0	0.0
147.0	0.0	0.0	0.0	0.0	0.0	0.0	0.0	0.0	0.0
148.0	0.0	0.0	0.0	0.0	0.0	0.0	0.0	0.0	0.0
149.0	0.0	0.0	0.0	0.0	0.0	0.0	0.0	0.0	0.0
150.0	0.0	0.0	0.0	0.0	0.0	0.0	0.0	0.0	0.0
151.0	0.0	0.0	0.0	0.0	0.0	0.0	0.0	0.0	0.0
152.0	0.0	0.0	0.0	0.0	0.0	0.0	0.0	0.0	0.0
153.0	0.0	0.0	0.0	0.0	0.0	0.0	0.0	0.0	0.0
154.0	0.0	0.0	0.0	0.0	0.0	0.0	0.0	0.0	0.0
155.0	0.0	0.0	0.0	0.0	0.0	0.0	0.0	0.0	0.0
156.0	0.0	0.0	0.0	0.0	0.0	0.0	0.0	0.0	0.0
157.0	0.0	0.0	0.0	0.0	0.0	0.0	0.0	0.0	0.0
158.0	0.0	0.0	0.0	0.0	0.0	0.0	0.0	0.0	0.0
159.0	0.0	0.0	0.0	0.0	0.0	0.0	0.0	0.0	0.0
160.0	0.0	0.0	0.0	0.0	0.0	0.0	0.0	0.0	0.0
161.0	0.0	0.0	0.0	0.0	0.0	0.0	0.0	0.0	0.0
162.0	0.0	0.0	0.0	0.0	0.0	0.0	0.0	0.0	0.0
163.0	0.0	0.0	0.0	0.0	0.0	0.0	0.0	0.0	0.0
164.0	0.0	0.0	0.0	0.0	0.0	0.0	0.0	0.0	0.0
165.0	0.0	0.0	0.0	0.0	0.0	0.0	0.0	0.0	0.0
166.0	0.0	0.0	0.0	0.0	0.0	0.0	0.0	0.0	0.0
167.0	0.0	0.0	0.0	0.0	0.0	0.0	0.0	0.0	0.0
168.0	0.0	0.0	0.0	0.0	0.0	0.0	0.0	0.0	0.0
169.0	0.0	0.0	0.0	0.0	0.0	0.0	0.0	0.0	0.0
170.0	0.0	0.0	0.0	0.0	0.0	0.0	0.0	0.0	0.0
171.0	0.0	0.0	0.0	0.0	0.0	0.0	0.0	0.0	0.0
172.0	0.0	0.0	0.0	0.0	0.0	0.0	0.0	0.0	0.0
173.0	0.0	0.0	0.0	0.0	0.0	0.0	0.0	0.0	0.0
174.0	0.0	0.0	0.0	0.0	0.0	0.0	0.0	0.0	0.0
175.0	0.0	0.0	0.0	0.0	0.0	0.0	0.0	0.0	0.0
176.0	0.0	0.0	0.0	0.0	0.0	0.0	0.0	0.0	0.0
177.0	0.0	0.0	0.0	0.0	0.0	0.0	0.0	0.0	0.0
178.0	0.0	0.0	0.0	0.0	0.0	0.0	0.0	0.0	0.0
179.0	0.0	0.0	0.0	0.0	0.0	0.0	0.0	0.0	0.0
180.0	0.0	0.0	0.0	0.0	0.0	0.0	0.0	0.0	0.0
181.0	0.0	0.0	0.0	0.0	0.0	0.0	0.0	0.0	0.0
182.0	0.0	0.0	0.0	0.0	0.0	0.0	0.0	0.0	0.0
183.0	0.0	0.0	0.0	0.0	0.0	0.0	0.0	0.0	0.0
184.0	0.0	0.0	0.0	0.0	0.0	0.0	0.0	0.0	0.0
185.0	0.0	0.0	0.0	0.0	0.0	0.0	0.0	0.0	0.0
186.0	0.0	0.0	0.0	0.0	0.0	0.0	0.0	0.0	0.0
187.0	0.0	0.0	0.0	0.0	0.0	0.0	0.0	0.0	0.0
188.0	0.0	0.0	0.0	0.0	0.0	0.0	0.0	0.0	0.0
189.0	0.0	0.0	0.0	0.0	0.0	0.0	0.0	0.0	0.0
190.0	0.0	0.0	0.0	0.0	0.0	0.0	0.0	0.0	0.0
191.0	0.0	0.0	0.0	0.0	0.0	0.0	0.0	0.0	0.0
192.0	0.0	0.0	0.0	0.0	0.0	0.0	0.0	0.0	0.0
193.0	0.0	0.0	0.0	0.0	0.0	0.0	0.0	0.0	0.0
194.0	0.0	0.0	0.0	0.0	0.0	0.0	0.0	0.0	0.0
195.0	0.0	0.0	0.0	0.0	0.0	0.0	0.0	0.0	0.0
196.0	0.0	0.0	0.0	0.0	0.0	0.0	0.0	0.0	0.0
197.0	0.0	0.0	0.0	0.0	0.0	0.0	0.0	0.0	0.0
198.0	0.0	0.0	0.0	0.0	0.0	0.0	0.0	0.0	0.0
199.0	0.0	0.0	0.0	0.0	0.0	0.0	0.0	0.0	0.0
200.0	0.0	0.0	0.0	0.0	0.0	0.0	0.0	0.0	0.0
201.0	0.0	0.0	0.0	0.0	0.0	0.0	0.0	0.0	0.0
202.0	0.0	0.0	0.0	0.0	0.0	0.0	0.0	0.0	0.0
203.0	0.0	0.0	0.0	0.0	0.0	0.0	0.0	0.0	0.0
204.0	0.0	0.0	0.0	0.0	0.0	0.0	0.0	0.0	0.0
205.0	0.0	0.0	0.0	0.0	0.0	0.0	0.0	0.0	0.0
206.0	0.0	0.0	0.0	0.0	0.0	0.0	0.0	0.0	0.0
207.0	0.0	0.0	0.0	0.0	0.0	0.0	0.0	0.0	0.0
208.0	0.0	0.0	0.0	0.0	0.0	0.0	0.0	0.0	0.0
209.0	0.0	0.0	0.0	0.0	0.0	0.0	0.0	0.0	0.0
210.0	0.0	0.0	0.0	0.0	0.0	0.0	0.0	0.0	0.0
211.0	0.0	0.0	0.0	0.0	0.0	0.0	0.0	0.0	0.0
212.0	0.0	0.0	0.0	0.0	0.0	0.0	0.0	0.0	0.0
213.0	0.0	0.0	0.0	0.0	0.0	0.0	0.0	0.0	0.0
214.0	0.0	0.0	0.0	0.0	0.0	0.0	0.0	0.0	0.0
215.0	0.0	0.0	0.0	0.0	0.0	0.0	0.0	0.0	0.0
216.0	0.005291005291005291	0.0	0.0	0.015873015873015872	5.598947397889196E-5	2.7994736989445982E-5	1.1197894795778393E-4	-0.0031763666593563125	0.013758377241366894
