0.0	0.01	0.01	0.0	0.02	6.666666666666667E-5	1.0E-4	1.0E-4	7.604713924957776E-4	0.019239528607504223
1.0	0.05000000000000001	0.05	0.03	0.07	2.666666666666668E-4	2.0000000000000023E-4	3.9999999999999986E-4	0.03152094278499156	0.06847905721500847
2.0	0.10000000000000002	0.12	0.03	0.15	0.0025999999999999994	0.0049000000000000024	0.0014499999999999982	0.042299162339991425	0.1577008376600086
3.0	0.1366666666666667	0.13	0.12	0.16	2.8888888888888893E-4	1.6111111111111163E-4	5.444444444444436E-4	0.11743305411333048	0.15590027922000288
4.0	0.1366666666666667	0.16	0.08	0.17	0.0016222222222222226	0.003211111111111113	8.277777777777771E-4	0.09108915434282841	0.18224417899050496
5.0	0.08	0.06	0.06	0.12	7.999999999999999E-4	4.000000000000002E-4	0.0015999999999999994	0.04799333402763314	0.11200666597236686
6.0	0.05666666666666667	0.05	0.05	0.07	8.88888888888889E-5	4.444444444444446E-5	1.7777777777777784E-4	0.04599777800921105	0.06733555532412229
7.0	0.043333333333333335	0.05	0.03	0.05	8.88888888888889E-5	1.7777777777777784E-4	4.444444444444446E-5	0.032664444675877716	0.054002221990788954
8.0	0.06666666666666667	0.08	0.03	0.09	6.88888888888889E-4	0.0013444444444444445	3.611111111111111E-4	0.036965737637675244	0.09636759569565809
9.0	0.03666666666666667	0.03	0.02	0.06	2.888888888888888E-4	1.611111111111111E-4	5.444444444444443E-4	0.017433054113330466	0.05590027922000287
10.0	0.03333333333333333	0.03	0.02	0.05	1.5555555555555556E-4	9.444444444444444E-5	2.777777777777779E-4	0.01921972025680066	0.047446946409866006
11.0	0.016666666666666666	0.02	0.01	0.02	2.2222222222222223E-5	4.444444444444444E-5	1.1111111111111115E-5	0.011332222337938857	0.022001110995394476
12.0	0.02	0.02	0.01	0.03	6.666666666666666E-5	1.0E-4	9.999999999999996E-5	0.01076047139249578	0.02923952860750422
13.0	0.02	0.02	0.02	0.02	0.0	0.0	0.0	0.02	0.02
14.0	0.01	0.01	0.0	0.02	6.666666666666667E-5	1.0E-4	1.0E-4	7.604713924957776E-4	0.019239528607504223
15.0	0.02	0.02	0.02	0.02	0.0	0.0	0.0	0.02	0.02
16.0	0.006666666666666667	0.01	0.0	0.01	2.2222222222222223E-5	4.444444444444445E-5	1.111111111111111E-5	0.0013322223379388567	0.012001110995394478
17.0	0.013333333333333334	0.01	0.0	0.03	1.5555555555555554E-4	9.444444444444447E-5	2.7777777777777767E-4	-7.802797431993389E-4	0.02744694640986601
18.0	0.013333333333333334	0.01	0.0	0.03	1.555555555555555E-4	9.444444444444447E-5	2.7777777777777767E-4	-7.802797431993372E-4	0.027446946409866006
19.0	0.006666666666666667	0.01	0.0	0.01	2.2222222222222223E-5	4.444444444444445E-5	1.111111111111111E-5	0.0013322223379388567	0.012001110995394478
20.0	0.01	0.0	0.0	0.03	1.9999999999999998E-4	1.0E-4	3.9999999999999986E-4	-0.006003332986183432	0.02600333298618343
21.0	0.0033333333333333335	0.0	0.0	0.01	2.2222222222222223E-5	1.1111111111111113E-5	4.444444444444444E-5	-0.002001110995394477	0.008667777662061144
22.0	0.006666666666666667	0.0	0.0	0.02	8.888888888888889E-5	4.444444444444445E-5	1.7777777777777776E-4	-0.004002221990788954	0.017335555324122287
23.0	0.01	0.01	0.0	0.02	6.666666666666667E-5	1.0E-4	1.0E-4	7.604713924957776E-4	0.019239528607504223
24.0	0.006666666666666667	0.01	0.0	0.01	2.2222222222222223E-5	4.444444444444445E-5	1.111111111111111E-5	0.0013322223379388567	0.012001110995394478
25.0	0.0	0.0	0.0	0.0	0.0	0.0	0.0	0.0	0.0
26.0	0.0033333333333333335	0.0	0.0	0.01	2.2222222222222223E-5	1.1111111111111113E-5	4.444444444444444E-5	-0.002001110995394477	0.008667777662061144
27.0	0.0	0.0	0.0	0.0	0.0	0.0	0.0	0.0	0.0
28.0	0.0033333333333333335	0.0	0.0	0.01	2.2222222222222223E-5	1.1111111111111113E-5	4.444444444444444E-5	-0.002001110995394477	0.008667777662061144
29.0	0.01	0.01	0.01	0.01	0.0	0.0	0.0	0.01	0.01
30.0	0.0033333333333333335	0.0	0.0	0.01	2.2222222222222223E-5	1.1111111111111113E-5	4.444444444444444E-5	-0.002001110995394477	0.008667777662061144
31.0	0.0	0.0	0.0	0.0	0.0	0.0	0.0	0.0	0.0
32.0	0.006666666666666667	0.0	0.0	0.02	8.888888888888889E-5	4.444444444444445E-5	1.7777777777777776E-4	-0.004002221990788954	0.017335555324122287
33.0	0.006666666666666667	0.01	0.0	0.01	2.2222222222222223E-5	4.444444444444445E-5	1.111111111111111E-5	0.0013322223379388567	0.012001110995394478
34.0	0.0	0.0	0.0	0.0	0.0	0.0	0.0	0.0	0.0
35.0	0.0033333333333333335	0.0	0.0	0.01	2.2222222222222223E-5	1.1111111111111113E-5	4.444444444444444E-5	-0.002001110995394477	0.008667777662061144
36.0	0.0033333333333333335	0.0	0.0	0.01	2.2222222222222223E-5	1.1111111111111113E-5	4.444444444444444E-5	-0.002001110995394477	0.008667777662061144
37.0	0.0033333333333333335	0.0	0.0	0.01	2.2222222222222223E-5	1.1111111111111113E-5	4.444444444444444E-5	-0.002001110995394477	0.008667777662061144
38.0	0.0	0.0	0.0	0.0	0.0	0.0	0.0	0.0	0.0
39.0	0.0	0.0	0.0	0.0	0.0	0.0	0.0	0.0	0.0
40.0	0.0	0.0	0.0	0.0	0.0	0.0	0.0	0.0	0.0
41.0	0.0	0.0	0.0	0.0	0.0	0.0	0.0	0.0	0.0
42.0	0.0	0.0	0.0	0.0	0.0	0.0	0.0	0.0	0.0
43.0	0.0	0.0	0.0	0.0	0.0	0.0	0.0	0.0	0.0
44.0	0.0	0.0	0.0	0.0	0.0	0.0	0.0	0.0	0.0
45.0	0.0033333333333333335	0.0	0.0	0.01	2.2222222222222223E-5	1.1111111111111113E-5	4.444444444444444E-5	-0.002001110995394477	0.008667777662061144
46.0	0.0	0.0	0.0	0.0	0.0	0.0	0.0	0.0	0.0
47.0	0.006666666666666667	0.01	0.0	0.01	2.2222222222222223E-5	4.444444444444445E-5	1.111111111111111E-5	0.0013322223379388567	0.012001110995394478
48.0	0.0	0.0	0.0	0.0	0.0	0.0	0.0	0.0	0.0
49.0	0.0	0.0	0.0	0.0	0.0	0.0	0.0	0.0	0.0
50.0	0.0033333333333333335	0.0	0.0	0.01	2.2222222222222223E-5	1.1111111111111113E-5	4.444444444444444E-5	-0.002001110995394477	0.008667777662061144
51.0	0.0	0.0	0.0	0.0	0.0	0.0	0.0	0.0	0.0
52.0	0.0	0.0	0.0	0.0	0.0	0.0	0.0	0.0	0.0
53.0	0.0	0.0	0.0	0.0	0.0	0.0	0.0	0.0	0.0
54.0	0.0033333333333333335	0.0	0.0	0.01	2.2222222222222223E-5	1.1111111111111113E-5	4.444444444444444E-5	-0.002001110995394477	0.008667777662061144
55.0	0.006666666666666667	0.01	0.0	0.01	2.2222222222222223E-5	4.444444444444445E-5	1.111111111111111E-5	0.0013322223379388567	0.012001110995394478
56.0	0.0	0.0	0.0	0.0	0.0	0.0	0.0	0.0	0.0
57.0	0.0	0.0	0.0	0.0	0.0	0.0	0.0	0.0	0.0
58.0	0.0	0.0	0.0	0.0	0.0	0.0	0.0	0.0	0.0
59.0	0.0	0.0	0.0	0.0	0.0	0.0	0.0	0.0	0.0
60.0	0.0	0.0	0.0	0.0	0.0	0.0	0.0	0.0	0.0
61.0	0.0	0.0	0.0	0.0	0.0	0.0	0.0	0.0	0.0
62.0	0.0	0.0	0.0	0.0	0.0	0.0	0.0	0.0	0.0
63.0	0.0033333333333333335	0.0	0.0	0.01	2.2222222222222223E-5	1.1111111111111113E-5	4.444444444444444E-5	-0.002001110995394477	0.008667777662061144
64.0	0.0	0.0	0.0	0.0	0.0	0.0	0.0	0.0	0.0
65.0	0.0	0.0	0.0	0.0	0.0	0.0	0.0	0.0	0.0
66.0	0.0	0.0	0.0	0.0	0.0	0.0	0.0	0.0	0.0
67.0	0.0	0.0	0.0	0.0	0.0	0.0	0.0	0.0	0.0
68.0	0.0	0.0	0.0	0.0	0.0	0.0	0.0	0.0	0.0
69.0	0.0033333333333333335	0.0	0.0	0.01	2.2222222222222223E-5	1.1111111111111113E-5	4.444444444444444E-5	-0.002001110995394477	0.008667777662061144
70.0	0.0	0.0	0.0	0.0	0.0	0.0	0.0	0.0	0.0
71.0	0.0033333333333333335	0.0	0.0	0.01	2.2222222222222223E-5	1.1111111111111113E-5	4.444444444444444E-5	-0.002001110995394477	0.008667777662061144
72.0	0.0	0.0	0.0	0.0	0.0	0.0	0.0	0.0	0.0
73.0	0.0	0.0	0.0	0.0	0.0	0.0	0.0	0.0	0.0
74.0	0.0	0.0	0.0	0.0	0.0	0.0	0.0	0.0	0.0
75.0	0.0	0.0	0.0	0.0	0.0	0.0	0.0	0.0	0.0
76.0	0.0	0.0	0.0	0.0	0.0	0.0	0.0	0.0	0.0
77.0	0.0	0.0	0.0	0.0	0.0	0.0	0.0	0.0	0.0
78.0	0.0	0.0	0.0	0.0	0.0	0.0	0.0	0.0	0.0
79.0	0.0	0.0	0.0	0.0	0.0	0.0	0.0	0.0	0.0
80.0	0.0033333333333333335	0.0	0.0	0.01	2.2222222222222223E-5	1.1111111111111113E-5	4.444444444444444E-5	-0.002001110995394477	0.008667777662061144
81.0	0.0	0.0	0.0	0.0	0.0	0.0	0.0	0.0	0.0
82.0	0.0	0.0	0.0	0.0	0.0	0.0	0.0	0.0	0.0
83.0	0.0	0.0	0.0	0.0	0.0	0.0	0.0	0.0	0.0
84.0	0.0	0.0	0.0	0.0	0.0	0.0	0.0	0.0	0.0
85.0	0.0	0.0	0.0	0.0	0.0	0.0	0.0	0.0	0.0
86.0	0.0	0.0	0.0	0.0	0.0	0.0	0.0	0.0	0.0
87.0	0.0	0.0	0.0	0.0	0.0	0.0	0.0	0.0	0.0
88.0	0.0	0.0	0.0	0.0	0.0	0.0	0.0	0.0	0.0
89.0	0.0	0.0	0.0	0.0	0.0	0.0	0.0	0.0	0.0
90.0	0.0	0.0	0.0	0.0	0.0	0.0	0.0	0.0	0.0
91.0	0.0	0.0	0.0	0.0	0.0	0.0	0.0	0.0	0.0
92.0	0.0033333333333333335	0.0	0.0	0.01	2.2222222222222223E-5	1.1111111111111113E-5	4.444444444444444E-5	-0.002001110995394477	0.008667777662061144
93.0	0.0	0.0	0.0	0.0	0.0	0.0	0.0	0.0	0.0
94.0	0.0	0.0	0.0	0.0	0.0	0.0	0.0	0.0	0.0
95.0	0.0	0.0	0.0	0.0	0.0	0.0	0.0	0.0	0.0
96.0	0.0	0.0	0.0	0.0	0.0	0.0	0.0	0.0	0.0
97.0	0.0	0.0	0.0	0.0	0.0	0.0	0.0	0.0	0.0
98.0	0.0	0.0	0.0	0.0	0.0	0.0	0.0	0.0	0.0
99.0	0.0	0.0	0.0	0.0	0.0	0.0	0.0	0.0	0.0
100.0	0.0	0.0	0.0	0.0	0.0	0.0	0.0	0.0	0.0
101.0	0.0	0.0	0.0	0.0	0.0	0.0	0.0	0.0	0.0
102.0	0.0	0.0	0.0	0.0	0.0	0.0	0.0	0.0	0.0
103.0	0.0	0.0	0.0	0.0	0.0	0.0	0.0	0.0	0.0
104.0	0.0	0.0	0.0	0.0	0.0	0.0	0.0	0.0	0.0
105.0	0.0	0.0	0.0	0.0	0.0	0.0	0.0	0.0	0.0
106.0	0.0	0.0	0.0	0.0	0.0	0.0	0.0	0.0	0.0
107.0	0.0	0.0	0.0	0.0	0.0	0.0	0.0	0.0	0.0
108.0	0.0	0.0	0.0	0.0	0.0	0.0	0.0	0.0	0.0
109.0	0.0	0.0	0.0	0.0	0.0	0.0	0.0	0.0	0.0
110.0	0.0	0.0	0.0	0.0	0.0	0.0	0.0	0.0	0.0
111.0	0.0	0.0	0.0	0.0	0.0	0.0	0.0	0.0	0.0
112.0	0.0	0.0	0.0	0.0	0.0	0.0	0.0	0.0	0.0
113.0	0.0	0.0	0.0	0.0	0.0	0.0	0.0	0.0	0.0
114.0	0.0	0.0	0.0	0.0	0.0	0.0	0.0	0.0	0.0
115.0	0.0	0.0	0.0	0.0	0.0	0.0	0.0	0.0	0.0
116.0	0.0	0.0	0.0	0.0	0.0	0.0	0.0	0.0	0.0
117.0	0.0	0.0	0.0	0.0	0.0	0.0	0.0	0.0	0.0
118.0	0.0	0.0	0.0	0.0	0.0	0.0	0.0	0.0	0.0
119.0	0.0	0.0	0.0	0.0	0.0	0.0	0.0	0.0	0.0
120.0	0.0	0.0	0.0	0.0	0.0	0.0	0.0	0.0	0.0
121.0	0.0	0.0	0.0	0.0	0.0	0.0	0.0	0.0	0.0
122.0	0.0	0.0	0.0	0.0	0.0	0.0	0.0	0.0	0.0
123.0	0.0	0.0	0.0	0.0	0.0	0.0	0.0	0.0	0.0
124.0	0.0	0.0	0.0	0.0	0.0	0.0	0.0	0.0	0.0
125.0	0.0	0.0	0.0	0.0	0.0	0.0	0.0	0.0	0.0
126.0	0.0	0.0	0.0	0.0	0.0	0.0	0.0	0.0	0.0
127.0	0.0	0.0	0.0	0.0	0.0	0.0	0.0	0.0	0.0
128.0	0.0	0.0	0.0	0.0	0.0	0.0	0.0	0.0	0.0
129.0	0.0	0.0	0.0	0.0	0.0	0.0	0.0	0.0	0.0
130.0	0.0	0.0	0.0	0.0	0.0	0.0	0.0	0.0	0.0
131.0	0.0	0.0	0.0	0.0	0.0	0.0	0.0	0.0	0.0
132.0	0.0	0.0	0.0	0.0	0.0	0.0	0.0	0.0	0.0
133.0	0.0	0.0	0.0	0.0	0.0	0.0	0.0	0.0	0.0
134.0	0.0	0.0	0.0	0.0	0.0	0.0	0.0	0.0	0.0
135.0	0.0	0.0	0.0	0.0	0.0	0.0	0.0	0.0	0.0
136.0	0.0	0.0	0.0	0.0	0.0	0.0	0.0	0.0	0.0
137.0	0.0	0.0	0.0	0.0	0.0	0.0	0.0	0.0	0.0
138.0	0.0	0.0	0.0	0.0	0.0	0.0	0.0	0.0	0.0
139.0	0.0	0.0	0.0	0.0	0.0	0.0	0.0	0.0	0.0
140.0	0.0	0.0	0.0	0.0	0.0	0.0	0.0	0.0	0.0
141.0	0.0	0.0	0.0	0.0	0.0	0.0	0.0	0.0	0.0
142.0	0.0	0.0	0.0	0.0	0.0	0.0	0.0	0.0	0.0
143.0	0.0	0.0	0.0	0.0	0.0	0.0	0.0	0.0	0.0
144.0	0.0	0.0	0.0	0.0	0.0	0.0	0.0	0.0	0.0
145.0	0.0	0.0	0.0	0.0	0.0	0.0	0.0	0.0	0.0
146.0	0.0	0.0	0.0	0.0	0.0	0.0	0.0	0.0	0.0
147.0	0.0	0.0	0.0	0.0	0.0	0.0	0.0	0.0	0.0
148.0	0.0	0.0	0.0	0.0	0.0	0.0	0.0	0.0	0.0
149.0	0.0	0.0	0.0	0.0	0.0	0.0	0.0	0.0	0.0
150.0	0.0	0.0	0.0	0.0	0.0	0.0	0.0	0.0	0.0
151.0	0.0	0.0	0.0	0.0	0.0	0.0	0.0	0.0	0.0
152.0	0.0	0.0	0.0	0.0	0.0	0.0	0.0	0.0	0.0
153.0	0.0	0.0	0.0	0.0	0.0	0.0	0.0	0.0	0.0
154.0	0.0	0.0	0.0	0.0	0.0	0.0	0.0	0.0	0.0
155.0	0.0	0.0	0.0	0.0	0.0	0.0	0.0	0.0	0.0
156.0	0.0	0.0	0.0	0.0	0.0	0.0	0.0	0.0	0.0
157.0	0.0	0.0	0.0	0.0	0.0	0.0	0.0	0.0	0.0
158.0	0.0	0.0	0.0	0.0	0.0	0.0	0.0	0.0	0.0
159.0	0.0	0.0	0.0	0.0	0.0	0.0	0.0	0.0	0.0
160.0	0.0	0.0	0.0	0.0	0.0	0.0	0.0	0.0	0.0
161.0	0.0	0.0	0.0	0.0	0.0	0.0	0.0	0.0	0.0
162.0	0.0	0.0	0.0	0.0	0.0	0.0	0.0	0.0	0.0
163.0	0.0	0.0	0.0	0.0	0.0	0.0	0.0	0.0	0.0
164.0	0.0	0.0	0.0	0.0	0.0	0.0	0.0	0.0	0.0
165.0	0.0	0.0	0.0	0.0	0.0	0.0	0.0	0.0	0.0
166.0	0.0	0.0	0.0	0.0	0.0	0.0	0.0	0.0	0.0
167.0	0.0	0.0	0.0	0.0	0.0	0.0	0.0	0.0	0.0
168.0	0.0	0.0	0.0	0.0	0.0	0.0	0.0	0.0	0.0
169.0	0.0	0.0	0.0	0.0	0.0	0.0	0.0	0.0	0.0
170.0	0.0	0.0	0.0	0.0	0.0	0.0	0.0	0.0	0.0
171.0	0.0	0.0	0.0	0.0	0.0	0.0	0.0	0.0	0.0
172.0	0.0	0.0	0.0	0.0	0.0	0.0	0.0	0.0	0.0
173.0	0.0	0.0	0.0	0.0	0.0	0.0	0.0	0.0	0.0
174.0	0.0	0.0	0.0	0.0	0.0	0.0	0.0	0.0	0.0
175.0	0.0	0.0	0.0	0.0	0.0	0.0	0.0	0.0	0.0
176.0	0.0	0.0	0.0	0.0	0.0	0.0	0.0	0.0	0.0
177.0	0.0	0.0	0.0	0.0	0.0	0.0	0.0	0.0	0.0
178.0	0.0	0.0	0.0	0.0	0.0	0.0	0.0	0.0	0.0
179.0	0.0	0.0	0.0	0.0	0.0	0.0	0.0	0.0	0.0
180.0	0.0	0.0	0.0	0.0	0.0	0.0	0.0	0.0	0.0
181.0	0.0	0.0	0.0	0.0	0.0	0.0	0.0	0.0	0.0
182.0	0.0	0.0	0.0	0.0	0.0	0.0	0.0	0.0	0.0
183.0	0.0	0.0	0.0	0.0	0.0	0.0	0.0	0.0	0.0
184.0	0.0	0.0	0.0	0.0	0.0	0.0	0.0	0.0	0.0
185.0	0.0	0.0	0.0	0.0	0.0	0.0	0.0	0.0	0.0
186.0	0.0	0.0	0.0	0.0	0.0	0.0	0.0	0.0	0.0
187.0	0.0	0.0	0.0	0.0	0.0	0.0	0.0	0.0	0.0
188.0	0.0	0.0	0.0	0.0	0.0	0.0	0.0	0.0	0.0
189.0	0.0	0.0	0.0	0.0	0.0	0.0	0.0	0.0	0.0
190.0	0.0	0.0	0.0	0.0	0.0	0.0	0.0	0.0	0.0
191.0	0.0	0.0	0.0	0.0	0.0	0.0	0.0	0.0	0.0
192.0	0.0	0.0	0.0	0.0	0.0	0.0	0.0	0.0	0.0
193.0	0.0	0.0	0.0	0.0	0.0	0.0	0.0	0.0	0.0
194.0	0.0	0.0	0.0	0.0	0.0	0.0	0.0	0.0	0.0
195.0	0.0	0.0	0.0	0.0	0.0	0.0	0.0	0.0	0.0
196.0	0.0	0.0	0.0	0.0	0.0	0.0	0.0	0.0	0.0
197.0	0.0	0.0	0.0	0.0	0.0	0.0	0.0	0.0	0.0
198.0	0.0	0.0	0.0	0.0	0.0	0.0	0.0	0.0	0.0
199.0	0.0	0.0	0.0	0.0	0.0	0.0	0.0	0.0	0.0
200.0	0.0	0.0	0.0	0.0	0.0	0.0	0.0	0.0	0.0
201.0	0.0	0.0	0.0	0.0	0.0	0.0	0.0	0.0	0.0
202.0	0.0	0.0	0.0	0.0	0.0	0.0	0.0	0.0	0.0
203.0	0.0	0.0	0.0	0.0	0.0	0.0	0.0	0.0	0.0
204.0	0.0	0.0	0.0	0.0	0.0	0.0	0.0	0.0	0.0
205.0	0.0	0.0	0.0	0.0	0.0	0.0	0.0	0.0	0.0
206.0	0.0	0.0	0.0	0.0	0.0	0.0	0.0	0.0	0.0
207.0	0.0	0.0	0.0	0.0	0.0	0.0	0.0	0.0	0.0
208.0	0.0	0.0	0.0	0.0	0.0	0.0	0.0	0.0	0.0
209.0	0.0	0.0	0.0	0.0	0.0	0.0	0.0	0.0	0.0
210.0	0.0	0.0	0.0	0.0	0.0	0.0	0.0	0.0	0.0
211.0	0.0	0.0	0.0	0.0	0.0	0.0	0.0	0.0	0.0
212.0	0.0	0.0	0.0	0.0	0.0	0.0	0.0	0.0	0.0
213.0	0.0	0.0	0.0	0.0	0.0	0.0	0.0	0.0	0.0
214.0	0.0	0.0	0.0	0.0	0.0	0.0	0.0	0.0	0.0
215.0	0.0	0.0	0.0	0.0	0.0	0.0	0.0	0.0	0.0
216.0	0.0033333333333333335	0.0	0.0	0.01	2.2222222222222223E-5	1.1111111111111113E-5	4.444444444444444E-5	-0.002001110995394477	0.008667777662061144
