0.0	0.0	0.0	0.0	0.0	0.0	0.0	0.0	0.0	0.0
1.0	0.0014752748563906664	0.0014093013891685123	0.0013057452792286058	0.0017107779007748817	2.951815327476446E-8	1.654638795502986E-8	5.5461683914233655E-8	0.0012808552606530495	0.0016696944521282834
2.0	0.11439014485980149	0.11321324343363189	0.11153613851419368	0.11842105263157894	8.592888884088515E-6	4.765224593844858E-6	1.6248217464575828E-5	0.11107299538386514	0.11770729433573784
3.0	0.3360685632026496	0.3390920048212133	0.32756190859673845	0.341551776189997	3.718999882324924E-5	7.23631725842695E-5	1.960341194273911E-5	0.3291676188354055	0.3429695075698937
4.0	0.27606255797318213	0.2775317092812563	0.27008838891120934	0.28056757572708063	1.9381428836663198E-5	3.569069598103284E-5	1.1226795264478376E-5	0.2710807344442948	0.28104438150206945
5.0	0.1404731826339705	0.13877427795109187	0.1371048922891081	0.14554037766171152	1.3302707472654484E-5	7.115828484400026E-6	2.56764654491634E-5	0.13634588807914205	0.14460047718879893
6.0	0.0656116247541803	0.06669345118521494	0.05836771661467244	0.07177370646265352	3.053860151413788E-5	5.247420513362818E-5	1.9570799704392727E-5	0.05935816993366409	0.0718650795746965
7.0	0.025347444873277936	0.02400562474889514	0.022441380698399918	0.029595329172538754	9.430070418204895E-6	5.12284511735406E-6	1.804452101990657E-5	0.02187246005227627	0.028822429694279603
8.0	0.011398577828346024	0.011472275334608031	0.01067042480370445	0.012053033346725592	3.213167250871269E-7	5.302068272946726E-7	2.168716739833541E-7	0.010757128861528267	0.01204002679516378
9.0	0.007041477053083928	0.0072456475797524405	0.005825632784250703	0.008053150795248641	8.478155502000839E-7	1.4782772860545983E-6	5.325846822728267E-7	0.005999528842974833	0.008083425263193023
10.0	0.0038225092409792266	0.0036228237898762203	0.0032141422257934912	0.004630561707267968	3.5431116427450997E-7	2.0499235227410592E-7	6.52948788275318E-7	0.0031489312898661777	0.004496087192092275
11.0	0.0025483642095844358	0.00241521585991748	0.002109280835676979	0.0031205959331588482	1.793239459086441E-7	1.0526134613049475E-7	3.2744914546494285E-7	0.002069166661384445	0.0030275617577844266
12.0	0.001978546129798074	0.0022139478715910233	0.0013057452792286058	0.0024159452385745924	2.3313098164154896E-7	4.526609845269999E-7	1.2336598019882344E-7	0.001432165316605732	0.002524926942990416
13.0	0.0018110586118173491	0.002214616468693376	9.039775010044194E-4	0.0023145818657542517	4.130635842317323E-7	8.227961415936184E-7	2.0819730555078925E-7	0.0010837748374934101	0.002538342386141288
14.0	9.052007104613957E-4	9.039775010044194E-4	7.046506945842561E-4	0.0011069739357955116	2.6978079857142832E-8	2.0110902554848276E-8	4.071243446173195E-8	7.193342785098461E-4	0.0010910671424129452
15.0	7.711298241302927E-4	7.030936118923262E-4	5.033219247030401E-4	0.0011069739357955116	6.304708817050904E-8	3.8174998585663536E-8	1.1279126734020003E-7	4.8699271291117985E-4	0.0010552669353494056
16.0	9.055714444356648E-4	0.0011069739357955116	4.017677782241864E-4	0.0012079726192872962	1.2860918938857563E-7	2.538181340881267E-7	6.600471703880008E-8	4.997533152385444E-4	0.0013113895736327852
17.0	6.70411552913084E-4	8.035355564483728E-4	3.0199315482182406E-4	9.057059474690551E-4	6.960585615961821E-8	1.357321160521301E-7	3.654272621336228E-8	3.718606878873795E-4	9.689624179387885E-4
18.0	4.023204315465106E-4	4.0253597665291336E-4	4.017677782241864E-4	4.026575397624321E-4	1.5517577893730283E-13	3.054256946759862E-13	8.005082106796113E-14	4.018746650634108E-4	4.0276619802961044E-4
19.0	5.366036280030485E-4	5.031699708161417E-4	3.013258336681398E-4	8.053150795248641E-4	4.289309803965077E-8	2.8236724969995603E-8	7.220584417896108E-8	3.022405724467013E-4	7.709666835593957E-4
20.0	3.0166617686502915E-4	3.01901982489685E-4	2.0132876988121604E-4	4.017677782241864E-4	6.6959938130652E-9	1.006759524023535E-8	5.0101930994801255E-9	2.0906788704591985E-4	3.9426446668413846E-4
21.0	4.0245859487709167E-4	5.031699708161417E-4	2.008838891120932E-4	5.033219247030401E-4	2.0316184850453475E-8	4.0632362004245705E-8	1.0158096273557362E-8	2.411652227033803E-4	5.637519670508031E-4
22.0	4.359829990799147E-4	3.0199315482182406E-4	2.008838891120932E-4	8.050719533058267E-4	6.981717533451553E-8	3.66124349359846E-8	1.362266561315774E-7	1.3697928630192094E-4	7.349867118579084E-4
23.0	2.3477902728918522E-4	3.01901982489685E-4	1.004419445560466E-4	3.0199315482182406E-4	9.023227284024092E-9	1.804645179725013E-8	4.511615027411071E-9	1.272869656686374E-4	3.4227108890973304E-4
24.0	2.0107593871927494E-4	3.013258336681398E-4	0.0	3.01901982489685E-4	2.0215821890496232E-8	4.043153313183761E-8	1.0107966269825544E-8	4.018145841771175E-5	3.6197041902083813E-4
25.0	2.3477902728918522E-4	3.01901982489685E-4	1.004419445560466E-4	3.0199315482182406E-4	9.023227284024092E-9	1.804645179725013E-8	4.511615027411071E-9	1.272869656686374E-4	3.4227108890973304E-4
26.0	1.341146423485772E-4	1.004419445560466E-4	0.0	3.01901982489685E-4	1.5757726460180563E-8	9.560293934456937E-9	2.815259151162781E-8	-7.9356796848835E-6	2.761649643820379E-4
27.0	1.675414042573254E-4	1.0066438494060802E-4	1.0063399416322834E-4	3.013258336681398E-4	8.949136930321818E-9	4.4745686190941345E-9	1.7898273552777182E-8	6.0491564725257755E-5	2.7459124378939305E-4
28.0	1.6765930706965333E-4	1.004419445560466E-4	0.0	4.0253597665291336E-4	2.9264955661628615E-8	1.6313908535180966E-8	5.516704991452391E-8	-2.5924657202280882E-5	3.6124327134158757E-4
29.0	2.010860689784015E-4	2.0126798832645668E-4	1.0066438494060802E-4	3.013258336681398E-4	6.710852714896576E-9	1.0084514624986426E-8	5.024021759851652E-9	1.0838509489228113E-4	2.937870430645219E-4
30.0	0.0	0.0	0.0	0.0	0.0	0.0	0.0	0.0	0.0
31.0	1.341146423485772E-4	1.004419445560466E-4	0.0	3.01901982489685E-4	1.5757726460180563E-8	9.560293934456937E-9	2.815259151162781E-8	-7.9356796848835E-6	2.761649643820379E-4
32.0	1.004419445560466E-4	0.0	0.0	3.013258336681398E-4	2.017716845239988E-8	1.008858422619994E-8	4.035433690479976E-8	-6.0298643894972196E-5	2.611825330070654E-4
33.0	2.3471501075345797E-4	2.0126798832645668E-4	2.008838891120932E-4	3.0199315482182406E-4	2.2631989233429896E-9	1.1316240503725734E-9	4.526348669283822E-9	1.8088099119978904E-4	2.885490303071269E-4
34.0	1.0065425468148146E-4	1.0063399416322834E-4	0.0	2.0132876988121604E-4	6.755545802224907E-9	5.065639697986566E-9	1.0135358010701589E-8	7.645106827041542E-6	1.9366340253592138E-4
35.0	1.3417865888430445E-4	0.0	0.0	4.0253597665291336E-4	3.6007824999981075E-8	1.800391249999053E-8	7.201564999996216E-8	-8.055191689219996E-5	3.4890923466080885E-4
36.0	0.0	0.0	0.0	0.0	0.0	0.0	0.0	0.0	0.0
37.0	3.354466472107611E-5	0.0	0.0	1.0063399416322834E-4	2.250489062498817E-9	1.1252445312494082E-9	4.500978124997635E-9	-2.013797922304999E-5	8.722730866520221E-5
38.0	1.3420904966168412E-4	1.0063399416322834E-4	0.0	3.0199315482182406E-4	1.576361976906856E-8	9.56967668140839E-9	2.8151505944388896E-8	-7.867832934622151E-6	2.762859322579904E-4
39.0	6.709945970127878E-5	1.0063399416322834E-4	0.0	1.0066438494060802E-4	2.2511689000349925E-9	4.502337492203535E-9	1.1255846039507217E-9	1.3408708025984248E-5	1.2079021137657332E-4
40.0	1.6762568131130576E-4	2.008838891120932E-4	0.0	3.0199315482182406E-4	1.5753031786266544E-8	2.8098369035079442E-8	9.580363161860097E-9	2.5596521265300228E-5	3.096548413573113E-4
41.0	3.354466472107611E-5	0.0	0.0	1.0063399416322834E-4	2.250489062498817E-9	1.1252445312494082E-9	4.500978124997635E-9	-2.013797922304999E-5	8.722730866520221E-5
42.0	6.702531290642498E-5	1.004419445560466E-4	0.0	1.0063399416322834E-4	2.2462024322773596E-9	4.4923925702041785E-9	1.12310736331395E-9	1.339381947257057E-5	1.2065680634027938E-4
43.0	6.709945970127878E-5	1.0063399416322834E-4	0.0	1.0066438494060802E-4	2.2511689000349925E-9	4.502337492203535E-9	1.1255846039507217E-9	1.3408708025984248E-5	1.2079021137657332E-4
44.0	3.354466472107611E-5	0.0	0.0	1.0063399416322834E-4	2.250489062498817E-9	1.1252445312494082E-9	4.500978124997635E-9	-2.013797922304999E-5	8.722730866520221E-5
45.0	1.0058010788662765E-4	1.0063399416322834E-4	1.004419445560466E-4	1.0066438494060802E-4	9.698486183581427E-15	1.908910591724914E-14	5.003176316747571E-15	1.004686662658527E-4	1.0069154950740261E-4
46.0	3.355479498020267E-5	0.0	0.0	1.0066438494060802E-4	2.2518485323268695E-9	1.1259242661634343E-9	4.503697064653739E-9	-2.0144060754927296E-5	8.725365071533264E-5
47.0	1.34188789143431E-4	1.0066438494060802E-4	0.0	3.01901982489685E-4	1.5752744010444145E-8	9.565258404467222E-9	2.8127715222397984E-8	-7.839073604836626E-6	2.7621665189169863E-4
48.0	1.0058010788662765E-4	1.0063399416322834E-4	1.004419445560466E-4	1.0066438494060802E-4	9.698486183581427E-15	1.908910591724914E-14	5.003176316747571E-15	1.004686662658527E-4	1.0069154950740261E-4
49.0	0.0	0.0	0.0	0.0	0.0	0.0	0.0	0.0	0.0
50.0	1.3419891940255756E-4	2.0126798832645668E-4	0.0	2.0132876988121604E-4	9.00467560013997E-9	1.800934996881414E-8	4.502338415802887E-9	2.6817416051968496E-5	2.4158042275314665E-4
51.0	6.703544316555154E-5	1.004419445560466E-4	0.0	1.0066438494060802E-4	2.246883566821726E-9	4.49375064040189E-9	1.123450030031644E-9	1.3395818787354083E-5	1.2067506754374899E-4
52.0	6.710958996040534E-5	0.0	0.0	2.0132876988121604E-4	9.007394129307478E-9	4.503697064653737E-9	1.8014788258614956E-8	-4.028812150985459E-5	1.7450730143066527E-4
53.0	0.0	0.0	0.0	0.0	0.0	0.0	0.0	0.0	0.0
54.0	1.0058010788662765E-4	1.0063399416322834E-4	1.004419445560466E-4	1.0066438494060802E-4	9.698486183581427E-15	1.908910591724914E-14	5.003176316747571E-15	1.004686662658527E-4	1.0069154950740261E-4
55.0	3.355479498020267E-5	0.0	0.0	1.0066438494060802E-4	2.2518485323268695E-9	1.1259242661634343E-9	4.503697064653739E-9	-2.0144060754927296E-5	8.725365071533264E-5
56.0	3.354466472107611E-5	0.0	0.0	1.0063399416322834E-4	2.250489062498817E-9	1.1252445312494082E-9	4.500978124997635E-9	-2.013797922304999E-5	8.722730866520221E-5
57.0	6.703544316555154E-5	1.004419445560466E-4	0.0	1.0066438494060802E-4	2.246883566821726E-9	4.49375064040189E-9	1.123450030031644E-9	1.3395818787354083E-5	1.2067506754374899E-4
58.0	6.703544316555154E-5	1.004419445560466E-4	0.0	1.0066438494060802E-4	2.246883566821726E-9	4.49375064040189E-9	1.123450030031644E-9	1.3395818787354083E-5	1.2067506754374899E-4
59.0	3.355479498020267E-5	0.0	0.0	1.0066438494060802E-4	2.2518485323268695E-9	1.1259242661634343E-9	4.503697064653739E-9	-2.0144060754927296E-5	8.725365071533264E-5
60.0	3.354466472107611E-5	0.0	0.0	1.0063399416322834E-4	2.250489062498817E-9	1.1252445312494082E-9	4.500978124997635E-9	-2.013797922304999E-5	8.722730866520221E-5
61.0	1.005699776275011E-4	1.004419445560466E-4	0.0	2.0126798832645668E-4	6.751475383730144E-9	5.057168396231728E-9	1.0140089358726974E-8	7.588854392481456E-6	1.9355110086252073E-4
62.0	0.0	0.0	0.0	0.0	0.0	0.0	0.0	0.0	0.0
63.0	1.0065425468148146E-4	1.0063399416322834E-4	0.0	2.0132876988121604E-4	6.755545802224907E-9	5.065639697986566E-9	1.0135358010701589E-8	7.645106827041542E-6	1.9366340253592138E-4
64.0	3.3480648185348865E-5	0.0	0.0	1.004419445560466E-4	2.241907605822209E-9	1.1209538029111043E-9	4.483815211644419E-9	-2.009954796499073E-5	8.706084433568847E-5
65.0	3.355479498020267E-5	0.0	0.0	1.0066438494060802E-4	2.2518485323268695E-9	1.1259242661634343E-9	4.503697064653739E-9	-2.0144060754927296E-5	8.725365071533264E-5
66.0	6.708932944215222E-5	0.0	0.0	2.0126798832645668E-4	9.001956249995269E-9	4.500978124997633E-9	1.800391249999054E-8	-4.027595844609998E-5	1.7445461733040443E-4
67.0	1.0058010788662765E-4	1.0063399416322834E-4	1.004419445560466E-4	1.0066438494060802E-4	9.698486183581427E-15	1.908910591724914E-14	5.003176316747571E-15	1.004686662658527E-4	1.0069154950740261E-4
68.0	6.703544316555154E-5	1.004419445560466E-4	0.0	1.0066438494060802E-4	2.246883566821726E-9	4.49375064040189E-9	1.123450030031644E-9	1.3395818787354083E-5	1.2067506754374899E-4
69.0	3.355479498020267E-5	0.0	0.0	1.0066438494060802E-4	2.2518485323268695E-9	1.1259242661634343E-9	4.503697064653739E-9	-2.0144060754927296E-5	8.725365071533264E-5
70.0	1.0059023814575421E-4	1.004419445560466E-4	0.0	2.0132876988121604E-4	6.75555659247498E-9	5.059209000604147E-9	1.0148251776216648E-8	7.581016012226166E-6	1.9359946027928227E-4
71.0	3.354466472107611E-5	0.0	0.0	1.0063399416322834E-4	2.250489062498817E-9	1.1252445312494082E-9	4.500978124997635E-9	-2.013797922304999E-5	8.722730866520221E-5
72.0	0.0	0.0	0.0	0.0	0.0	0.0	0.0	0.0	0.0
73.0	1.0058010788662765E-4	1.0063399416322834E-4	1.004419445560466E-4	1.0066438494060802E-4	9.698486183581427E-15	1.908910591724914E-14	5.003176316747571E-15	1.004686662658527E-4	1.0069154950740261E-4
74.0	0.0	0.0	0.0	0.0	0.0	0.0	0.0	0.0	0.0
75.0	3.354466472107611E-5	0.0	0.0	1.0063399416322834E-4	2.250489062498817E-9	1.1252445312494082E-9	4.500978124997635E-9	-2.013797922304999E-5	8.722730866520221E-5
76.0	0.0	0.0	0.0	0.0	0.0	0.0	0.0	0.0	0.0
77.0	3.3480648185348865E-5	0.0	0.0	1.004419445560466E-4	2.241907605822209E-9	1.1209538029111043E-9	4.483815211644419E-9	-2.009954796499073E-5	8.706084433568847E-5
78.0	6.709945970127878E-5	1.0063399416322834E-4	0.0	1.0066438494060802E-4	2.2511689000349925E-9	4.502337492203535E-9	1.1255846039507217E-9	1.3408708025984248E-5	1.2079021137657332E-4
79.0	1.0059023814575421E-4	1.004419445560466E-4	0.0	2.0132876988121604E-4	6.75555659247498E-9	5.059209000604147E-9	1.0148251776216648E-8	7.581016012226166E-6	1.9359946027928227E-4
80.0	6.703544316555154E-5	1.004419445560466E-4	0.0	1.0066438494060802E-4	2.246883566821726E-9	4.49375064040189E-9	1.123450030031644E-9	1.3395818787354083E-5	1.2067506754374899E-4
81.0	3.355479498020267E-5	0.0	0.0	1.0066438494060802E-4	2.2518485323268695E-9	1.1259242661634343E-9	4.503697064653739E-9	-2.0144060754927296E-5	8.725365071533264E-5
82.0	0.0	0.0	0.0	0.0	0.0	0.0	0.0	0.0	0.0
83.0	1.3419891940255756E-4	2.0126798832645668E-4	0.0	2.0132876988121604E-4	9.00467560013997E-9	1.800934996881414E-8	4.502338415802887E-9	2.6817416051968496E-5	2.4158042275314665E-4
84.0	1.0059023814575421E-4	1.004419445560466E-4	0.0	2.0132876988121604E-4	6.75555659247498E-9	5.059209000604147E-9	1.0148251776216648E-8	7.581016012226166E-6	1.9359946027928227E-4
85.0	6.709945970127878E-5	1.0063399416322834E-4	0.0	1.0066438494060802E-4	2.2511689000349925E-9	4.502337492203535E-9	1.1255846039507217E-9	1.3408708025984248E-5	1.2079021137657332E-4
86.0	6.709945970127878E-5	1.0063399416322834E-4	0.0	1.0066438494060802E-4	2.2511689000349925E-9	4.502337492203535E-9	1.1255846039507217E-9	1.3408708025984248E-5	1.2079021137657332E-4
87.0	3.355479498020267E-5	0.0	0.0	1.0066438494060802E-4	2.2518485323268695E-9	1.1259242661634343E-9	4.503697064653739E-9	-2.0144060754927296E-5	8.725365071533264E-5
88.0	3.354466472107611E-5	0.0	0.0	1.0063399416322834E-4	2.250489062498817E-9	1.1252445312494082E-9	4.500978124997635E-9	-2.013797922304999E-5	8.722730866520221E-5
89.0	6.703544316555154E-5	1.004419445560466E-4	0.0	1.0066438494060802E-4	2.246883566821726E-9	4.49375064040189E-9	1.123450030031644E-9	1.3395818787354083E-5	1.2067506754374899E-4
90.0	0.0	0.0	0.0	0.0	0.0	0.0	0.0	0.0	0.0
91.0	3.355479498020267E-5	0.0	0.0	1.0066438494060802E-4	2.2518485323268695E-9	1.1259242661634343E-9	4.503697064653739E-9	-2.0144060754927296E-5	8.725365071533264E-5
92.0	1.34188789143431E-4	1.0066438494060802E-4	0.0	3.01901982489685E-4	1.5752744010444145E-8	9.565258404467222E-9	2.8127715222397984E-8	-7.839073604836626E-6	2.7621665189169863E-4
93.0	1.005699776275011E-4	1.004419445560466E-4	0.0	2.0126798832645668E-4	6.751475383730144E-9	5.057168396231728E-9	1.0140089358726974E-8	7.588854392481456E-6	1.9355110086252073E-4
94.0	0.0	0.0	0.0	0.0	0.0	0.0	0.0	0.0	0.0
95.0	3.355479498020267E-5	0.0	0.0	1.0066438494060802E-4	2.2518485323268695E-9	1.1259242661634343E-9	4.503697064653739E-9	-2.0144060754927296E-5	8.725365071533264E-5
96.0	3.354466472107611E-5	0.0	0.0	1.0063399416322834E-4	2.250489062498817E-9	1.1252445312494082E-9	4.500978124997635E-9	-2.013797922304999E-5	8.722730866520221E-5
97.0	1.3413490286683032E-4	1.0063399416322834E-4	1.004419445560466E-4	2.0132876988121604E-4	2.2575140293487458E-9	1.1287631618496422E-9	4.515015764346953E-9	8.03685382412699E-5	1.8790126749239073E-4
98.0	1.0051609135090041E-4	1.0066438494060802E-4	0.0	2.008838891120932E-4	6.725733812961001E-9	1.0103484620462556E-8	5.036858409210223E-9	7.712393479405752E-6	1.9331978922239508E-4
99.0	0.0	0.0	0.0	0.0	0.0	0.0	0.0	0.0	0.0
100.0	0.0	0.0	0.0	0.0	0.0	0.0	0.0	0.0	0.0
101.0	0.0	0.0	0.0	0.0	0.0	0.0	0.0	0.0	0.0
102.0	0.0	0.0	0.0	0.0	0.0	0.0	0.0	0.0	0.0
103.0	1.0059023814575421E-4	1.004419445560466E-4	0.0	2.0132876988121604E-4	6.75555659247498E-9	5.059209000604147E-9	1.0148251776216648E-8	7.581016012226166E-6	1.9359946027928227E-4
104.0	6.709945970127878E-5	1.0063399416322834E-4	0.0	1.0066438494060802E-4	2.2511689000349925E-9	4.502337492203535E-9	1.1255846039507217E-9	1.3408708025984248E-5	1.2079021137657332E-4
105.0	6.696129637069773E-5	0.0	0.0	2.008838891120932E-4	8.967630423288836E-9	4.483815211644417E-9	1.7935260846577675E-8	-4.019909592998146E-5	1.7412168867137693E-4
106.0	0.0	0.0	0.0	0.0	0.0	0.0	0.0	0.0	0.0
107.0	0.0	0.0	0.0	0.0	0.0	0.0	0.0	0.0	0.0
108.0	0.0	0.0	0.0	0.0	0.0	0.0	0.0	0.0	0.0
109.0	6.709945970127878E-5	1.0063399416322834E-4	0.0	1.0066438494060802E-4	2.2511689000349925E-9	4.502337492203535E-9	1.1255846039507217E-9	1.3408708025984248E-5	1.2079021137657332E-4
110.0	1.0059023814575421E-4	1.004419445560466E-4	0.0	2.0132876988121604E-4	6.75555659247498E-9	5.059209000604147E-9	1.0148251776216648E-8	7.581016012226166E-6	1.9359946027928227E-4
111.0	0.0	0.0	0.0	0.0	0.0	0.0	0.0	0.0	0.0
112.0	0.0	0.0	0.0	0.0	0.0	0.0	0.0	0.0	0.0
113.0	0.0	0.0	0.0	0.0	0.0	0.0	0.0	0.0	0.0
114.0	6.703544316555154E-5	1.004419445560466E-4	0.0	1.0066438494060802E-4	2.246883566821726E-9	4.49375064040189E-9	1.123450030031644E-9	1.3395818787354083E-5	1.2067506754374899E-4
115.0	0.0	0.0	0.0	0.0	0.0	0.0	0.0	0.0	0.0
116.0	0.0	0.0	0.0	0.0	0.0	0.0	0.0	0.0	0.0
117.0	3.355479498020267E-5	0.0	0.0	1.0066438494060802E-4	2.2518485323268695E-9	1.1259242661634343E-9	4.503697064653739E-9	-2.0144060754927296E-5	8.725365071533264E-5
118.0	0.0	0.0	0.0	0.0	0.0	0.0	0.0	0.0	0.0
119.0	3.3480648185348865E-5	0.0	0.0	1.004419445560466E-4	2.241907605822209E-9	1.1209538029111043E-9	4.483815211644419E-9	-2.009954796499073E-5	8.706084433568847E-5
120.0	3.354466472107611E-5	0.0	0.0	1.0063399416322834E-4	2.250489062498817E-9	1.1252445312494082E-9	4.500978124997635E-9	-2.013797922304999E-5	8.722730866520221E-5
121.0	3.355479498020267E-5	0.0	0.0	1.0066438494060802E-4	2.2518485323268695E-9	1.1259242661634343E-9	4.503697064653739E-9	-2.0144060754927296E-5	8.725365071533264E-5
122.0	0.0	0.0	0.0	0.0	0.0	0.0	0.0	0.0	0.0
123.0	0.0	0.0	0.0	0.0	0.0	0.0	0.0	0.0	0.0
124.0	0.0	0.0	0.0	0.0	0.0	0.0	0.0	0.0	0.0
125.0	0.0	0.0	0.0	0.0	0.0	0.0	0.0	0.0	0.0
126.0	0.0	0.0	0.0	0.0	0.0	0.0	0.0	0.0	0.0
127.0	0.0	0.0	0.0	0.0	0.0	0.0	0.0	0.0	0.0
128.0	0.0	0.0	0.0	0.0	0.0	0.0	0.0	0.0	0.0
129.0	0.0	0.0	0.0	0.0	0.0	0.0	0.0	0.0	0.0
130.0	3.354466472107611E-5	0.0	0.0	1.0063399416322834E-4	2.250489062498817E-9	1.1252445312494082E-9	4.500978124997635E-9	-2.013797922304999E-5	8.722730866520221E-5
131.0	6.709945970127878E-5	1.0063399416322834E-4	0.0	1.0066438494060802E-4	2.2511689000349925E-9	4.502337492203535E-9	1.1255846039507217E-9	1.3408708025984248E-5	1.2079021137657332E-4
132.0	0.0	0.0	0.0	0.0	0.0	0.0	0.0	0.0	0.0
133.0	0.0	0.0	0.0	0.0	0.0	0.0	0.0	0.0	0.0
134.0	0.0	0.0	0.0	0.0	0.0	0.0	0.0	0.0	0.0
135.0	0.0	0.0	0.0	0.0	0.0	0.0	0.0	0.0	0.0
136.0	3.355479498020267E-5	0.0	0.0	1.0066438494060802E-4	2.2518485323268695E-9	1.1259242661634343E-9	4.503697064653739E-9	-2.0144060754927296E-5	8.725365071533264E-5
137.0	0.0	0.0	0.0	0.0	0.0	0.0	0.0	0.0	0.0
138.0	0.0	0.0	0.0	0.0	0.0	0.0	0.0	0.0	0.0
139.0	0.0	0.0	0.0	0.0	0.0	0.0	0.0	0.0	0.0
140.0	0.0	0.0	0.0	0.0	0.0	0.0	0.0	0.0	0.0
141.0	3.3480648185348865E-5	0.0	0.0	1.004419445560466E-4	2.241907605822209E-9	1.1209538029111043E-9	4.483815211644419E-9	-2.009954796499073E-5	8.706084433568847E-5
142.0	0.0	0.0	0.0	0.0	0.0	0.0	0.0	0.0	0.0
143.0	0.0	0.0	0.0	0.0	0.0	0.0	0.0	0.0	0.0
144.0	0.0	0.0	0.0	0.0	0.0	0.0	0.0	0.0	0.0
145.0	0.0	0.0	0.0	0.0	0.0	0.0	0.0	0.0	0.0
146.0	0.0	0.0	0.0	0.0	0.0	0.0	0.0	0.0	0.0
147.0	0.0	0.0	0.0	0.0	0.0	0.0	0.0	0.0	0.0
148.0	0.0	0.0	0.0	0.0	0.0	0.0	0.0	0.0	0.0
149.0	0.0	0.0	0.0	0.0	0.0	0.0	0.0	0.0	0.0
150.0	0.0	0.0	0.0	0.0	0.0	0.0	0.0	0.0	0.0
151.0	0.0	0.0	0.0	0.0	0.0	0.0	0.0	0.0	0.0
152.0	0.0	0.0	0.0	0.0	0.0	0.0	0.0	0.0	0.0
153.0	0.0	0.0	0.0	0.0	0.0	0.0	0.0	0.0	0.0
154.0	0.0	0.0	0.0	0.0	0.0	0.0	0.0	0.0	0.0
155.0	0.0	0.0	0.0	0.0	0.0	0.0	0.0	0.0	0.0
156.0	3.3480648185348865E-5	0.0	0.0	1.004419445560466E-4	2.241907605822209E-9	1.1209538029111043E-9	4.483815211644419E-9	-2.009954796499073E-5	8.706084433568847E-5
