0	0.0
1	0.0010027855153203343
2	0.0
3	0.0
4	0.0
5	0.0
6	0.0
7	0.0
8	7.799442896935933E-4
9	0.0026740947075208914
10	0.0032311977715877437
11	0.0047910863509749305
12	0.06763231197771588
13	0.0
14	0.0
15	0.0
16	1.1142061281337047E-4
17	1.1142061281337047E-4
18	0.001671309192200557
19	0.021838440111420613
20	0.06128133704735376
21	0.07910863509749304
22	0.1282451253481894
23	0.007353760445682451
24	0.0
25	8.913649025069638E-4
26	8.913649025069638E-4
27	0.004456824512534819
28	0.011030640668523677
29	0.050696378830083565
30	0.06261838440111421
31	0.10919220055710306
32	0.01883008356545961
33	0.010807799442896936
34	0.0024512534818941505
35	0.00467966573816156
36	0.006796657381615599
37	0.020389972144846797
38	0.027966573816155988
39	0.050807799442896935
40	0.015041782729805013
41	0.014818941504178272
42	0.010919220055710306
43	0.005459610027855153
44	0.011476323119777159
45	0.013481894150417827
46	0.0184958217270195
47	0.008022284122562675
48	0.00913649025069638
49	0.007576601671309192
50	0.006908077994428969
51	0.0060167130919220055
52	0.009805013927576602
53	0.003788300835654596
54	0.003788300835654596
55	0.0028969359331476323
56	0.0036768802228412255
57	0.003565459610027855
58	0.004122562674094708
59	0.004345403899721449
60	0.0032311977715877437
61	0.0034540389972144846
62	0.0038997214484679664
63	0.0026740947075208914
64	0.001894150417827298
65	0.0012256267409470752
66	0.0012256267409470752
67	0.002116991643454039
68	0.0013370473537604457
69	0.002116991643454039
70	0.0020055710306406687
71	0.0026740947075208914
72	0.0024512534818941505
73	0.0015598885793871866
74	6.685236768802228E-4
75	0.0012256267409470752
76	0.0014484679665738162
77	0.0010027855153203343
78	0.0011142061281337048
79	8.913649025069638E-4
80	0.0010027855153203343
81	0.0015598885793871866
82	0.0012256267409470752
83	0.0013370473537604457
84	0.0010027855153203343
85	0.0010027855153203343
86	3.342618384401114E-4
87	0.0010027855153203343
88	0.0011142061281337048
89	0.0012256267409470752
90	7.799442896935933E-4
91	4.456824512534819E-4
92	7.799442896935933E-4
93	5.571030640668524E-4
94	5.571030640668524E-4
95	4.456824512534819E-4
96	4.456824512534819E-4
97	4.456824512534819E-4
98	4.456824512534819E-4
99	5.571030640668524E-4
100	7.799442896935933E-4
101	3.342618384401114E-4
102	8.913649025069638E-4
103	5.571030640668524E-4
104	3.342618384401114E-4
105	6.685236768802228E-4
106	3.342618384401114E-4
107	4.456824512534819E-4
108	4.456824512534819E-4
109	5.571030640668524E-4
110	8.913649025069638E-4
111	1.1142061281337047E-4
112	4.456824512534819E-4
113	3.342618384401114E-4
114	2.2284122562674094E-4
115	3.342618384401114E-4
116	2.2284122562674094E-4
117	2.2284122562674094E-4
118	3.342618384401114E-4
119	2.2284122562674094E-4
120	0.0
121	4.456824512534819E-4
122	2.2284122562674094E-4
123	2.2284122562674094E-4
124	0.0
125	1.1142061281337047E-4
126	1.1142061281337047E-4
127	1.1142061281337047E-4
128	1.1142061281337047E-4
129	1.1142061281337047E-4
130	0.0
131	1.1142061281337047E-4
132	2.2284122562674094E-4
133	0.0
134	2.2284122562674094E-4
135	0.0
136	0.0
137	4.456824512534819E-4
138	1.1142061281337047E-4
139	1.1142061281337047E-4
140	0.0
141	1.1142061281337047E-4
142	1.1142061281337047E-4
143	1.1142061281337047E-4
144	0.0
145	2.2284122562674094E-4
146	0.0
147	2.2284122562674094E-4
148	2.2284122562674094E-4
149	0.0
150	0.0
151	3.342618384401114E-4
152	1.1142061281337047E-4
153	0.0
154	0.0
155	0.0
156	1.1142061281337047E-4
157	0.0
158	0.0
159	0.0
160	0.0
161	0.0
162	1.1142061281337047E-4
163	2.2284122562674094E-4
164	2.2284122562674094E-4
165	0.0
166	1.1142061281337047E-4
167	1.1142061281337047E-4
168	1.1142061281337047E-4
169	1.1142061281337047E-4
170	0.0
171	3.342618384401114E-4
172	2.2284122562674094E-4
173	0.0
174	0.0
175	2.2284122562674094E-4
176	4.456824512534819E-4
177	0.0
178	1.1142061281337047E-4
179	1.1142061281337047E-4
180	1.1142061281337047E-4
181	3.342618384401114E-4
182	1.1142061281337047E-4
183	0.0
184	0.0
185	0.0
186	1.1142061281337047E-4
187	0.0
188	1.1142061281337047E-4
189	1.1142061281337047E-4
190	1.1142061281337047E-4
191	0.0
192	1.1142061281337047E-4
193	0.0
194	0.0
195	0.0
196	1.1142061281337047E-4
197	0.0
198	1.1142061281337047E-4
199	2.2284122562674094E-4
200	2.2284122562674094E-4
201	0.0
202	1.1142061281337047E-4
203	0.0
204	0.0
205	2.2284122562674094E-4
206	0.0
207	1.1142061281337047E-4
208	1.1142061281337047E-4
209	0.0
210	1.1142061281337047E-4
211	1.1142061281337047E-4
212	0.0
213	0.0
214	0.0
215	1.1142061281337047E-4
216	0.0
217	0.0
218	0.0
219	0.0
220	0.0
221	0.0
222	0.0
223	1.1142061281337047E-4
224	0.0
225	0.0
226	0.0
227	0.0
228	0.0
229	0.0
230	0.0
231	0.0
232	0.0
233	0.0
234	0.0
235	0.0
236	0.0
237	0.0
238	1.1142061281337047E-4
239	0.0
240	0.0
241	0.0
242	0.0
243	1.1142061281337047E-4
244	0.0
245	0.0
246	0.0
247	0.0
248	0.0
249	0.0
250	1.1142061281337047E-4
251	0.0
252	0.0
253	0.0
254	0.0
255	0.0
256	0.0
257	0.0
258	0.0
259	0.0
260	1.1142061281337047E-4
261	0.0
262	0.0
263	0.0
264	0.0
265	1.1142061281337047E-4
266	0.0
267	0.0
268	0.0
269	0.0
270	0.0
271	1.1142061281337047E-4
272	0.0
273	0.0
274	0.0
275	0.0
276	0.0
277	0.0
278	1.1142061281337047E-4
279	0.0
280	0.0
281	0.0
282	0.0
283	0.0
284	0.0
285	0.0
286	0.0
287	0.0
288	0.0
289	0.0
290	0.0
291	0.0
292	0.0
293	0.0
294	0.0
295	0.0
296	0.0
297	0.0
298	0.0
299	0.0
300	0.0
301	0.0
302	0.0
303	0.0
304	0.0
305	0.0
306	1.1142061281337047E-4
307	0.0
308	0.0
309	0.0
310	0.0
311	0.0
312	0.0
313	0.0
314	0.0
315	0.0
316	0.0
317	0.0
318	0.0
319	0.0
320	0.0
321	0.0
322	0.0
323	0.0
324	0.0
325	0.0
326	1.1142061281337047E-4
327	0.0
328	0.0
329	0.0
330	0.0
331	0.0
332	0.0
333	0.0
334	0.0
335	0.0
336	0.0
337	0.0
338	1.1142061281337047E-4
339	0.0
340	0.0
341	0.0
342	0.0
343	0.0
344	0.0
345	0.0
346	0.0
347	0.0
348	0.0
349	0.0
350	0.0
351	0.0
352	0.0
353	0.0
354	0.0
355	0.0
356	0.0
357	0.0
358	0.0
359	0.0
360	0.0
361	0.0
362	0.0
363	0.0
364	0.0
365	0.0
366	0.0
367	0.0
368	0.0
369	0.0
370	0.0
371	0.0
372	1.1142061281337047E-4
373	0.0
374	0.0
375	0.0
376	0.0
377	0.0
378	0.0
379	0.0
380	0.0
381	0.0
382	0.0
383	0.0
384	0.0
385	0.0
386	0.0
387	0.0
388	0.0
389	0.0
390	0.0
391	0.0
392	0.0
393	0.0
394	0.0
395	0.0
396	1.1142061281337047E-4
397	0.0
398	0.0
399	0.0
400	0.0
401	0.0
402	0.0
403	0.0
404	0.0
405	0.0
406	0.0
407	0.0
408	0.0
409	0.0
410	0.0
411	0.0
412	0.0
413	0.0
414	0.0
415	0.0
416	0.0
417	0.0
418	0.0
419	0.0
420	0.0
421	0.0
422	0.0
423	0.0
424	0.0
425	0.0
426	0.0
427	0.0
428	0.0
429	0.0
430	0.0
431	0.0
432	0.0
433	0.0
434	0.0
435	0.0
436	0.0
437	0.0
438	0.0
439	0.0
440	0.0
441	0.0
442	0.0
443	0.0
444	0.0
445	0.0
446	0.0
447	0.0
448	0.0
449	0.0
450	0.0
451	0.0
452	0.0
453	0.0
454	0.0
455	0.0
456	0.0
457	0.0
458	0.0
459	0.0
460	0.0
461	0.0
462	0.0
463	0.0
464	0.0
465	0.0
466	0.0
467	0.0
468	0.0
469	0.0
470	0.0
471	0.0
472	0.0
473	0.0
474	0.0
475	0.0
476	0.0
477	0.0
478	0.0
479	0.0
480	0.0
481	0.0
482	0.0
483	0.0
484	0.0
485	0.0
486	0.0
487	0.0
488	0.0
489	0.0
490	0.0
491	0.0
492	0.0
493	0.0
494	0.0
495	1.1142061281337047E-4
496	0.0
497	0.0
498	0.0
499	0.0
500	0.0
501	0.0
502	0.0
503	0.0
504	0.0
505	0.0
506	0.0
507	0.0
508	0.0
509	0.0
510	0.0
511	0.0
512	0.0
513	0.0
514	0.0
515	0.0
516	0.0
517	0.0
518	0.0
519	0.0
520	0.0
521	0.0
522	0.0
523	0.0
524	0.0
525	0.0
526	0.0
527	0.0
528	0.0
529	0.0
530	0.0
531	0.0
532	0.0
533	0.0
534	0.0
535	0.0
536	0.0
537	0.0
538	0.0
539	0.0
540	0.0
541	0.0
542	0.0
543	0.0
544	0.0
545	0.0
546	0.0
547	0.0
548	0.0
549	0.0
550	0.0
551	0.0
552	0.0
553	0.0
554	0.0
555	0.0
556	0.0
557	0.0
558	0.0
559	0.0
560	0.0
561	0.0
562	0.0
563	0.0
564	0.0
565	0.0
566	0.0
567	0.0
568	0.0
569	0.0
570	0.0
571	0.0
572	0.0
573	0.0
574	0.0
575	0.0
576	0.0
577	0.0
578	0.0
579	0.0
580	0.0
581	0.0
582	0.0
583	0.0
584	0.0
585	0.0
586	0.0
587	0.0
588	0.0
589	0.0
590	0.0
591	0.0
592	0.0
593	0.0
594	0.0
595	0.0
596	0.0
597	0.0
598	0.0
599	0.0
600	0.0
601	0.0
602	0.0
603	0.0
604	0.0
605	0.0
606	1.1142061281337047E-4
607	0.0
608	0.0
609	0.0
610	0.0
611	0.0
612	0.0
613	1.1142061281337047E-4
