0.0	0.00208	0.0019	7.0E-4	0.0047	1.1465999999999997E-6	5.491142857142855E-7	2.540733333333334E-6	0.0016107037950291946	0.002549296204970805
1.0	0.00231	0.0022	0.0017	0.0036	2.1290000000000003E-7	1.2110000000000005E-7	3.505999999999999E-7	0.0021077777658119663	0.0025122222341880337
2.0	0.08558000000000002	0.0865	0.0777	0.0913	1.4047600000000006E-5	1.697173333333345E-5	1.1655127272727186E-5	0.08393736096235359	0.08722263903764645
3.0	0.30082999999999993	0.3058	0.2864	0.3109	6.961709999999996E-5	1.0513589999999864E-4	4.593790000000081E-5	0.29717321827722787	0.304486781722772
4.0	0.27843500000000004	0.2785	0.2674	0.2884	4.3799275E-5	4.222602500000052E-5	4.537252499999947E-5	0.27553448888262777	0.2813355111173723
5.0	0.15985999999999997	0.1615	0.1521	0.1683	2.2849399999999988E-5	2.6185155555555257E-5	2.0120145454545683E-5	0.15776502678967005	0.1619549732103299
6.0	0.07859999999999998	0.0772	0.0704	0.0857	1.4304999999999998E-5	1.0418333333333205E-5	2.0135000000000193E-5	0.07694237989877051	0.08025762010122944
7.0	0.035429999999999996	0.0359	0.0306	0.0428	7.9391E-6	9.90489999999998E-6	6.6285666666666754E-6	0.03419511444740818	0.036664885552591814
8.0	0.018330000000000003	0.0186	0.0146	0.0222	3.7220999999999995E-6	4.140900000000007E-6	3.3794454545454483E-6	0.01748445818080949	0.019175541819190515
9.0	0.010054999999999998	0.0099	0.007	0.0135	2.082475E-6	1.5612977272727233E-6	2.7194694444444497E-6	0.009422543046524111	0.010687456953475885
10.0	0.006055	0.0062	0.0048	0.0075	6.584750000000001E-7	6.254249999999996E-7	6.915250000000005E-7	0.005699359903835351	0.006410640096164648
11.0	0.004214999999999999	0.0043	0.0028	0.0059	5.162750000000001E-7	4.938249999999991E-7	5.387250000000008E-7	0.0039000935027662964	0.0045299064972337015
12.0	0.002745	0.0028	0.0012	0.0037	3.154750000000001E-7	3.6202500000000004E-7	2.6892499999999993E-7	0.0024988365624224428	0.0029911634375775573
13.0	0.0019950000000000007	0.002	0.0013	0.003	1.44475E-7	1.1612500000000041E-7	1.7282499999999962E-7	0.0018284144123881067	0.0021615855876118946
14.0	0.0016	0.0016	6.0E-4	0.0025	1.8799999999999996E-7	2.133333333333333E-7	2.6285714285714284E-7	0.00140997094958928	0.0017900290504107201
15.0	0.0012749999999999999	0.0013	5.0E-4	0.002	1.8987500000000002E-7	2.0229166666666657E-7	1.7971590909090922E-7	0.0010840256823549301	0.0014659743176450696
16.0	9.349999999999999E-4	0.001	4.0E-4	0.0015	7.927499999999999E-8	8.755833333333326E-8	7.249772727272732E-8	8.116016936907154E-4	0.0010583983063092843
17.0	7.25E-4	7.0E-4	2.0E-4	0.0013	1.07875E-7	6.98557692307692E-8	1.7848214285714288E-7	5.810533779486299E-4	8.6894662205137E-4
18.0	6.65E-4	7.0E-4	3.0E-4	0.0013	6.627499999999999E-8	7.485000000000001E-8	6.055833333333333E-8	5.52172246322104E-4	7.778277536778961E-4
19.0	5.850000000000001E-4	6.0E-4	2.0E-4	0.0012	5.5275000000000004E-8	4.6225000000000045E-8	6.432499999999995E-8	4.819600951087397E-4	6.880399048912605E-4
20.0	4.1000000000000005E-4	4.0E-4	2.0E-4	0.0012	5.69E-8	1.876666666666668E-8	1.7129999999999995E-7	3.054564588317385E-4	5.145435411682616E-4
21.0	4.5E-4	5.0E-4	2.0E-4	7.0E-4	1.9499999999999993E-8	2.25E-8	1.704545454545454E-8	3.887990196156957E-4	5.112009803843043E-4
22.0	3.5000000000000005E-4	4.0E-4	1.0E-4	6.0E-4	2.649999999999999E-8	3.13888888888889E-8	2.2499999999999976E-8	2.78654923085051E-4	4.213450769149491E-4
23.0	3.4500000000000004E-4	3.0E-4	1.0E-4	0.001	5.3475000000000014E-8	3.357045454545456E-8	7.780277777777776E-8	2.4365169957024443E-4	4.463483004297557E-4
24.0	3.3999999999999997E-4	4.0E-4	0.0	8.0E-4	3.440000000000001E-8	3.139999999999999E-8	3.740000000000002E-8	2.587131498949553E-4	4.212868501050446E-4
25.0	3.2E-4	3.0E-4	0.0	6.0E-4	2.6599999999999987E-8	1.886153846153846E-8	4.097142857142856E-8	2.48520436487063E-4	3.914795635129371E-4
26.0	3.1999999999999997E-4	3.0E-4	0.0	7.0E-4	2.8599999999999995E-8	1.84E-8	4.7542857142857144E-8	2.45881932027339E-4	3.9411806797266097E-4
27.0	2.55E-4	3.0E-4	0.0	5.0E-4	1.8475E-8	2.1580555555555563E-8	1.5934090909090907E-8	1.9542921857151782E-4	3.145707814284822E-4
28.0	2.4000000000000006E-4	2.0E-4	0.0	4.0E-4	1.6399999999999998E-8	1.4872727272727284E-8	1.8266666666666658E-8	1.8387414143195677E-4	2.961258585680434E-4
29.0	2.3999999999999998E-4	2.0E-4	0.0	6.0E-4	2.5399999999999996E-8	1.676666666666666E-8	3.835000000000001E-8	1.7015136364967456E-4	3.098486363503254E-4
30.0	1.1E-4	1.0E-4	0.0	4.0E-4	1.1899999999999999E-8	6.1E-9	2.543333333333333E-8	6.219046120281018E-5	1.5780953879718983E-4
31.0	2.0999999999999998E-4	2.0E-4	0.0	6.0E-4	2.3899999999999996E-8	1.4385714285714284E-8	4.6099999999999996E-8	1.4224520681162104E-4	2.777547931883789E-4
32.0	1.6499999999999997E-4	1.0E-4	0.0	6.0E-4	2.5274999999999993E-8	1.3808333333333328E-8	4.2475E-8	9.53234472724145E-5	2.3467655272758545E-4
33.0	8.500000000000002E-5	1.0E-4	0.0	3.0E-4	8.275E-9	7.225000000000002E-9	8.974999999999998E-9	4.5131942610656364E-5	1.2486805738934367E-4
34.0	1.5499999999999997E-4	2.0E-4	0.0	4.0E-4	2.0475000000000003E-8	1.982499999999999E-8	2.1125E-8	9.228765671735743E-5	2.177123432826425E-4
35.0	1.15E-4	1.0E-4	0.0	4.0E-4	9.274999999999999E-9	4.867857142857143E-9	1.955833333333333E-8	7.279168328397828E-5	1.5720831671602173E-4
36.0	1.0500000000000002E-4	1.0E-4	0.0	2.0E-4	6.475000000000002E-9	5.101923076923081E-9	9.024999999999998E-9	6.973361373772472E-5	1.402663862622753E-4
37.0	1.25E-4	1.0E-4	0.0	4.0E-4	1.3875E-8	5.624999999999998E-9	3.8625000000000003E-8	7.337529661102159E-5	1.7662470338897842E-4
38.0	1.1499999999999998E-4	1.0E-4	0.0	3.0E-4	9.274999999999994E-9	4.558333333333331E-9	2.3424999999999996E-8	7.279168328397825E-5	1.572083167160217E-4
39.0	9.500000000000002E-5	1.0E-4	0.0	4.0E-4	1.1475E-8	9.025000000000003E-9	1.3479545454545454E-8	4.805196489734637E-5	1.4194803510265367E-4
40.0	9.500000000000002E-5	1.0E-4	0.0	3.0E-4	7.475E-9	9.025000000000003E-9	6.6403846153846135E-9	5.7108074738804856E-5	1.328919252611952E-4
41.0	1.0000000000000002E-4	1.0E-4	0.0	4.0E-4	1.0000000000000005E-8	4.666666666666668E-9	2.6000000000000005E-8	5.617306764100413E-5	1.438269323589959E-4
42.0	7.500000000000001E-5	1.0E-4	0.0	2.0E-4	4.874999999999999E-9	5.625E-9	4.375E-9	4.439950980784786E-5	1.0560049019215216E-4
43.0	9.000000000000003E-5	1.0E-4	0.0	3.0E-4	8.899999999999997E-9	8.100000000000006E-9	9.554545454545449E-9	4.865375470493123E-5	1.3134624529506883E-4
44.0	1.0999999999999999E-4	1.0E-4	0.0	3.0E-4	7.900000000000001E-9	4.099999999999998E-9	1.93E-8	7.104577044787048E-5	1.489542295521295E-4
45.0	1.2000000000000003E-4	1.0E-4	0.0	5.0E-4	1.2600000000000002E-8	5.4000000000000045E-9	2.9399999999999995E-8	7.080439043979639E-5	1.6919560956020366E-4
46.0	1.0E-4	1.0E-4	0.0	3.0E-4	7.000000000000001E-9	9.999999999999999E-9	1.5999999999999998E-8	6.333175760961538E-5	1.3666824239038462E-4
47.0	7.000000000000001E-5	1.0E-4	0.0	3.0E-4	7.099999999999999E-9	4.9E-9	9.299999999999999E-9	3.307077038442314E-5	1.0692922961557687E-4
48.0	5.0E-5	0.0	0.0	3.0E-4	7.5E-9	2.5E-9	1.9166666666666663E-8	1.204476320716732E-5	8.795523679283268E-5
49.0	9.5E-5	1.0E-4	0.0	4.0E-4	1.2475000000000001E-8	9.025000000000001E-9	1.5297727272727273E-8	4.604902452453067E-5	1.4395097547546934E-4
50.0	7.000000000000001E-5	1.0E-4	0.0	3.0E-4	6.099999999999999E-9	4.900000000000001E-9	7.081818181818181E-9	3.577007157471697E-5	1.0422992842528305E-4
51.0	5.000000000000001E-5	0.0	0.0	2.0E-4	4.500000000000002E-9	2.5000000000000013E-9	7.500000000000003E-9	2.0600000000000003E-5	7.940000000000002E-5
52.0	7.500000000000001E-5	1.0E-4	0.0	2.0E-4	5.874999999999999E-9	5.625E-9	6.079545454545454E-9	4.14072924580349E-5	1.0859270754196511E-4
53.0	4.0E-5	0.0	0.0	2.0E-4	4.400000000000001E-9	1.6000000000000009E-9	1.0933333333333334E-8	1.0928501930585004E-5	6.9071498069415E-5
54.0	5.5000000000000016E-5	1.0E-4	0.0	2.0E-4	3.4750000000000005E-9	3.0250000000000014E-9	3.9249999999999996E-9	2.9164404400130445E-5	8.083559559986959E-5
55.0	6.500000000000001E-5	1.0E-4	0.0	2.0E-4	5.274999999999999E-9	4.225000000000001E-9	6.324999999999999E-9	3.316885173293305E-5	9.683114826706697E-5
56.0	6.500000000000001E-5	1.0E-4	0.0	3.0E-4	5.274999999999999E-9	4.225000000000001E-9	6.134090909090908E-9	3.316885173293305E-5	9.683114826706697E-5
57.0	4.0E-5	0.0	0.0	3.0E-4	6.399999999999999E-9	1.6000000000000009E-9	2.08E-8	4.938454112803302E-6	7.506154588719671E-5
58.0	4.0E-5	0.0	0.0	2.0E-4	5.400000000000002E-9	1.6000000000000009E-9	1.68E-8	7.793913618696232E-6	7.220608638130378E-5
59.0	3.5E-5	0.0	0.0	2.0E-4	3.275E-9	1.2249999999999996E-9	8.058333333333334E-9	9.918891571543331E-6	6.0081108428456666E-5
60.0	3.0000000000000004E-5	0.0	0.0	1.0E-4	2.1000000000000006E-9	8.999999999999999E-10	4.899999999999998E-9	9.915976498719188E-6	5.008402350128082E-5
61.0	3.5000000000000004E-5	0.0	0.0	2.0E-4	3.275E-9	1.2249999999999998E-9	8.058333333333333E-9	9.918891571543338E-6	6.0081108428456666E-5
62.0	2.5E-5	0.0	0.0	1.0E-4	1.8750000000000002E-9	6.250000000000001E-10	5.625000000000001E-9	6.02238160358366E-6	4.397761839641634E-5
63.0	5.5000000000000016E-5	0.0	0.0	2.0E-4	5.474999999999999E-9	3.025000000000002E-9	9.149999999999996E-9	2.25710314687624E-5	8.742896853123762E-5
64.0	5.5000000000000016E-5	1.0E-4	0.0	2.0E-4	3.475000000000001E-9	3.0250000000000014E-9	3.9249999999999996E-9	2.9164404400130442E-5	8.083559559986959E-5
65.0	3.0000000000000004E-5	0.0	0.0	1.0E-4	2.1E-9	8.999999999999999E-10	4.899999999999998E-9	9.915976498719192E-6	5.008402350128081E-5
66.0	5.0E-5	0.0	0.0	2.0E-4	4.500000000000001E-9	2.4999999999999996E-9	7.500000000000001E-9	2.0600000000000003E-5	7.94E-5
67.0	4.000000000000001E-5	0.0	0.0	2.0E-4	3.4000000000000007E-9	1.6000000000000009E-9	6.742857142857142E-9	1.4444726571605628E-5	6.555527342839439E-5
68.0	3.5000000000000004E-5	0.0	0.0	1.0E-4	2.2749999999999997E-9	1.2249999999999998E-9	4.225000000000001E-9	1.4095885572452497E-5	5.5904114427547514E-5
69.0	4.500000000000001E-5	0.0	0.0	1.0E-4	2.475E-9	2.0250000000000003E-9	3.0249999999999994E-9	2.3196376447938763E-5	6.680362355206125E-5
70.0	2.5E-5	0.0	0.0	2.0E-4	2.875E-9	6.250000000000001E-10	1.1874999999999999E-8	1.500425535767677E-6	4.8499574464232325E-5
71.0	1.0E-5	0.0	0.0	1.0E-4	8.999999999999996E-10	1.0000000000000006E-10	8.100000000000001E-9	-3.1480797076987587E-6	2.314807970769876E-5
72.0	4.000000000000001E-5	0.0	0.0	2.0E-4	4.400000000000001E-9	1.6000000000000009E-9	1.0933333333333332E-8	1.092850193058501E-5	6.9071498069415E-5
73.0	4.5E-5	0.0	0.0	2.0E-4	3.475000000000001E-9	2.0250000000000003E-9	5.65E-9	1.916440440013043E-5	7.083559559986958E-5
74.0	3.0000000000000004E-5	0.0	0.0	2.0E-4	3.1000000000000005E-9	8.999999999999999E-10	9.700000000000001E-9	5.5981967879420916E-6	5.440180321205792E-5
75.0	3.0000000000000004E-5	0.0	0.0	1.0E-4	2.1E-9	8.999999999999999E-10	4.899999999999998E-9	9.915976498719192E-6	5.008402350128081E-5
76.0	2.0E-5	0.0	0.0	1.0E-4	1.6E-9	4.000000000000002E-10	6.400000000000001E-9	2.469227056401651E-6	3.7530772943598356E-5
77.0	2.0E-5	0.0	0.0	1.0E-4	1.5999999999999994E-9	4.000000000000002E-10	6.400000000000001E-9	2.4692270564016545E-6	3.753077294359835E-5
78.0	2.0E-5	0.0	0.0	2.0E-4	3.6000000000000016E-9	4.000000000000002E-10	3.2400000000000006E-8	-6.296159415397531E-6	4.6296159415397534E-5
79.0	4.000000000000001E-5	0.0	0.0	3.0E-4	5.4E-9	1.6000000000000009E-9	1.4266666666666667E-8	7.793913618696245E-6	7.220608638130378E-5
80.0	2.0E-5	0.0	0.0	1.0E-4	1.5999999999999994E-9	4.000000000000002E-10	6.400000000000001E-9	2.4692270564016545E-6	3.753077294359835E-5
81.0	1.5000000000000002E-5	0.0	0.0	1.0E-4	1.2750000000000003E-9	2.2499999999999997E-10	7.225000000000001E-9	-6.493450342178852E-7	3.064934503421789E-5
82.0	1.5000000000000002E-5	0.0	0.0	1.0E-4	1.2750000000000003E-9	2.2499999999999997E-10	7.225000000000001E-9	-6.493450342178852E-7	3.064934503421789E-5
83.0	2.0E-5	0.0	0.0	1.0E-4	1.6E-9	4.000000000000002E-10	6.400000000000001E-9	2.469227056401651E-6	3.7530772943598356E-5
84.0	2.5E-5	0.0	0.0	1.0E-4	1.8750000000000007E-9	6.250000000000001E-10	5.625000000000001E-9	6.022381603583657E-6	4.3977618396416345E-5
85.0	2.5E-5	0.0	0.0	1.0E-4	1.8750000000000002E-9	6.250000000000001E-10	5.625000000000001E-9	6.02238160358366E-6	4.397761839641634E-5
86.0	2.5E-5	0.0	0.0	1.0E-4	1.8750000000000007E-9	6.250000000000001E-10	5.625000000000001E-9	6.022381603583657E-6	4.3977618396416345E-5
87.0	2.0E-5	0.0	0.0	1.0E-4	1.5999999999999994E-9	4.000000000000002E-10	6.400000000000001E-9	2.4692270564016545E-6	3.753077294359835E-5
88.0	3.0000000000000004E-5	0.0	0.0	2.0E-4	4.100000000000001E-9	8.999999999999999E-10	1.6900000000000002E-8	1.9370707159783495E-6	5.8062929284021655E-5
89.0	3.5000000000000004E-5	0.0	0.0	1.0E-4	2.2749999999999997E-9	1.2249999999999998E-9	4.225000000000001E-9	1.4095885572452497E-5	5.5904114427547514E-5
90.0	2.5E-5	0.0	0.0	1.0E-4	1.8750000000000002E-9	6.250000000000001E-10	5.625000000000001E-9	6.02238160358366E-6	4.397761839641634E-5
91.0	3.0000000000000004E-5	0.0	0.0	2.0E-4	3.1000000000000005E-9	8.999999999999999E-10	9.700000000000001E-9	5.5981967879420916E-6	5.440180321205792E-5
92.0	1.0E-5	0.0	0.0	1.0E-4	9.000000000000001E-10	1.0000000000000006E-10	8.100000000000001E-9	-3.148079707698762E-6	2.3148079707698764E-5
93.0	3.0000000000000004E-5	0.0	0.0	2.0E-4	3.1000000000000005E-9	8.999999999999999E-10	9.7E-9	5.5981967879420916E-6	5.440180321205792E-5
94.0	4.000000000000001E-5	0.0	0.0	2.0E-4	3.4000000000000007E-9	1.6000000000000009E-9	6.742857142857142E-9	1.4444726571605628E-5	6.555527342839439E-5
95.0	3.0000000000000004E-5	0.0	0.0	2.0E-4	4.100000000000001E-9	8.999999999999999E-10	1.6900000000000002E-8	1.9370707159783495E-6	5.8062929284021655E-5
96.0	1.5000000000000002E-5	0.0	0.0	2.0E-4	2.2749999999999985E-9	2.25E-10	2.0725E-8	-5.904114427547498E-6	3.59041144275475E-5
97.0	0.0	0.0	0.0	0.0	0.0	0.0	0.0	0.0	0.0
98.0	3.0000000000000004E-5	0.0	0.0	2.0E-4	3.1000000000000005E-9	8.999999999999999E-10	9.700000000000001E-9	5.5981967879420916E-6	5.440180321205792E-5
99.0	1.5000000000000002E-5	0.0	0.0	2.0E-4	2.2749999999999972E-9	2.25E-10	2.0725E-8	-5.904114427547495E-6	3.59041144275475E-5
100.0	1.0E-5	0.0	0.0	1.0E-4	9.000000000000001E-10	1.0000000000000006E-10	8.100000000000001E-9	-3.148079707698762E-6	2.3148079707698764E-5
101.0	5.0E-6	0.0	0.0	1.0E-4	4.750000000000002E-10	2.500000000000001E-11	9.025000000000001E-9	-4.551858457912785E-6	1.4551858457912785E-5
102.0	5.0E-6	0.0	0.0	1.0E-4	4.750000000000003E-10	2.500000000000001E-11	9.025000000000001E-9	-4.551858457912786E-6	1.4551858457912788E-5
103.0	1.5000000000000002E-5	0.0	0.0	1.0E-4	1.2750000000000003E-9	2.2499999999999997E-10	7.225000000000001E-9	-6.493450342178852E-7	3.064934503421789E-5
104.0	5.0E-6	0.0	0.0	1.0E-4	4.750000000000003E-10	2.500000000000001E-11	9.025000000000001E-9	-4.551858457912786E-6	1.4551858457912788E-5
105.0	5.0E-6	0.0	0.0	1.0E-4	4.750000000000003E-10	2.500000000000001E-11	9.025000000000001E-9	-4.551858457912786E-6	1.4551858457912788E-5
106.0	1.0E-5	0.0	0.0	1.0E-4	8.999999999999996E-10	1.0000000000000006E-10	8.100000000000001E-9	-3.1480797076987587E-6	2.314807970769876E-5
107.0	1.0E-5	0.0	0.0	1.0E-4	9.000000000000004E-10	1.0000000000000006E-10	8.100000000000001E-9	-3.1480797076987655E-6	2.3148079707698767E-5
108.0	1.0E-5	0.0	0.0	1.0E-4	8.999999999999998E-10	1.0000000000000006E-10	8.100000000000001E-9	-3.1480797076987604E-6	2.3148079707698764E-5
109.0	3.0000000000000004E-5	0.0	0.0	2.0E-4	3.1000000000000005E-9	8.999999999999999E-10	9.7E-9	5.5981967879420916E-6	5.440180321205792E-5
110.0	2.5E-5	0.0	0.0	2.0E-4	2.875E-9	6.250000000000001E-10	1.1874999999999999E-8	1.500425535767677E-6	4.8499574464232325E-5
111.0	0.0	0.0	0.0	0.0	0.0	0.0	0.0	0.0	0.0
112.0	1.0E-5	0.0	0.0	1.0E-4	9.000000000000001E-10	1.0000000000000006E-10	8.100000000000001E-9	-3.148079707698762E-6	2.3148079707698764E-5
113.0	2.0E-5	0.0	0.0	2.0E-4	2.6E-9	4.000000000000002E-10	1.506666666666667E-8	-2.3474383319431026E-6	4.234743833194311E-5
114.0	5.0E-6	0.0	0.0	1.0E-4	4.750000000000002E-10	2.500000000000001E-11	9.025000000000001E-9	-4.551858457912785E-6	1.4551858457912785E-5
115.0	0.0	0.0	0.0	0.0	0.0	0.0	0.0	0.0	0.0
116.0	5.0E-6	0.0	0.0	1.0E-4	4.750000000000002E-10	2.500000000000001E-11	9.025000000000001E-9	-4.551858457912785E-6	1.4551858457912785E-5
117.0	2.0E-5	0.0	0.0	1.0E-4	1.6E-9	4.000000000000002E-10	6.400000000000001E-9	2.469227056401651E-6	3.7530772943598356E-5
118.0	5.0E-6	0.0	0.0	1.0E-4	4.750000000000001E-10	2.500000000000001E-11	9.025000000000001E-9	-4.551858457912783E-6	1.4551858457912785E-5
119.0	0.0	0.0	0.0	0.0	0.0	0.0	0.0	0.0	0.0
120.0	1.0E-5	0.0	0.0	1.0E-4	9.000000000000004E-10	1.0000000000000006E-10	8.100000000000001E-9	-3.1480797076987655E-6	2.3148079707698767E-5
121.0	1.0E-5	0.0	0.0	1.0E-4	9.000000000000003E-10	1.0000000000000006E-10	8.100000000000001E-9	-3.148079707698764E-6	2.3148079707698764E-5
122.0	2.0E-5	0.0	0.0	1.0E-4	1.5999999999999994E-9	4.000000000000002E-10	6.400000000000001E-9	2.4692270564016545E-6	3.753077294359835E-5
123.0	5.0E-6	0.0	0.0	1.0E-4	4.750000000000001E-10	2.500000000000001E-11	9.025000000000001E-9	-4.551858457912783E-6	1.4551858457912785E-5
124.0	5.0E-6	0.0	0.0	1.0E-4	4.750000000000003E-10	2.500000000000001E-11	9.025000000000001E-9	-4.551858457912786E-6	1.4551858457912788E-5
125.0	1.4999999999999999E-5	0.0	0.0	3.0E-4	4.275000000000002E-9	2.2500000000000002E-10	8.122499999999999E-8	-1.3655575373738363E-5	4.365557537373836E-5
126.0	2.0E-5	0.0	0.0	2.0E-4	2.599999999999998E-9	4.000000000000002E-10	1.506666666666667E-8	-2.3474383319430924E-6	4.2347438331943096E-5
127.0	5.0E-6	0.0	0.0	1.0E-4	4.750000000000001E-10	2.500000000000001E-11	9.025000000000001E-9	-4.551858457912783E-6	1.4551858457912785E-5
128.0	1.0E-5	0.0	0.0	1.0E-4	9.000000000000001E-10	1.0000000000000006E-10	8.100000000000001E-9	-3.148079707698762E-6	2.3148079707698764E-5
129.0	1.5000000000000002E-5	0.0	0.0	1.0E-4	1.2750000000000003E-9	2.2499999999999997E-10	7.225000000000001E-9	-6.493450342178852E-7	3.064934503421789E-5
130.0	5.0E-6	0.0	0.0	1.0E-4	4.750000000000001E-10	2.500000000000001E-11	9.025000000000001E-9	-4.551858457912783E-6	1.4551858457912785E-5
131.0	5.0E-6	0.0	0.0	1.0E-4	4.750000000000002E-10	2.500000000000001E-11	9.025000000000001E-9	-4.551858457912785E-6	1.4551858457912785E-5
132.0	1.0E-5	0.0	0.0	1.0E-4	9.0E-10	1.0000000000000006E-10	8.100000000000001E-9	-3.148079707698762E-6	2.3148079707698764E-5
133.0	0.0	0.0	0.0	0.0	0.0	0.0	0.0	0.0	0.0
134.0	5.0E-6	0.0	0.0	1.0E-4	4.750000000000002E-10	2.500000000000001E-11	9.025000000000001E-9	-4.551858457912785E-6	1.4551858457912785E-5
135.0	0.0	0.0	0.0	0.0	0.0	0.0	0.0	0.0	0.0
136.0	1.5000000000000002E-5	0.0	0.0	1.0E-4	1.2750000000000003E-9	2.2499999999999997E-10	7.225000000000001E-9	-6.493450342178852E-7	3.064934503421789E-5
137.0	5.0E-6	0.0	0.0	1.0E-4	4.750000000000002E-10	2.500000000000001E-11	9.025000000000001E-9	-4.551858457912785E-6	1.4551858457912785E-5
138.0	1.0E-5	0.0	0.0	1.0E-4	9.000000000000001E-10	1.0000000000000006E-10	8.100000000000001E-9	-3.148079707698762E-6	2.3148079707698764E-5
139.0	5.0E-6	0.0	0.0	1.0E-4	4.750000000000001E-10	2.500000000000001E-11	9.025000000000001E-9	-4.551858457912783E-6	1.4551858457912785E-5
140.0	5.0E-6	0.0	0.0	1.0E-4	4.750000000000002E-10	2.500000000000001E-11	9.025000000000001E-9	-4.551858457912785E-6	1.4551858457912785E-5
141.0	0.0	0.0	0.0	0.0	0.0	0.0	0.0	0.0	0.0
142.0	0.0	0.0	0.0	0.0	0.0	0.0	0.0	0.0	0.0
143.0	0.0	0.0	0.0	0.0	0.0	0.0	0.0	0.0	0.0
144.0	5.0E-6	0.0	0.0	1.0E-4	4.750000000000003E-10	2.500000000000001E-11	9.025000000000001E-9	-4.551858457912786E-6	1.4551858457912788E-5
145.0	0.0	0.0	0.0	0.0	0.0	0.0	0.0	0.0	0.0
146.0	5.0E-6	0.0	0.0	1.0E-4	4.750000000000001E-10	2.500000000000001E-11	9.025000000000001E-9	-4.551858457912783E-6	1.4551858457912785E-5
147.0	1.0E-5	0.0	0.0	1.0E-4	9.000000000000009E-10	1.0000000000000006E-10	8.100000000000001E-9	-3.148079707698767E-6	2.314807970769877E-5
148.0	1.0E-5	0.0	0.0	1.0E-4	9.000000000000004E-10	1.0000000000000006E-10	8.100000000000001E-9	-3.1480797076987655E-6	2.3148079707698767E-5
149.0	0.0	0.0	0.0	0.0	0.0	0.0	0.0	0.0	0.0
150.0	0.0	0.0	0.0	0.0	0.0	0.0	0.0	0.0	0.0
151.0	0.0	0.0	0.0	0.0	0.0	0.0	0.0	0.0	0.0
152.0	1.0E-5	0.0	0.0	1.0E-4	9.000000000000003E-10	1.0000000000000006E-10	8.100000000000001E-9	-3.148079707698764E-6	2.3148079707698764E-5
153.0	0.0	0.0	0.0	0.0	0.0	0.0	0.0	0.0	0.0
154.0	5.0E-6	0.0	0.0	1.0E-4	4.750000000000003E-10	2.500000000000001E-11	9.025000000000001E-9	-4.551858457912786E-6	1.4551858457912788E-5
155.0	5.0E-6	0.0	0.0	1.0E-4	4.750000000000001E-10	2.500000000000001E-11	9.025000000000001E-9	-4.551858457912783E-6	1.4551858457912785E-5
156.0	1.0E-5	0.0	0.0	2.0E-4	1.9000000000000013E-9	1.0000000000000004E-10	3.6100000000000006E-8	-9.103716915825573E-6	2.9103716915825576E-5
157.0	1.0E-5	0.0	0.0	1.0E-4	9.000000000000004E-10	1.0000000000000006E-10	8.100000000000001E-9	-3.1480797076987655E-6	2.3148079707698767E-5
158.0	5.0E-6	0.0	0.0	1.0E-4	4.750000000000002E-10	2.500000000000001E-11	9.025000000000001E-9	-4.551858457912785E-6	1.4551858457912785E-5
159.0	5.0E-6	0.0	0.0	1.0E-4	4.750000000000001E-10	2.500000000000001E-11	9.025000000000001E-9	-4.551858457912783E-6	1.4551858457912785E-5
160.0	5.0E-6	0.0	0.0	1.0E-4	4.750000000000001E-10	2.500000000000001E-11	9.025000000000001E-9	-4.551858457912783E-6	1.4551858457912785E-5
161.0	0.0	0.0	0.0	0.0	0.0	0.0	0.0	0.0	0.0
162.0	1.0E-5	0.0	0.0	1.0E-4	9.000000000000001E-10	1.0000000000000006E-10	8.100000000000001E-9	-3.148079707698762E-6	2.3148079707698764E-5
163.0	5.0E-6	0.0	0.0	1.0E-4	4.750000000000002E-10	2.500000000000001E-11	9.025000000000001E-9	-4.551858457912785E-6	1.4551858457912785E-5
164.0	0.0	0.0	0.0	0.0	0.0	0.0	0.0	0.0	0.0
165.0	0.0	0.0	0.0	0.0	0.0	0.0	0.0	0.0	0.0
166.0	0.0	0.0	0.0	0.0	0.0	0.0	0.0	0.0	0.0
167.0	5.0E-6	0.0	0.0	1.0E-4	4.750000000000003E-10	2.500000000000001E-11	9.025000000000001E-9	-4.551858457912786E-6	1.4551858457912788E-5
168.0	5.0E-6	0.0	0.0	1.0E-4	4.750000000000001E-10	2.500000000000001E-11	9.025000000000001E-9	-4.551858457912783E-6	1.4551858457912785E-5
169.0	0.0	0.0	0.0	0.0	0.0	0.0	0.0	0.0	0.0
170.0	5.0E-6	0.0	0.0	1.0E-4	4.750000000000003E-10	2.500000000000001E-11	9.025000000000001E-9	-4.551858457912786E-6	1.4551858457912788E-5
171.0	0.0	0.0	0.0	0.0	0.0	0.0	0.0	0.0	0.0
172.0	0.0	0.0	0.0	0.0	0.0	0.0	0.0	0.0	0.0
173.0	0.0	0.0	0.0	0.0	0.0	0.0	0.0	0.0	0.0
174.0	5.0E-6	0.0	0.0	1.0E-4	4.750000000000002E-10	2.500000000000001E-11	9.025000000000001E-9	-4.551858457912785E-6	1.4551858457912785E-5
175.0	0.0	0.0	0.0	0.0	0.0	0.0	0.0	0.0	0.0
176.0	0.0	0.0	0.0	0.0	0.0	0.0	0.0	0.0	0.0
177.0	0.0	0.0	0.0	0.0	0.0	0.0	0.0	0.0	0.0
178.0	5.0E-6	0.0	0.0	1.0E-4	4.750000000000002E-10	2.500000000000001E-11	9.025000000000001E-9	-4.551858457912785E-6	1.4551858457912785E-5
179.0	0.0	0.0	0.0	0.0	0.0	0.0	0.0	0.0	0.0
180.0	0.0	0.0	0.0	0.0	0.0	0.0	0.0	0.0	0.0
181.0	0.0	0.0	0.0	0.0	0.0	0.0	0.0	0.0	0.0
182.0	5.0E-6	0.0	0.0	1.0E-4	4.750000000000003E-10	2.500000000000001E-11	9.025000000000001E-9	-4.551858457912786E-6	1.4551858457912788E-5
183.0	5.0E-6	0.0	0.0	1.0E-4	4.750000000000002E-10	2.500000000000001E-11	9.025000000000001E-9	-4.551858457912785E-6	1.4551858457912785E-5
184.0	0.0	0.0	0.0	0.0	0.0	0.0	0.0	0.0	0.0
185.0	1.0E-5	0.0	0.0	1.0E-4	9.000000000000003E-10	1.0000000000000006E-10	8.100000000000001E-9	-3.148079707698764E-6	2.3148079707698764E-5
186.0	0.0	0.0	0.0	0.0	0.0	0.0	0.0	0.0	0.0
187.0	0.0	0.0	0.0	0.0	0.0	0.0	0.0	0.0	0.0
188.0	0.0	0.0	0.0	0.0	0.0	0.0	0.0	0.0	0.0
189.0	0.0	0.0	0.0	0.0	0.0	0.0	0.0	0.0	0.0
190.0	5.0E-6	0.0	0.0	1.0E-4	4.750000000000001E-10	2.500000000000001E-11	9.025000000000001E-9	-4.551858457912783E-6	1.4551858457912785E-5
191.0	0.0	0.0	0.0	0.0	0.0	0.0	0.0	0.0	0.0
192.0	0.0	0.0	0.0	0.0	0.0	0.0	0.0	0.0	0.0
193.0	0.0	0.0	0.0	0.0	0.0	0.0	0.0	0.0	0.0
194.0	5.0E-6	0.0	0.0	1.0E-4	4.750000000000001E-10	2.500000000000001E-11	9.025000000000001E-9	-4.551858457912783E-6	1.4551858457912785E-5
195.0	0.0	0.0	0.0	0.0	0.0	0.0	0.0	0.0	0.0
196.0	0.0	0.0	0.0	0.0	0.0	0.0	0.0	0.0	0.0
197.0	0.0	0.0	0.0	0.0	0.0	0.0	0.0	0.0	0.0
198.0	0.0	0.0	0.0	0.0	0.0	0.0	0.0	0.0	0.0
199.0	0.0	0.0	0.0	0.0	0.0	0.0	0.0	0.0	0.0
200.0	0.0	0.0	0.0	0.0	0.0	0.0	0.0	0.0	0.0
201.0	0.0	0.0	0.0	0.0	0.0	0.0	0.0	0.0	0.0
202.0	0.0	0.0	0.0	0.0	0.0	0.0	0.0	0.0	0.0
203.0	0.0	0.0	0.0	0.0	0.0	0.0	0.0	0.0	0.0
204.0	0.0	0.0	0.0	0.0	0.0	0.0	0.0	0.0	0.0
205.0	0.0	0.0	0.0	0.0	0.0	0.0	0.0	0.0	0.0
206.0	0.0	0.0	0.0	0.0	0.0	0.0	0.0	0.0	0.0
207.0	0.0	0.0	0.0	0.0	0.0	0.0	0.0	0.0	0.0
208.0	5.0E-6	0.0	0.0	1.0E-4	4.750000000000001E-10	2.500000000000001E-11	9.025000000000001E-9	-4.551858457912783E-6	1.4551858457912785E-5
209.0	1.0E-5	0.0	0.0	1.0E-4	9.000000000000001E-10	1.0000000000000006E-10	8.100000000000001E-9	-3.148079707698762E-6	2.3148079707698764E-5
210.0	0.0	0.0	0.0	0.0	0.0	0.0	0.0	0.0	0.0
211.0	5.0E-6	0.0	0.0	1.0E-4	4.750000000000001E-10	2.500000000000001E-11	9.025000000000001E-9	-4.551858457912783E-6	1.4551858457912785E-5
212.0	5.0E-6	0.0	0.0	1.0E-4	4.750000000000003E-10	2.500000000000001E-11	9.025000000000001E-9	-4.551858457912786E-6	1.4551858457912788E-5
213.0	0.0	0.0	0.0	0.0	0.0	0.0	0.0	0.0	0.0
214.0	0.0	0.0	0.0	0.0	0.0	0.0	0.0	0.0	0.0
215.0	5.0E-6	0.0	0.0	1.0E-4	4.750000000000002E-10	2.500000000000001E-11	9.025000000000001E-9	-4.551858457912785E-6	1.4551858457912785E-5
216.0	0.0	0.0	0.0	0.0	0.0	0.0	0.0	0.0	0.0
217.0	0.0	0.0	0.0	0.0	0.0	0.0	0.0	0.0	0.0
218.0	0.0	0.0	0.0	0.0	0.0	0.0	0.0	0.0	0.0
219.0	0.0	0.0	0.0	0.0	0.0	0.0	0.0	0.0	0.0
220.0	0.0	0.0	0.0	0.0	0.0	0.0	0.0	0.0	0.0
221.0	0.0	0.0	0.0	0.0	0.0	0.0	0.0	0.0	0.0
222.0	0.0	0.0	0.0	0.0	0.0	0.0	0.0	0.0	0.0
223.0	0.0	0.0	0.0	0.0	0.0	0.0	0.0	0.0	0.0
224.0	0.0	0.0	0.0	0.0	0.0	0.0	0.0	0.0	0.0
225.0	0.0	0.0	0.0	0.0	0.0	0.0	0.0	0.0	0.0
226.0	0.0	0.0	0.0	0.0	0.0	0.0	0.0	0.0	0.0
227.0	0.0	0.0	0.0	0.0	0.0	0.0	0.0	0.0	0.0
228.0	0.0	0.0	0.0	0.0	0.0	0.0	0.0	0.0	0.0
229.0	0.0	0.0	0.0	0.0	0.0	0.0	0.0	0.0	0.0
230.0	0.0	0.0	0.0	0.0	0.0	0.0	0.0	0.0	0.0
231.0	0.0	0.0	0.0	0.0	0.0	0.0	0.0	0.0	0.0
232.0	0.0	0.0	0.0	0.0	0.0	0.0	0.0	0.0	0.0
233.0	0.0	0.0	0.0	0.0	0.0	0.0	0.0	0.0	0.0
234.0	0.0	0.0	0.0	0.0	0.0	0.0	0.0	0.0	0.0
235.0	0.0	0.0	0.0	0.0	0.0	0.0	0.0	0.0	0.0
236.0	0.0	0.0	0.0	0.0	0.0	0.0	0.0	0.0	0.0
237.0	0.0	0.0	0.0	0.0	0.0	0.0	0.0	0.0	0.0
238.0	0.0	0.0	0.0	0.0	0.0	0.0	0.0	0.0	0.0
239.0	0.0	0.0	0.0	0.0	0.0	0.0	0.0	0.0	0.0
240.0	0.0	0.0	0.0	0.0	0.0	0.0	0.0	0.0	0.0
241.0	0.0	0.0	0.0	0.0	0.0	0.0	0.0	0.0	0.0
242.0	0.0	0.0	0.0	0.0	0.0	0.0	0.0	0.0	0.0
243.0	0.0	0.0	0.0	0.0	0.0	0.0	0.0	0.0	0.0
244.0	0.0	0.0	0.0	0.0	0.0	0.0	0.0	0.0	0.0
245.0	0.0	0.0	0.0	0.0	0.0	0.0	0.0	0.0	0.0
246.0	5.0E-6	0.0	0.0	1.0E-4	4.750000000000002E-10	2.500000000000001E-11	9.025000000000001E-9	-4.551858457912785E-6	1.4551858457912785E-5
247.0	0.0	0.0	0.0	0.0	0.0	0.0	0.0	0.0	0.0
248.0	0.0	0.0	0.0	0.0	0.0	0.0	0.0	0.0	0.0
249.0	0.0	0.0	0.0	0.0	0.0	0.0	0.0	0.0	0.0
250.0	0.0	0.0	0.0	0.0	0.0	0.0	0.0	0.0	0.0
251.0	0.0	0.0	0.0	0.0	0.0	0.0	0.0	0.0	0.0
252.0	0.0	0.0	0.0	0.0	0.0	0.0	0.0	0.0	0.0
253.0	0.0	0.0	0.0	0.0	0.0	0.0	0.0	0.0	0.0
254.0	0.0	0.0	0.0	0.0	0.0	0.0	0.0	0.0	0.0
255.0	0.0	0.0	0.0	0.0	0.0	0.0	0.0	0.0	0.0
256.0	0.0	0.0	0.0	0.0	0.0	0.0	0.0	0.0	0.0
257.0	0.0	0.0	0.0	0.0	0.0	0.0	0.0	0.0	0.0
258.0	0.0	0.0	0.0	0.0	0.0	0.0	0.0	0.0	0.0
259.0	0.0	0.0	0.0	0.0	0.0	0.0	0.0	0.0	0.0
260.0	0.0	0.0	0.0	0.0	0.0	0.0	0.0	0.0	0.0
261.0	0.0	0.0	0.0	0.0	0.0	0.0	0.0	0.0	0.0
262.0	0.0	0.0	0.0	0.0	0.0	0.0	0.0	0.0	0.0
263.0	0.0	0.0	0.0	0.0	0.0	0.0	0.0	0.0	0.0
264.0	0.0	0.0	0.0	0.0	0.0	0.0	0.0	0.0	0.0
265.0	0.0	0.0	0.0	0.0	0.0	0.0	0.0	0.0	0.0
266.0	0.0	0.0	0.0	0.0	0.0	0.0	0.0	0.0	0.0
267.0	0.0	0.0	0.0	0.0	0.0	0.0	0.0	0.0	0.0
268.0	0.0	0.0	0.0	0.0	0.0	0.0	0.0	0.0	0.0
269.0	5.0E-6	0.0	0.0	1.0E-4	4.750000000000001E-10	2.500000000000001E-11	9.025000000000001E-9	-4.551858457912783E-6	1.4551858457912785E-5
