0.0	0.0	0.0	0.0	0.0	0.0	0.0	0.0	0.0	0.0
1.0	0.001452230193902041	0.0014932802389248383	9.349539201282223E-4	0.0022006472491909383	1.1001035987288739E-7	1.0098131446297962E-7	1.1903940528279526E-7	0.0013068658587837452	0.0015975945290203368
2.0	0.03671331830046952	0.034922680412371135	0.027341254631404115	0.06017785357534414	6.830645494067738E-5	3.271177834825693E-5	1.3441085432660106E-4	0.033091122300112095	0.04033551430082694
3.0	0.049888453354971815	0.05021946811257423	0.02262264895436012	0.11402119624802047	3.1390620258541E-4	1.7710828596093496E-4	4.5070411920988487E-4	0.042123461185458344	0.057653445524485286
4.0	0.01632284814782185	0.01681877444589309	0.008284789644012944	0.034230722377877935	2.8803542806722454E-5	2.225440913556167E-5	3.416192490130854E-5	0.013970703487662689	0.01867499280798101
5.0	0.0029486033681934564	0.0029865604778496766	6.472491909385113E-4	0.006090875867949811	1.6625980314597942E-6	1.7046734308489946E-6	1.6281727046868127E-6	0.002383491140505188	0.0035137155958817248
6.0	4.8419960068920003E-4	3.8206826286296485E-4	0.0	0.0014618102083079547	1.4649820159779057E-7	8.076594620282432E-8	2.4509658469023994E-7	3.164516511848809E-4	6.519475501935192E-4
7.0	1.930584164090943E-4	1.2926577042399174E-4	0.0	5.17799352750809E-4	2.0964084334738734E-8	1.1803851810393386E-8	3.7975944737094394E-8	1.2960149149922638E-4	2.565153413189622E-4
8.0	6.489841761851968E-4	6.472491909385113E-4	0.0	0.001303780964797914	1.835849198941036E-7	1.6071727784951102E-7	2.11534260170828E-7	4.611997481479939E-4	8.367686042223996E-4
9.0	0.0064994466949214545	0.0074140355362392945	0.0016609173374217453	0.010567366964398037	7.784303051560723E-6	1.1587283648849098E-5	5.248982653368476E-6	0.005276659333953169	0.00772223405588974
10.0	0.020592127845463413	0.022033898305084745	0.0064563284200268	0.0295283139460565	2.9222548727318916E-5	3.7506561428623104E-5	2.2444720153524546E-5	0.018222936599585737	0.02296131909134109
11.0	0.03801737658489557	0.03676375404530744	0.03008892678767207	0.052094105480868666	3.669370897597357E-5	2.45338190065824E-5	5.1555796716340555E-5	0.03536254558837149	0.040672207581419643
12.0	0.10461344809899013	0.10686437428096639	0.08856459932066926	0.12114331507947108	8.276468263070924E-5	9.344306944467732E-5	7.402782069200806E-5	0.10062628867908896	0.1086006075188913
13.0	0.12136939342917515	0.12495213784301212	0.09246350124950678	0.14630283834815447	1.2512921734433483E-4	1.6169379070975247E-4	9.52127482271749E-5	0.11646686142341528	0.126271925434935
14.0	0.03670915649578678	0.03709448106501228	0.02472708141523083	0.05676696308929224	3.5184280256111375E-5	2.5874674034874207E-5	4.4493886477348554E-5	0.034109503335922206	0.03930880965565135
15.0	0.007399741108009147	0.00816847479259732	0.00381428383532816	0.010841759044950664	3.65143208420666E-6	4.858538542928366E-6	2.663799527070719E-6	0.006562264496553988	0.008237217719464306
16.0	0.0016923798870004242	0.0016556291390728477	6.388143605468251E-4	0.003360475636551635	5.897883688033536E-7	4.264757874051927E-7	7.893926349566611E-7	0.001355799213342907	0.0020289605606579417
17.0	0.0017355749159749865	0.00153393838680813	5.154639175257732E-4	0.004906277519184803	8.873570344553223E-7	3.820783516909576E-7	1.8257317310177131E-6	0.0013227268335303925	0.0021484229984195806
18.0	0.004985500874744197	0.005232929164007658	0.0015463917525773195	0.010567366964398037	4.33691655803298E-6	3.6397662138371066E-6	5.034066902228851E-6	0.004072793401088494	0.0058982083483998995
19.0	0.019415670136861053	0.019740193581253184	0.008283591180411743	0.026695344129554655	3.352710742649865E-5	3.681359398979227E-5	3.0240620863205033E-5	0.016877976933480893	0.021953363340241214
20.0	0.04615901152117538	0.04790940766550523	0.020099890364234377	0.058784676354029064	8.982626345828144E-5	1.2434874813652122E-4	6.158059417608526E-5	0.04200523869577114	0.05031278434657962
21.0	0.08267067137982284	0.08056152776021247	0.06431964916555001	0.11460329628210042	1.6330726968585878E-4	1.0537935272051932E-4	2.50199145133868E-4	0.07706995175094837	0.08827139100869731
22.0	0.0993138092152962	0.10056803511489801	0.0750253036437247	0.13336840720768117	2.251100627812963E-4	1.8956853223790768E-4	2.6065159332468494E-4	0.09273816165334221	0.10588945677725019
23.0	0.055742760023260354	0.05537580886012942	0.046018614270941054	0.06611459863763858	2.8767202656190885E-5	2.2424040924983164E-5	3.651995588322253E-5	0.053392099629626016	0.05809342041689469
24.0	0.017920602392272028	0.01795720835455935	0.013623614264725524	0.021877022653721684	4.092735108041132E-6	4.27374467444134E-6	3.911725541640921E-6	0.01703396122497122	0.018807243559572837
25.0	0.005388202326593995	0.005599800895968144	0.0030663089306247606	0.007211538461538462	7.847246918583842E-7	1.3252122258019255E-6	4.936929428118623E-7	0.004999962814421215	0.005776441838766775
26.0	0.003149165706593943	0.0032216494845360823	0.0012020836115934285	0.005409485469870424	1.254880359939992E-6	1.134341936081124E-6	1.3754187837988605E-6	0.0026582100878896923	0.0036401213252981934
27.0	0.005517388862838854	0.0055460187508253	0.002679985381897917	0.008097165991902834	1.932850058631168E-6	1.9468716494952783E-6	1.918828467767058E-6	0.004908076267152638	0.00612670145852507
28.0	0.010194870962646724	0.010586108959462949	0.004872700694359849	0.013592233009708738	4.7476125434919995E-6	6.249017316341896E-6	3.5191904566148098E-6	0.009239925195938508	0.011149816729354941
29.0	0.022894128146862935	0.023252842723904432	0.015592642221951517	0.03300970873786408	1.1542440948756006E-5	1.129493966903668E-5	1.174494199579909E-5	0.02140514458166248	0.02438311171206339
30.0	0.028001650654891814	0.028462029355456286	0.015227189669874528	0.03606514994829369	1.8015353336579934E-5	2.0865208020959068E-5	1.51654986522008E-5	0.026141438551692216	0.029861862758091412
31.0	0.039430889689694285	0.040422721268163805	0.029186061139766007	0.05155859529133237	3.076227749220659E-5	3.200505717595236E-5	2.9745457750960052E-5	0.03700008359691291	0.04186169578247566
32.0	0.019151436061105705	0.019329896907216496	0.012425386770617615	0.024575931614798985	7.793359625224814E-6	7.736436588864987E-6	7.85028266158464E-6	0.01792793758672448	0.02037493453548693
33.0	0.010667842825099128	0.010951760104302478	0.0064563284200268	0.015520189398921478	3.5057319049910305E-6	3.955970654850946E-6	3.1373547460147364E-6	0.009847244881943848	0.011488440768254409
34.0	0.00604455361187523	0.006197040596939421	0.0043950361944157185	0.007921298070780632	9.76898324461897E-7	9.855893221760939E-7	9.682073267477003E-7	0.00561137624616617	0.0064777309775842905
35.0	0.004216158720695187	0.00430161943319838	0.001320480654958405	0.005945456895437508	1.250161575173557E-6	1.5786645910441141E-6	9.813863803703736E-7	0.0037261270529844797	0.004706190388405894
36.0	0.004199221847787012	0.004302477183833116	0.0023768651789251288	0.006340819022457068	1.0619068018076895E-6	9.505174104999986E-7	1.1732961931153804E-6	0.003747590296086712	0.004650853399487312
37.0	0.005836346244316675	0.0060502433250032885	0.002679985381897917	0.008278145695364239	1.822010566887944E-6	2.4520312468996846E-6	1.40199678021345E-6	0.005244762108552507	0.006427930380080842
38.0	0.006974205663633314	0.007282483710233806	0.0025581678645389206	0.009579288025889967	2.468569434457743E-6	3.377486370118583E-6	1.7249101234625105E-6	0.006285610850284677	0.0076628004769819505
39.0	0.010663264675919873	0.010035652977683877	0.007673921247955718	0.0202947259565667	7.767902396331948E-6	2.435515228792903E-6	2.3765063898949087E-5	0.00944176613220914	0.011884763219630605
40.0	0.0047098141038651575	0.0045994633959371405	0.0029236204166159093	0.00684400826446281	1.0587877733847223E-6	7.9134025740587E-7	1.4599590473530008E-6	0.004258846305112589	0.005160781902617726
41.0	0.003319427525118996	0.003360910031023785	0.0010963576562309661	0.004776658920733282	7.01042358180098E-7	7.989759071845589E-7	6.031088091756374E-7	0.0029524721924704114	0.0036863828577675803
42.0	0.0038753017518778528	0.004006720951273103	0.0019364833462432224	0.006388143605468251	9.155852551044147E-7	8.489249591873349E-7	9.822455510214942E-7	0.0034559384060779894	0.004294665097677716
43.0	0.0033514949500655588	0.0033505154639175256	0.0024363503471799245	0.0047556142668428005	4.3880033019712994E-7	3.4639720197718437E-7	5.517374869103969E-7	0.0030611765603203262	0.0036418133398107913
44.0	0.0029980782631129957	0.003036437246963563	0.0018272627603849434	0.0045632333767926985	5.568004479069323E-7	5.126565608641068E-7	6.009443349497579E-7	0.002671045802898473	0.0033251107233275186
45.0	0.0022918684406825303	0.002297383535417996	0.0012735608762098828	0.003945810864132579	3.3324691860936036E-7	2.7359843242695775E-7	3.9289540479176313E-7	0.0020388663297694273	0.002544870551595633
46.0	0.002782860867627537	0.002581977794990963	0.0011597938144329897	0.006463288521199586	1.247006978853761E-6	6.066986543397976E-7	2.2074694656247056E-6	0.002293447851353725	0.003272273883901349
47.0	0.0011714461108966602	0.0010563845239667238	6.090875867949811E-4	0.002326783867631851	1.9003818400928732E-7	8.006771625140261E-8	3.942690527025018E-7	9.803897464789734E-4	0.001362502475314347
48.0	0.0010459202572121553	0.0011199601791936286	3.961441964875215E-4	0.0021952479338842976	1.7677687173985038E-7	1.7331231910428193E-7	1.796115057144064E-7	8.616506136899776E-4	0.001230189900734333
49.0	0.001143065056276143	0.001258019876714052	3.832886163280951E-4	0.0020376974019358125	2.3756155381531576E-7	2.664643413271795E-7	2.1391381857833636E-7	9.294513318648921E-4	0.001356678780687394
50.0	0.001529015102288948	0.001549186676994578	4.977600796416127E-4	0.0024274945700779355	2.3608819832675383E-7	2.8714139608026135E-7	1.9431740016479323E-7	0.0013160648237387595	0.0017419653808391365
51.0	0.0011521384486220386	0.0011633919338159256	2.4363503471799245E-4	0.00215080971659919	2.0494876662766218E-7	1.9404541644536507E-7	2.1585211680995936E-7	9.537283705165116E-4	0.0013505485267275657
52.0	0.0017157509271708096	0.0017363429945238414	8.710801393728223E-4	0.0028107831864060302	2.4989947056393767E-7	2.396836691519322E-7	2.582578535373967E-7	0.001496660328773888	0.0019348415255677311
53.0	0.0011229832353756846	0.0010522162304353545	5.154639175257732E-4	0.0018078512396694215	1.1656969129449768E-7	7.755501517021204E-8	1.7509170548092615E-7	9.733479911855302E-4	0.001272618479565839
54.0	9.69928705483941E-4	0.0010117617301125584	3.883495145631068E-4	0.0014341590612777053	7.793112741633562E-8	8.490532504153863E-8	7.222496572298769E-8	8.475807960039268E-4	0.0010922766149639553
55.0	7.522296663498255E-4	6.605019815059445E-4	3.6545255207698867E-4	0.0012926577042399173	8.917763425584787E-8	6.299223076538542E-8	1.211820162997464E-7	6.213509439085391E-4	8.831083887911118E-4
56.0	4.3845605688187306E-4	4.977600796416127E-4	0.0	0.001034126163391934	6.72302327914756E-8	6.501789353279144E-8	6.944257205015979E-8	3.248181093705482E-4	5.52094004393198E-4
57.0	4.950108309301614E-4	5.058808650562792E-4	0.0	0.0011734028683181225	8.819973583049253E-8	7.349571171538127E-8	1.0290375994560378E-7	3.6485167735915436E-4	6.251699845011685E-4
58.0	3.681654389126379E-4	3.794106487922094E-4	1.2181751735899622E-4	0.0010685187658608254	6.106399941096488E-8	3.532827026064831E-8	8.679972856128142E-8	2.5986413233299347E-4	4.764667454922823E-4
59.0	4.092039105663712E-4	4.872700694359849E-4	0.0	7.591093117408907E-4	5.057774680931037E-8	5.1396097323220547E-8	4.97593962954002E-8	3.1063934488918506E-4	5.077684762435573E-4
60.0	3.8037617370026563E-4	3.832886163280951E-4	0.0	7.926023778071334E-4	4.1590538337683816E-8	4.0692863260202663E-8	4.2324999764713845E-8	2.909965865234258E-4	4.6975576087710544E-4
61.0	4.956442541602156E-4	5.032079506856208E-4	1.2913223140495868E-4	9.247027741083224E-4	4.161334612466073E-8	4.117955680337931E-8	4.196826466025462E-8	4.0624016295838733E-4	5.850483453620439E-4
62.0	5.16745872259184E-4	5.169962517771747E-4	1.2181751735899622E-4	9.349539201282223E-4	3.922379003165207E-8	3.825298526185526E-8	4.0194594801448896E-8	4.299466465179383E-4	6.035450980004297E-4
63.0	4.2582568359891555E-4	3.8289725590299936E-4	0.0	9.048603929679421E-4	6.049540614999567E-8	3.952567818338159E-8	9.194999809991678E-8	3.180297763793408E-4	5.336215908184902E-4
64.0	3.6804548650520684E-4	3.8206826286296485E-4	0.0	7.822685788787483E-4	4.934639164977765E-8	4.277492717503392E-8	5.591785612452137E-8	2.706881297822078E-4	4.6540284322820586E-4
65.0	3.9977428485138357E-4	3.872966692486445E-4	1.2181751735899622E-4	7.926023778071334E-4	3.423838641968213E-8	2.1060763670173824E-8	5.8711114383054694E-8	3.186786051668742E-4	4.808699645358929E-4
66.0	2.508639435468292E-4	2.529404325281396E-4	0.0	6.381620931716656E-4	2.7679544456333456E-8	2.4092399243683527E-8	3.0614481448501566E-8	1.7794832862675513E-4	3.2377955846690326E-4
67.0	2.761987480552414E-4	2.5849812588858733E-4	0.0	5.261081152176773E-4	2.4926044520700026E-8	1.9259604629039692E-8	3.342570435819052E-8	2.07004856478484E-4	3.453926396319988E-4
68.0	1.4724359203474997E-4	1.264702162640698E-4	0.0	6.388143605468251E-4	3.017334868710121E-8	9.718341158481147E-9	1.1199337880158143E-7	7.111411800649728E-5	2.2337306606300266E-4
69.0	2.3795457014000242E-4	2.529404325281396E-4	0.0	5.342593829304127E-4	2.081433571194781E-8	2.3016200092076472E-8	1.934642612519537E-8	1.7472469109891192E-4	3.0118444918109295E-4
70.0	2.3123528214881334E-4	2.55656397801355E-4	0.0	5.17799352750809E-4	1.5773534250079853E-8	1.5322460325058877E-8	1.6142594734187917E-8	1.7619184058893867E-4	2.8627872370868803E-4
71.0	2.2605690003272603E-4	2.5471217524197657E-4	0.0	5.261081152176773E-4	2.340134234872872E-8	2.354060175570253E-8	2.3287402833931956E-8	1.5901266211220216E-4	2.931011379532499E-4
72.0	3.146790183335472E-4	2.642007926023778E-4	1.2181751735899622E-4	6.463288521199586E-4	2.380007954093713E-8	1.7503848294515523E-8	3.1495473286563535E-8	2.4706600717280087E-4	3.822920294942935E-4
73.0	2.000472403030483E-4	2.516039753428104E-4	0.0	5.17063081695967E-4	2.0682413444764046E-8	1.894363946862999E-8	2.2421187420898106E-8	1.3701805678881994E-4	2.630764238172767E-4
74.0	1.9200627483394414E-4	1.3356484573260317E-4	0.0	5.060728744939271E-4	2.8199499149046078E-8	2.1958158509642725E-8	3.5827804374983516E-8	1.184089936576074E-4	2.656035560102809E-4
75.0	1.7984412536718643E-4	1.321003963011889E-4	0.0	5.110514884374601E-4	1.3822350455932135E-8	1.0759553725473608E-8	1.7565768682048113E-8	1.2831746163300463E-4	2.3137078910136823E-4
76.0	1.5510603272637265E-4	1.2944983818770226E-4	0.0	3.963011889035667E-4	1.7759944408743018E-8	1.1481952432786107E-8	2.9419072364091567E-8	9.669943958800036E-5	2.1351262586474494E-4
77.0	1.3554204824815425E-4	1.2924906294429367E-4	0.0	3.883495145631068E-4	1.5808893963889816E-8	6.925432607848658E-9	5.134273938805446E-8	8.043694546643397E-5	1.9064715102987454E-4
78.0	1.2186435701219301E-4	1.2776287210936502E-4	0.0	3.8206826286296485E-4	1.3818769659023376E-8	1.2994556595489972E-8	1.4368245034712317E-8	7.03443679195582E-5	1.7338434610482783E-4
79.0	9.561347078436408E-5	1.264702162640698E-4	0.0	5.105296745373325E-4	1.4312267323233331E-8	9.141935795432445E-9	1.8542538573252233E-8	4.3181607309501223E-5	1.4804533425922693E-4
80.0	1.2790848072002288E-4	1.2924906294429367E-4	0.0	2.581977794990963E-4	8.066558957770921E-9	9.093572032808735E-9	7.226275532739986E-9	8.854574904895311E-5	1.6727121239109265E-4
81.0	1.1537473341785849E-4	1.288659793814433E-4	0.0	2.585315408479835E-4	6.373209132492167E-9	1.3311329111241914E-8	4.060502472908919E-9	8.038664958680116E-5	1.503628172489158E-4
82.0	9.726236522756976E-5	0.0	0.0	4.0069453719780956E-4	1.697307466773033E-8	9.45996768966117E-9	2.61557609742593E-8	4.01643076233251E-5	1.5436042283181444E-4
83.0	7.165875982304252E-5	0.0	0.0	4.0069453719780956E-4	1.1223417120632314E-8	5.134977859376495E-9	2.0356076012516045E-8	2.5228231498124066E-5	1.1808928814796098E-4
84.0	1.0332494738673231E-4	1.2776287210936502E-4	0.0	3.7955465587044535E-4	1.424169169511542E-8	1.0676044752471003E-8	1.780733863775984E-8	5.102251779882723E-5	1.5562737697463738E-4
85.0	7.098543043900556E-5	0.0	0.0	2.6409613099168095E-4	7.4198078365618955E-9	5.0389313346108996E-9	1.0329768005613113E-8	3.323365313982654E-5	1.0873720773818459E-4
86.0	1.0363487650519802E-4	1.278281989006775E-4	0.0	3.945810864132579E-4	1.2839548963602096E-8	1.0740187628247641E-8	1.4557208237983013E-8	5.397381968067312E-5	1.532959333297229E-4
87.0	7.677713493310313E-5	0.0	0.0	3.7955465587044535E-4	1.2016560171065278E-8	5.894728448535925E-9	2.1199307754859307E-8	2.8734020154206686E-5	1.2482024971199957E-4
88.0	7.694337465696983E-5	1.2651821862348178E-4	0.0	1.3152702880441932E-4	3.950416274643569E-9	5.9202829036028284E-9	2.6371718553373966E-9	4.93971234050565E-5	1.0448962590888316E-4
89.0	3.830855323710418E-5	0.0	0.0	1.303780964797914E-4	3.4266046475364584E-9	1.467545251120045E-9	7.99774323917476E-9	1.2653490954996911E-5	6.396361551921144E-5
90.0	9.636333842088783E-5	1.264702162640698E-4	0.0	3.883495145631068E-4	1.1446850439888309E-8	9.285892991618558E-9	1.3214906533927196E-8	4.947292327563937E-5	1.4325375356613628E-4
91.0	7.038465240701931E-5	1.258019876714052E-4	0.0	2.5552574421873004E-4	5.686631414585979E-9	4.95399929445693E-9	6.419263534715031E-9	3.733486931977841E-5	1.0343443549426021E-4
92.0	7.083053237641298E-5	1.2181751735899622E-4	0.0	2.607561929595828E-4	5.81070991302978E-9	5.016964316726087E-9	6.604455509333469E-9	3.7422132832364786E-5	1.0423893192046118E-4
93.0	7.799453000498708E-5	1.2735608762098828E-4	0.0	2.6409613099168095E-4	7.468696656737498E-9	6.0831467106988295E-9	8.854246602776166E-9	4.0118584421726214E-5	1.1587047558824794E-4
94.0	6.410786717766097E-5	1.2444001991040318E-4	0.0	1.321003963011889E-4	4.1118651562909765E-9	4.109818634068619E-9	4.113911678513333E-9	3.600436100458052E-5	9.221137335074141E-5
95.0	4.484548042294629E-5	0.0	0.0	2.5826446280991736E-4	7.037374334832624E-9	2.011117114364859E-9	2.2116145996235926E-8	8.079478978205929E-6	8.161148186768666E-5
96.0	4.503402924183816E-5	0.0	0.0	1.3204806549584047E-4	3.7685973636457045E-9	2.028063789754734E-9	7.001016858014648E-9	1.812915641907487E-5	7.193890206460146E-5
97.0	2.552756637246969E-5	0.0	0.0	1.2913223140495868E-4	2.6070761684954186E-9	6.516566449008454E-10	1.0428754262873718E-8	3.1497382731075883E-6	4.7905394471831796E-5
98.0	4.5026785290293356E-5	0.0	0.0	1.321003963011889E-4	3.766768812027764E-9	2.027411393578178E-9	6.997004017719853E-9	1.812844048221468E-5	7.192513009837203E-5
99.0	1.2906587490271754E-5	0.0	0.0	1.2926577042399174E-4	1.4992240016182959E-9	1.6658000064403927E-10	1.3493020010386606E-8	-4.0631192317326734E-6	2.987629421227618E-5
100.0	6.444032231395473E-5	0.0	0.0	3.8206826286296485E-4	9.021549119911579E-9	4.1525551399263725E-9	1.6325040089889388E-8	2.281269741230299E-5	1.0606794721560646E-4
101.0	4.518046755797005E-5	0.0	0.0	1.3356484573260317E-4	3.793435987510613E-9	2.041274648756784E-9	7.047449902339152E-9	1.818707606151228E-5	7.217385905442781E-5
102.0	2.6003425812440072E-5	0.0	0.0	1.321003963011889E-4	2.7057809716583165E-9	6.761781539830746E-10	1.0824192242359284E-8	3.2059169784439897E-6	4.8800934646436154E-5
103.0	1.9319940573296812E-5	0.0	0.0	1.321003963011889E-4	2.116003833194425E-9	3.732601037557205E-10	1.1991551633347088E-8	-8.40466572393109E-7	3.948034771898674E-5
104.0	5.1382838025329825E-5	0.0	0.0	2.5552574421873004E-4	5.592883155421322E-9	2.6401960435372805E-9	1.1076444934634543E-8	1.8606611938525268E-5	8.415906411213438E-5
105.0	5.190879909731771E-5	0.0	0.0	1.3356484573260317E-4	4.0440205955301695E-9	2.6945234237256925E-9	6.068266353236885E-9	2.40381070357733E-5	7.977949115886213E-5
106.0	3.8658056728434716E-5	0.0	0.0	2.581977794990963E-4	5.154105544768868E-9	1.494445350018876E-9	1.6133086129018838E-8	7.193781859319994E-6	7.012233159754943E-5
107.0	0.0	0.0	0.0	0.0	0.0	0.0	0.0	0.0	0.0
108.0	3.180873459658258E-5	0.0	0.0	1.288659793814433E-4	3.0356567897765994E-9	1.01179559663583E-9	9.10724036919891E-9	7.661499637269143E-6	5.595596955589602E-5
109.0	5.738345417010428E-5	0.0	0.0	3.872966692486445E-4	1.0626503941537922E-8	3.292860812492458E-9	2.7738337909310676E-8	1.2204489185383743E-5	1.025624191548248E-4
110.0	2.5815164822259542E-5	0.0	0.0	2.6712969146520634E-4	4.454444897796101E-9	6.664227348004264E-10	2.5919903821438244E-8	-3.4356433027935965E-6	5.5065972947312684E-5
111.0	3.2231848612782154E-5	0.0	0.0	1.3204806549584047E-4	3.1186370310050353E-9	1.0388920649973068E-9	9.357871929028225E-9	7.756804161025847E-6	5.670689306453846E-5
112.0	2.57898159424145E-5	0.0	0.0	1.3204806549584047E-4	2.6613212058607736E-9	6.65114606343617E-10	1.0646147603929403E-8	3.18038036295482E-6	4.839925152187418E-5
113.0	2.576397417037886E-5	0.0	0.0	1.2926577042399174E-4	2.6552239924160317E-9	6.637823650519489E-10	1.0620990501872355E-8	3.1804530883316375E-6	4.834749525242608E-5
114.0	1.9460764788052183E-5	0.0	0.0	1.3356484573260317E-4	2.147356676206959E-9	3.7872136613589175E-10	1.2169623433276341E-8	-8.48451601701326E-7	3.976998117780569E-5
115.0	3.847777145872827E-5	0.0	0.0	2.55656397801355E-4	5.088883788452302E-9	1.4805388964301242E-9	1.5913918464518834E-8	7.213210081892712E-6	6.974233283556382E-5
116.0	3.243539845407941E-5	0.0	0.0	1.321003963011889E-4	3.1571355450916905E-9	1.0520550728748964E-9	9.472376961742074E-9	7.80974931540264E-6	5.7061047592756174E-5
117.0	3.1409418553423986E-5	0.0	0.0	1.278281989006775E-4	2.960929646802439E-9	9.865515738641749E-10	8.884063865617236E-9	7.56124532028488E-6	5.525759178656309E-5
118.0	1.3134853856878093E-5	0.0	0.0	1.3356484573260317E-4	1.5532106743183482E-9	1.7252438584154526E-10	1.397938727060958E-8	-4.137688119422565E-6	3.040739583317875E-5
119.0	1.942270587273225E-5	0.0	0.0	1.3152702880441932E-4	2.138055050325117E-9	3.7724150341866783E-10	1.2115998482795001E-8	-8.424764374876267E-7	3.968788818295213E-5
120.0	1.9053079661011544E-5	0.0	0.0	1.303780964797914E-4	2.0591999663882343E-9	3.630198445688517E-10	1.1670887323364732E-8	-8.348847784139246E-7	3.894104410043701E-5
121.0	3.217430221776032E-5	0.0	0.0	2.5526483726866624E-4	4.735113553202572E-9	1.0351857231997763E-9	1.953482487321375E-8	2.016042796846283E-6	6.233256163867436E-5
122.0	1.2990546880260274E-5	0.0	0.0	1.3204806549584047E-4	1.5192478462931473E-9	1.6875430824823987E-10	1.367368968869731E-8	-4.092108835874372E-6	3.007320259639492E-5
123.0	2.5695506205599177E-5	0.0	0.0	1.2926577042399174E-4	2.641158233406502E-9	6.602590391619859E-10	1.0564755010384565E-8	3.171881420216146E-6	4.821913099098221E-5
124.0	2.5710965603546038E-5	0.0	0.0	1.3152702880441932E-4	2.6449506779363996E-9	6.610537522667276E-10	1.0580538380615091E-8	3.17117575940544E-6	4.825075544768663E-5
125.0	2.5685305666788974E-5	0.0	0.0	1.2924906294429367E-4	2.6390231146907004E-9	6.59734927196382E-10	1.0556175864667983E-8	3.1707867985166706E-6	4.819982453506128E-5
126.0	1.9501098169178727E-5	0.0	0.0	2.607561929595828E-4	3.85487874870022E-9	3.802928298039459E-10	3.512615201876668E-8	-7.710022903837324E-6	4.6712219242194775E-5
127.0	6.090875867949811E-6	0.0	0.0	1.2181751735899622E-4	7.048766079366941E-10	3.709876883877337E-11	1.3392655550797184E-8	-5.544960967124845E-6	1.7726712703024468E-5
128.0	2.596471867543116E-5	0.0	0.0	1.3204806549584047E-4	2.6976377231642603E-9	6.741666158942838E-10	1.079152215224417E-8	3.201541088253422E-6	4.87278962626089E-5
129.0	2.5260741113664584E-5	0.0	0.0	1.2909888974954814E-4	2.5539347036957705E-9	6.381050416115844E-10	1.0217253352032514E-8	3.1121570079958075E-6	4.740932521933336E-5
130.0	1.9453000027474955E-5	0.0	0.0	1.3204806549584047E-4	2.1448489580713457E-9	3.7841921006894077E-10	1.2154617530084972E-8	-8.443541810504523E-7	3.975035423600036E-5
131.0	1.2563367777334925E-5	0.0	0.0	1.2944983818770226E-4	1.4220001972080042E-9	1.5783820990857753E-10	1.2799458082902851E-8	-3.96351329199311E-6	2.909024884666296E-5
132.0	1.2991396733374683E-5	0.0	0.0	1.303780964797914E-4	1.5190090433418655E-9	1.6877638908393845E-10	1.3671102931663217E-8	-4.089916361499069E-6	3.0072709828248435E-5
133.0	3.226146348581916E-5	0.0	0.0	1.3152702880441932E-4	3.123273006374089E-9	1.040802026246843E-9	9.370685946755827E-9	7.768234236405457E-6	5.675469273523286E-5
134.0	1.2993163420527696E-5	0.0	0.0	1.321003963011889E-4	1.5198710139557175E-9	1.68822295672539E-10	1.3679309478504321E-8	-4.092995432784365E-6	3.0079322273839757E-5
135.0	1.2850596752682933E-5	0.0	0.0	1.2924906294429367E-4	1.4862957511805334E-9	1.6513783690006508E-10	1.3376716979704737E-8	-4.0457841582327805E-6	2.9746977663598647E-5
136.0	0.0	0.0	0.0	0.0	0.0	0.0	0.0	0.0	0.0
137.0	1.2665299964592324E-5	0.0	0.0	1.288659793814433E-4	1.4441781366689038E-9	1.6040982319310234E-10	1.2998092957951112E-8	-3.989961561164726E-6	2.9320561490349374E-5
138.0	6.463288521199587E-6	0.0	0.0	1.2926577042399174E-4	7.93707871657136E-10	4.177409850827035E-11	1.508044956148559E-8	-5.883994904230586E-6	1.881057194662976E-5
139.0	1.9072233839154064E-5	0.0	0.0	1.303780964797914E-4	2.063413688843682E-9	3.637501036153735E-10	1.1694840671804102E-8	-8.3606848307056E-7	3.898053616137869E-5
140.0	1.2929103479633046E-5	0.0	0.0	1.2944983818770226E-4	1.504457972935245E-9	1.6716171678705925E-10	1.3540124278268919E-8	-4.070199077866242E-6	2.9928406037132335E-5
141.0	1.2902262371395056E-5	0.0	0.0	1.3152702880441932E-4	1.4988425731885673E-9	1.6646837430031681E-10	1.3490210363182821E-8	-4.065285520332257E-6	2.986981026312237E-5
142.0	4.4976379606718276E-5	0.0	0.0	2.588996763754045E-4	7.093656924203329E-9	2.022874722527624E-9	2.2306003529230466E-8	8.063649797058094E-6	8.188910941637847E-5
143.0	1.2886709205038983E-5	0.0	0.0	1.303780964797914E-4	1.4948337806556953E-9	1.6606727413523645E-10	1.3453732339339825E-8	-4.058132859387169E-6	2.9831551269465135E-5
144.0	6.32351081320349E-6	0.0	0.0	1.264702162640698E-4	7.597489910893273E-10	3.998678900470147E-11	1.4435230830697229E-8	-5.756745235756645E-6	1.8403766862163627E-5
145.0	6.456611570247934E-6	0.0	0.0	1.2913223140495868E-4	7.920688264121319E-10	4.1687832969059487E-11	1.504930770183048E-8	-5.877916397098133E-6	1.8791139537594E-5
146.0	0.0	0.0	0.0	0.0	0.0	0.0	0.0	0.0	0.0
147.0	6.32351081320349E-6	0.0	0.0	1.264702162640698E-4	7.597489910893273E-10	3.998678900470147E-11	1.4435230830697229E-8	-5.756745235756645E-6	1.8403766862163627E-5
148.0	0.0	0.0	0.0	0.0	0.0	0.0	0.0	0.0	0.0
149.0	1.944549136773768E-5	0.0	0.0	1.3204806549584047E-4	2.1432011867369254E-9	3.7812713453276075E-10	1.2145287482560528E-8	-8.44064663591065E-7	3.973504739906643E-5
150.0	6.090875867949811E-6	0.0	0.0	1.2181751735899622E-4	7.048766079366941E-10	3.709876883877337E-11	1.3392655550797184E-8	-5.544960967124845E-6	1.7726712703024468E-5
151.0	1.2380975251520071E-5	0.0	0.0	1.258019876714052E-4	1.3799938337005341E-9	1.5328854817875253E-10	1.242034140339657E-8	-3.899971145332863E-6	2.8661921648373006E-5
152.0	0.0	0.0	0.0	0.0	0.0	0.0	0.0	0.0	0.0
153.0	6.32351081320349E-6	0.0	0.0	1.264702162640698E-4	7.597489910893273E-10	3.998678900470147E-11	1.4435230830697229E-8	-5.756745235756645E-6	1.8403766862163627E-5
154.0	3.2411807773397486E-5	0.0	0.0	1.3204806549584047E-4	3.1524285211955345E-9	1.0505252831396698E-9	9.458138235363131E-9	7.804522869303774E-6	5.70190926774912E-5
155.0	1.2752552530784944E-5	0.0	0.0	1.2924906294429367E-4	1.4639454226522899E-9	1.6262759605042955E-10	1.3175805862069025E-8	-4.01630660700531E-6	2.9521411668575196E-5
156.0	0.0	0.0	0.0	0.0	0.0	0.0	0.0	0.0	0.0
157.0	6.391409945033875E-6	0.0	0.0	1.278281989006775E-4	7.761523006240815E-10	4.085012108547792E-11	1.4746893711857529E-8	-5.818558683258073E-6	1.8601378573325822E-5
158.0	6.443298969072165E-6	0.0	0.0	1.288659793814433E-4	7.888059304920823E-10	4.1516101604846446E-11	1.4987312679349558E-8	-5.865796981846373E-6	1.8752394919990704E-5
159.0	6.4724919093851125E-6	0.0	0.0	1.2944983818770226E-4	7.959698788240588E-10	4.189315151705575E-11	1.512342769765712E-8	-5.892373408301337E-6	1.8837357227071562E-5
160.0	1.956689832048124E-5	0.0	0.0	1.3204806549584047E-4	2.170106609963263E-9	3.828635098840516E-10	1.2297817510412126E-8	-8.496165055546536E-7	3.998341314651713E-5
161.0	1.3204806549584047E-5	0.0	0.0	2.6409613099168095E-4	3.312971404226817E-9	1.7436691601193773E-10	6.294645668030952E-8	-1.2021282075565255E-5	3.843089517473335E-5
162.0	6.51890482398957E-6	0.0	0.0	1.303780964797914E-4	8.074262819804545E-10	4.2496120104234475E-11	1.534109935762865E-8	-5.934626411881069E-6	1.8972436059860208E-5
163.0	1.2831442574540416E-5	0.0	0.0	1.288659793814433E-4	1.481843688034898E-9	1.6464591854372844E-10	1.3336623613455427E-8	-4.039613574905095E-6	2.9702498723985925E-5
164.0	1.317875471501299E-5	0.0	0.0	1.3204806549584047E-4	1.563122969527139E-9	1.7367957583847706E-10	1.4068113512725096E-8	-4.1488146467518865E-6	3.0506324076777867E-5
165.0	1.9370735365934686E-5	0.0	0.0	1.2944983818770226E-4	2.12628584054927E-9	3.752253886170726E-10	1.204896173483172E-8	-8.385937731709389E-7	3.958006450504031E-5
166.0	6.462453147214683E-6	0.0	0.0	1.2924906294429367E-4	7.935027129189551E-10	4.1763300679944956E-11	1.5076551545460133E-8	-5.883234403402856E-6	1.8808140697832224E-5
167.0	0.0	0.0	0.0	0.0	0.0	0.0	0.0	0.0	0.0
168.0	6.391409945033875E-6	0.0	0.0	1.278281989006775E-4	7.761523006240815E-10	4.085012108547792E-11	1.4746893711857529E-8	-5.818558683258073E-6	1.8601378573325822E-5
169.0	0.0	0.0	0.0	0.0	0.0	0.0	0.0	0.0	0.0
170.0	0.0	0.0	0.0	0.0	0.0	0.0	0.0	0.0	0.0
171.0	0.0	0.0	0.0	0.0	0.0	0.0	0.0	0.0	0.0
172.0	0.0	0.0	0.0	0.0	0.0	0.0	0.0	0.0	0.0
173.0	6.51890482398957E-6	0.0	0.0	1.303780964797914E-4	8.074262819804545E-10	4.2496120104234475E-11	1.534109935762865E-8	-5.934626411881069E-6	1.8972436059860208E-5
174.0	1.2981357971204254E-5	0.0	0.0	1.303780964797914E-4	1.5166727609070408E-9	1.6851565477654823E-10	1.3650086716081474E-8	-4.0868142776050615E-6	3.004953022001357E-5
175.0	6.605019815059445E-6	0.0	0.0	1.321003963011889E-4	8.288994483892301E-10	4.3626286757327915E-11	1.5749089519395372E-8	-6.013023061971972E-6	1.922306269209086E-5
176.0	6.367804381049414E-6	0.0	0.0	1.2735608762098828E-4	7.704297200709302E-10	4.054893263531212E-11	1.4638164681347672E-8	-5.797068846042771E-6	1.85326776081416E-5
177.0	6.222000995520159E-6	0.0	0.0	1.2444001991040318E-4	7.355526313768232E-10	3.871329638825386E-11	1.3975499996159639E-8	-5.6643335713200404E-6	1.810833556236036E-5
178.0	0.0	0.0	0.0	0.0	0.0	0.0	0.0	0.0	0.0
179.0	6.222000995520159E-6	0.0	0.0	1.2444001991040318E-4	7.355526313768232E-10	3.871329638825386E-11	1.3975499996159639E-8	-5.6643335713200404E-6	1.810833556236036E-5
180.0	1.9317401362301357E-5	0.0	0.0	1.2944983818770226E-4	2.1146847194367627E-9	3.731619953922423E-10	1.1983313489022376E-8	-8.367208192627244E-7	3.9471523543865435E-5
181.0	0.0	0.0	0.0	0.0	0.0	0.0	0.0	0.0	0.0
182.0	0.0	0.0	0.0	0.0	0.0	0.0	0.0	0.0	0.0
183.0	0.0	0.0	0.0	0.0	0.0	0.0	0.0	0.0	0.0
184.0	6.090875867949811E-6	0.0	0.0	1.2181751735899622E-4	7.048766079366941E-10	3.709876883877337E-11	1.3392655550797184E-8	-5.544960967124845E-6	1.7726712703024468E-5
185.0	6.325910931174089E-6	0.0	0.0	1.2651821862348178E-4	7.603258330738088E-10	4.001714910914783E-11	1.4446190828402368E-8	-5.758930235213542E-6	1.841075209756172E-5
186.0	6.381620931716656E-6	0.0	0.0	1.2763241863433312E-4	7.737766286063587E-10	4.072508571612414E-11	1.4701755943520822E-8	-5.809647042645541E-6	1.8572888906078852E-5
187.0	1.317875471501299E-5	0.0	0.0	1.3204806549584047E-4	1.563122969527139E-9	1.7367957583847706E-10	1.4068113512725096E-8	-4.1488146467518865E-6	3.0506324076777867E-5
188.0	0.0	0.0	0.0	0.0	0.0	0.0	0.0	0.0	0.0
189.0	0.0	0.0	0.0	0.0	0.0	0.0	0.0	0.0	0.0
190.0	6.443298969072165E-6	0.0	0.0	1.288659793814433E-4	7.888059304920823E-10	4.1516101604846446E-11	1.4987312679349558E-8	-5.865796981846373E-6	1.8752394919990704E-5
191.0	6.367804381049414E-6	0.0	0.0	1.2735608762098828E-4	7.704297200709302E-10	4.054893263531212E-11	1.4638164681347672E-8	-5.797068846042771E-6	1.85326776081416E-5
192.0	6.51890482398957E-6	0.0	0.0	1.303780964797914E-4	8.074262819804545E-10	4.2496120104234475E-11	1.534109935762865E-8	-5.934626411881069E-6	1.8972436059860208E-5
193.0	6.456611570247934E-6	0.0	0.0	1.2913223140495868E-4	7.920688264121319E-10	4.1687832969059487E-11	1.504930770183048E-8	-5.877916397098133E-6	1.8791139537594E-5
194.0	0.0	0.0	0.0	0.0	0.0	0.0	0.0	0.0	0.0
195.0	0.0	0.0	0.0	0.0	0.0	0.0	0.0	0.0	0.0
196.0	0.0	0.0	0.0	0.0	0.0	0.0	0.0	0.0	0.0
197.0	6.090875867949811E-6	0.0	0.0	1.2181751735899622E-4	7.048766079366941E-10	3.709876883877337E-11	1.3392655550797184E-8	-5.544960967124845E-6	1.7726712703024468E-5
198.0	6.29009938357026E-6	0.0	0.0	1.258019876714052E-4	7.517416548486283E-10	3.956535025519097E-11	1.428309144212394E-8	-5.726328416043255E-6	1.8306527183183776E-5
199.0	0.0	0.0	0.0	0.0	0.0	0.0	0.0	0.0	0.0
200.0	0.0	0.0	0.0	0.0	0.0	0.0	0.0	0.0	0.0
201.0	6.456611570247934E-6	0.0	0.0	1.2913223140495868E-4	7.920688264121319E-10	4.1687832969059487E-11	1.504930770183048E-8	-5.877916397098133E-6	1.8791139537594E-5
202.0	1.2842415637193059E-5	0.0	0.0	1.303780964797914E-4	1.4847305427802972E-9	1.6492763939842085E-10	1.3362956673217192E-8	-4.04506619572802E-6	2.9729897470114138E-5
203.0	0.0	0.0	0.0	0.0	0.0	0.0	0.0	0.0	0.0
204.0	6.463288521199587E-6	0.0	0.0	1.2926577042399174E-4	7.93707871657136E-10	4.177409850827035E-11	1.508044956148559E-8	-5.883994904230586E-6	1.881057194662976E-5
205.0	6.605019815059445E-6	0.0	0.0	1.321003963011889E-4	8.288994483892301E-10	4.3626286757327915E-11	1.5749089519395372E-8	-6.013023061971972E-6	1.922306269209086E-5
206.0	0.0	0.0	0.0	0.0	0.0	0.0	0.0	0.0	0.0
207.0	6.32351081320349E-6	0.0	0.0	1.264702162640698E-4	7.597489910893273E-10	3.998678900470147E-11	1.4435230830697229E-8	-5.756745235756645E-6	1.8403766862163627E-5
208.0	1.2836565419194064E-5	0.0	0.0	1.2909888974954814E-4	1.4830504692895335E-9	1.6477741176124887E-10	1.3347507987044099E-8	-4.041359042692046E-6	2.9714489881080173E-5
209.0	0.0	0.0	0.0	0.0	0.0	0.0	0.0	0.0	0.0
210.0	0.0	0.0	0.0	0.0	0.0	0.0	0.0	0.0	0.0
211.0	0.0	0.0	0.0	0.0	0.0	0.0	0.0	0.0	0.0
212.0	0.0	0.0	0.0	0.0	0.0	0.0	0.0	0.0	0.0
213.0	0.0	0.0	0.0	0.0	0.0	0.0	0.0	0.0	0.0
214.0	1.306569179599161E-5	0.0	0.0	1.3204806549584047E-4	1.5366042481172531E-9	1.7071230210784245E-10	1.382963176220195E-8	-4.1142658284719005E-6	3.024564942045512E-5
215.0	0.0	0.0	0.0	0.0	0.0	0.0	0.0	0.0	0.0
216.0	0.0	0.0	0.0	0.0	0.0	0.0	0.0	0.0	0.0
217.0	0.0	0.0	0.0	0.0	0.0	0.0	0.0	0.0	0.0
218.0	0.0	0.0	0.0	0.0	0.0	0.0	0.0	0.0	0.0
219.0	0.0	0.0	0.0	0.0	0.0	0.0	0.0	0.0	0.0
220.0	6.367804381049414E-6	0.0	0.0	1.2735608762098828E-4	7.704297200709302E-10	4.054893263531212E-11	1.4638164681347672E-8	-5.797068846042771E-6	1.85326776081416E-5
221.0	0.0	0.0	0.0	0.0	0.0	0.0	0.0	0.0	0.0
222.0	1.2778455300680897E-5	0.0	0.0	1.2909888974954814E-4	1.4697730269508289E-9	1.6328891987149978E-10	1.3228129990664791E-8	-4.023747025702248E-6	2.9580657627064043E-5
223.0	6.32351081320349E-6	0.0	0.0	1.264702162640698E-4	7.597489910893273E-10	3.998678900470147E-11	1.4435230830697229E-8	-5.756745235756645E-6	1.8403766862163627E-5
224.0	0.0	0.0	0.0	0.0	0.0	0.0	0.0	0.0	0.0
225.0	0.0	0.0	0.0	0.0	0.0	0.0	0.0	0.0	0.0
226.0	0.0	0.0	0.0	0.0	0.0	0.0	0.0	0.0	0.0
227.0	6.443298969072165E-6	0.0	0.0	1.288659793814433E-4	7.888059304920823E-10	4.1516101604846446E-11	1.4987312679349558E-8	-5.865796981846373E-6	1.8752394919990704E-5
228.0	6.51890482398957E-6	0.0	0.0	1.303780964797914E-4	8.074262819804545E-10	4.2496120104234475E-11	1.534109935762865E-8	-5.934626411881069E-6	1.8972436059860208E-5
229.0	0.0	0.0	0.0	0.0	0.0	0.0	0.0	0.0	0.0
230.0	0.0	0.0	0.0	0.0	0.0	0.0	0.0	0.0	0.0
231.0	6.32351081320349E-6	0.0	0.0	1.264702162640698E-4	7.597489910893273E-10	3.998678900470147E-11	1.4435230830697229E-8	-5.756745235756645E-6	1.8403766862163627E-5
232.0	0.0	0.0	0.0	0.0	0.0	0.0	0.0	0.0	0.0
233.0	0.0	0.0	0.0	0.0	0.0	0.0	0.0	0.0	0.0
234.0	0.0	0.0	0.0	0.0	0.0	0.0	0.0	0.0	0.0
235.0	0.0	0.0	0.0	0.0	0.0	0.0	0.0	0.0	0.0
236.0	6.462453147214683E-6	0.0	0.0	1.2924906294429367E-4	7.935027129189551E-10	4.1763300679944956E-11	1.5076551545460133E-8	-5.883234403402856E-6	1.8808140697832224E-5
237.0	6.388143605468251E-6	0.0	0.0	1.2776287210936502E-4	7.75359195757614E-10	4.08083787240849E-11	1.473182471939465E-8	-5.815585100182432E-6	1.8591872311118933E-5
238.0	6.325910931174089E-6	0.0	0.0	1.2651821862348178E-4	7.603258330738088E-10	4.001714910914783E-11	1.4446190828402368E-8	-5.758930235213542E-6	1.841075209756172E-5
239.0	0.0	0.0	0.0	0.0	0.0	0.0	0.0	0.0	0.0
240.0	6.678242286630159E-6	0.0	0.0	1.3356484573260317E-4	8.473794807397687E-10	4.4598920038935194E-11	1.610021013405561E-8	-6.079682727277657E-6	1.9436167300537974E-5
241.0	0.0	0.0	0.0	0.0	0.0	0.0	0.0	0.0	0.0
242.0	0.0	0.0	0.0	0.0	0.0	0.0	0.0	0.0	0.0
243.0	0.0	0.0	0.0	0.0	0.0	0.0	0.0	0.0	0.0
244.0	0.0	0.0	0.0	0.0	0.0	0.0	0.0	0.0	0.0
245.0	0.0	0.0	0.0	0.0	0.0	0.0	0.0	0.0	0.0
246.0	0.0	0.0	0.0	0.0	0.0	0.0	0.0	0.0	0.0
247.0	0.0	0.0	0.0	0.0	0.0	0.0	0.0	0.0	0.0
248.0	0.0	0.0	0.0	0.0	0.0	0.0	0.0	0.0	0.0
249.0	0.0	0.0	0.0	0.0	0.0	0.0	0.0	0.0	0.0
250.0	6.090875867949811E-6	0.0	0.0	1.2181751735899622E-4	7.048766079366941E-10	3.709876883877337E-11	1.3392655550797184E-8	-5.544960967124845E-6	1.7726712703024468E-5
251.0	0.0	0.0	0.0	0.0	0.0	0.0	0.0	0.0	0.0
252.0	0.0	0.0	0.0	0.0	0.0	0.0	0.0	0.0	0.0
253.0	0.0	0.0	0.0	0.0	0.0	0.0	0.0	0.0	0.0
254.0	6.51890482398957E-6	0.0	0.0	1.303780964797914E-4	8.074262819804545E-10	4.2496120104234475E-11	1.534109935762865E-8	-5.934626411881069E-6	1.8972436059860208E-5
255.0	6.51890482398957E-6	0.0	0.0	1.303780964797914E-4	8.074262819804545E-10	4.2496120104234475E-11	1.534109935762865E-8	-5.934626411881069E-6	1.8972436059860208E-5
256.0	0.0	0.0	0.0	0.0	0.0	0.0	0.0	0.0	0.0
257.0	0.0	0.0	0.0	0.0	0.0	0.0	0.0	0.0	0.0
258.0	0.0	0.0	0.0	0.0	0.0	0.0	0.0	0.0	0.0
259.0	0.0	0.0	0.0	0.0	0.0	0.0	0.0	0.0	0.0
260.0	0.0	0.0	0.0	0.0	0.0	0.0	0.0	0.0	0.0
261.0	0.0	0.0	0.0	0.0	0.0	0.0	0.0	0.0	0.0
262.0	0.0	0.0	0.0	0.0	0.0	0.0	0.0	0.0	0.0
263.0	0.0	0.0	0.0	0.0	0.0	0.0	0.0	0.0	0.0
264.0	6.6024032747920236E-6	0.0	0.0	1.3204806549584047E-4	8.282428510567042E-10	4.3591729002984433E-11	1.573661417007738E-8	-6.010641037782627E-6	1.9215447587366674E-5
265.0	0.0	0.0	0.0	0.0	0.0	0.0	0.0	0.0	0.0
266.0	0.0	0.0	0.0	0.0	0.0	0.0	0.0	0.0	0.0
267.0	0.0	0.0	0.0	0.0	0.0	0.0	0.0	0.0	0.0
268.0	0.0	0.0	0.0	0.0	0.0	0.0	0.0	0.0	0.0
269.0	0.0	0.0	0.0	0.0	0.0	0.0	0.0	0.0	0.0
270.0	0.0	0.0	0.0	0.0	0.0	0.0	0.0	0.0	0.0
271.0	0.0	0.0	0.0	0.0	0.0	0.0	0.0	0.0	0.0
272.0	0.0	0.0	0.0	0.0	0.0	0.0	0.0	0.0	0.0
273.0	0.0	0.0	0.0	0.0	0.0	0.0	0.0	0.0	0.0
274.0	0.0	0.0	0.0	0.0	0.0	0.0	0.0	0.0	0.0
275.0	6.222000995520159E-6	0.0	0.0	1.2444001991040318E-4	7.355526313768232E-10	3.871329638825386E-11	1.3975499996159639E-8	-5.6643335713200404E-6	1.810833556236036E-5
276.0	6.29009938357026E-6	0.0	0.0	1.258019876714052E-4	7.517416548486283E-10	3.956535025519097E-11	1.428309144212394E-8	-5.726328416043255E-6	1.8306527183183776E-5
277.0	0.0	0.0	0.0	0.0	0.0	0.0	0.0	0.0	0.0
278.0	6.463288521199587E-6	0.0	0.0	1.2926577042399174E-4	7.93707871657136E-10	4.177409850827035E-11	1.508044956148559E-8	-5.883994904230586E-6	1.881057194662976E-5
279.0	6.463288521199587E-6	0.0	0.0	1.2926577042399174E-4	7.93707871657136E-10	4.177409850827035E-11	1.508044956148559E-8	-5.883994904230586E-6	1.881057194662976E-5
280.0	0.0	0.0	0.0	0.0	0.0	0.0	0.0	0.0	0.0
281.0	0.0	0.0	0.0	0.0	0.0	0.0	0.0	0.0	0.0
282.0	0.0	0.0	0.0	0.0	0.0	0.0	0.0	0.0	0.0
283.0	0.0	0.0	0.0	0.0	0.0	0.0	0.0	0.0	0.0
284.0	0.0	0.0	0.0	0.0	0.0	0.0	0.0	0.0	0.0
285.0	0.0	0.0	0.0	0.0	0.0	0.0	0.0	0.0	0.0
286.0	6.51890482398957E-6	0.0	0.0	1.303780964797914E-4	8.074262819804545E-10	4.2496120104234475E-11	1.534109935762865E-8	-5.934626411881069E-6	1.8972436059860208E-5
287.0	0.0	0.0	0.0	0.0	0.0	0.0	0.0	0.0	0.0
288.0	0.0	0.0	0.0	0.0	0.0	0.0	0.0	0.0	0.0
289.0	0.0	0.0	0.0	0.0	0.0	0.0	0.0	0.0	0.0
290.0	0.0	0.0	0.0	0.0	0.0	0.0	0.0	0.0	0.0
291.0	0.0	0.0	0.0	0.0	0.0	0.0	0.0	0.0	0.0
292.0	0.0	0.0	0.0	0.0	0.0	0.0	0.0	0.0	0.0
293.0	0.0	0.0	0.0	0.0	0.0	0.0	0.0	0.0	0.0
294.0	0.0	0.0	0.0	0.0	0.0	0.0	0.0	0.0	0.0
295.0	0.0	0.0	0.0	0.0	0.0	0.0	0.0	0.0	0.0
296.0	0.0	0.0	0.0	0.0	0.0	0.0	0.0	0.0	0.0
297.0	6.463288521199587E-6	0.0	0.0	1.2926577042399174E-4	7.93707871657136E-10	4.177409850827035E-11	1.508044956148559E-8	-5.883994904230586E-6	1.881057194662976E-5
298.0	0.0	0.0	0.0	0.0	0.0	0.0	0.0	0.0	0.0
299.0	0.0	0.0	0.0	0.0	0.0	0.0	0.0	0.0	0.0
300.0	0.0	0.0	0.0	0.0	0.0	0.0	0.0	0.0	0.0
301.0	0.0	0.0	0.0	0.0	0.0	0.0	0.0	0.0	0.0
302.0	0.0	0.0	0.0	0.0	0.0	0.0	0.0	0.0	0.0
303.0	0.0	0.0	0.0	0.0	0.0	0.0	0.0	0.0	0.0
304.0	6.462453147214683E-6	0.0	0.0	1.2924906294429367E-4	7.935027129189551E-10	4.1763300679944956E-11	1.5076551545460133E-8	-5.883234403402856E-6	1.8808140697832224E-5
305.0	0.0	0.0	0.0	0.0	0.0	0.0	0.0	0.0	0.0
306.0	0.0	0.0	0.0	0.0	0.0	0.0	0.0	0.0	0.0
307.0	0.0	0.0	0.0	0.0	0.0	0.0	0.0	0.0	0.0
308.0	0.0	0.0	0.0	0.0	0.0	0.0	0.0	0.0	0.0
309.0	0.0	0.0	0.0	0.0	0.0	0.0	0.0	0.0	0.0
310.0	0.0	0.0	0.0	0.0	0.0	0.0	0.0	0.0	0.0
311.0	0.0	0.0	0.0	0.0	0.0	0.0	0.0	0.0	0.0
312.0	0.0	0.0	0.0	0.0	0.0	0.0	0.0	0.0	0.0
313.0	6.4724919093851125E-6	0.0	0.0	1.2944983818770226E-4	7.959698788240588E-10	4.189315151705575E-11	1.512342769765712E-8	-5.892373408301337E-6	1.8837357227071562E-5
314.0	0.0	0.0	0.0	0.0	0.0	0.0	0.0	0.0	0.0
315.0	0.0	0.0	0.0	0.0	0.0	0.0	0.0	0.0	0.0
316.0	0.0	0.0	0.0	0.0	0.0	0.0	0.0	0.0	0.0
317.0	0.0	0.0	0.0	0.0	0.0	0.0	0.0	0.0	0.0
318.0	0.0	0.0	0.0	0.0	0.0	0.0	0.0	0.0	0.0
319.0	6.367804381049414E-6	0.0	0.0	1.2735608762098828E-4	7.704297200709302E-10	4.054893263531212E-11	1.4638164681347672E-8	-5.797068846042771E-6	1.85326776081416E-5
320.0	0.0	0.0	0.0	0.0	0.0	0.0	0.0	0.0	0.0
321.0	0.0	0.0	0.0	0.0	0.0	0.0	0.0	0.0	0.0
322.0	0.0	0.0	0.0	0.0	0.0	0.0	0.0	0.0	0.0
323.0	0.0	0.0	0.0	0.0	0.0	0.0	0.0	0.0	0.0
324.0	0.0	0.0	0.0	0.0	0.0	0.0	0.0	0.0	0.0
325.0	0.0	0.0	0.0	0.0	0.0	0.0	0.0	0.0	0.0
326.0	6.678242286630159E-6	0.0	0.0	1.3356484573260317E-4	8.473794807397687E-10	4.4598920038935194E-11	1.610021013405561E-8	-6.079682727277657E-6	1.9436167300537974E-5
327.0	0.0	0.0	0.0	0.0	0.0	0.0	0.0	0.0	0.0
328.0	0.0	0.0	0.0	0.0	0.0	0.0	0.0	0.0	0.0
329.0	0.0	0.0	0.0	0.0	0.0	0.0	0.0	0.0	0.0
330.0	0.0	0.0	0.0	0.0	0.0	0.0	0.0	0.0	0.0
331.0	0.0	0.0	0.0	0.0	0.0	0.0	0.0	0.0	0.0
332.0	6.462453147214683E-6	0.0	0.0	1.2924906294429367E-4	7.935027129189551E-10	4.1763300679944956E-11	1.5076551545460133E-8	-5.883234403402856E-6	1.8808140697832224E-5
333.0	0.0	0.0	0.0	0.0	0.0	0.0	0.0	0.0	0.0
334.0	0.0	0.0	0.0	0.0	0.0	0.0	0.0	0.0	0.0
335.0	0.0	0.0	0.0	0.0	0.0	0.0	0.0	0.0	0.0
336.0	0.0	0.0	0.0	0.0	0.0	0.0	0.0	0.0	0.0
337.0	0.0	0.0	0.0	0.0	0.0	0.0	0.0	0.0	0.0
338.0	0.0	0.0	0.0	0.0	0.0	0.0	0.0	0.0	0.0
339.0	0.0	0.0	0.0	0.0	0.0	0.0	0.0	0.0	0.0
340.0	0.0	0.0	0.0	0.0	0.0	0.0	0.0	0.0	0.0
341.0	0.0	0.0	0.0	0.0	0.0	0.0	0.0	0.0	0.0
342.0	0.0	0.0	0.0	0.0	0.0	0.0	0.0	0.0	0.0
343.0	0.0	0.0	0.0	0.0	0.0	0.0	0.0	0.0	0.0
344.0	0.0	0.0	0.0	0.0	0.0	0.0	0.0	0.0	0.0
345.0	0.0	0.0	0.0	0.0	0.0	0.0	0.0	0.0	0.0
346.0	6.090875867949811E-6	0.0	0.0	1.2181751735899622E-4	7.048766079366941E-10	3.709876883877337E-11	1.3392655550797184E-8	-5.544960967124845E-6	1.7726712703024468E-5
347.0	0.0	0.0	0.0	0.0	0.0	0.0	0.0	0.0	0.0
348.0	0.0	0.0	0.0	0.0	0.0	0.0	0.0	0.0	0.0
349.0	0.0	0.0	0.0	0.0	0.0	0.0	0.0	0.0	0.0
350.0	0.0	0.0	0.0	0.0	0.0	0.0	0.0	0.0	0.0
351.0	0.0	0.0	0.0	0.0	0.0	0.0	0.0	0.0	0.0
352.0	0.0	0.0	0.0	0.0	0.0	0.0	0.0	0.0	0.0
353.0	6.090875867949811E-6	0.0	0.0	1.2181751735899622E-4	7.048766079366941E-10	3.709876883877337E-11	1.3392655550797184E-8	-5.544960967124845E-6	1.7726712703024468E-5
354.0	0.0	0.0	0.0	0.0	0.0	0.0	0.0	0.0	0.0
355.0	0.0	0.0	0.0	0.0	0.0	0.0	0.0	0.0	0.0
356.0	0.0	0.0	0.0	0.0	0.0	0.0	0.0	0.0	0.0
357.0	0.0	0.0	0.0	0.0	0.0	0.0	0.0	0.0	0.0
358.0	0.0	0.0	0.0	0.0	0.0	0.0	0.0	0.0	0.0
359.0	0.0	0.0	0.0	0.0	0.0	0.0	0.0	0.0	0.0
360.0	6.463288521199587E-6	0.0	0.0	1.2926577042399174E-4	7.93707871657136E-10	4.177409850827035E-11	1.508044956148559E-8	-5.883994904230586E-6	1.881057194662976E-5
361.0	0.0	0.0	0.0	0.0	0.0	0.0	0.0	0.0	0.0
362.0	6.443298969072165E-6	0.0	0.0	1.288659793814433E-4	7.888059304920823E-10	4.1516101604846446E-11	1.4987312679349558E-8	-5.865796981846373E-6	1.8752394919990704E-5
363.0	0.0	0.0	0.0	0.0	0.0	0.0	0.0	0.0	0.0
364.0	0.0	0.0	0.0	0.0	0.0	0.0	0.0	0.0	0.0
365.0	0.0	0.0	0.0	0.0	0.0	0.0	0.0	0.0	0.0
366.0	0.0	0.0	0.0	0.0	0.0	0.0	0.0	0.0	0.0
367.0	0.0	0.0	0.0	0.0	0.0	0.0	0.0	0.0	0.0
368.0	0.0	0.0	0.0	0.0	0.0	0.0	0.0	0.0	0.0
369.0	0.0	0.0	0.0	0.0	0.0	0.0	0.0	0.0	0.0
370.0	0.0	0.0	0.0	0.0	0.0	0.0	0.0	0.0	0.0
371.0	0.0	0.0	0.0	0.0	0.0	0.0	0.0	0.0	0.0
372.0	0.0	0.0	0.0	0.0	0.0	0.0	0.0	0.0	0.0
373.0	0.0	0.0	0.0	0.0	0.0	0.0	0.0	0.0	0.0
374.0	0.0	0.0	0.0	0.0	0.0	0.0	0.0	0.0	0.0
375.0	0.0	0.0	0.0	0.0	0.0	0.0	0.0	0.0	0.0
376.0	0.0	0.0	0.0	0.0	0.0	0.0	0.0	0.0	0.0
377.0	0.0	0.0	0.0	0.0	0.0	0.0	0.0	0.0	0.0
378.0	0.0	0.0	0.0	0.0	0.0	0.0	0.0	0.0	0.0
379.0	0.0	0.0	0.0	0.0	0.0	0.0	0.0	0.0	0.0
380.0	0.0	0.0	0.0	0.0	0.0	0.0	0.0	0.0	0.0
381.0	0.0	0.0	0.0	0.0	0.0	0.0	0.0	0.0	0.0
382.0	0.0	0.0	0.0	0.0	0.0	0.0	0.0	0.0	0.0
383.0	0.0	0.0	0.0	0.0	0.0	0.0	0.0	0.0	0.0
384.0	0.0	0.0	0.0	0.0	0.0	0.0	0.0	0.0	0.0
385.0	0.0	0.0	0.0	0.0	0.0	0.0	0.0	0.0	0.0
386.0	0.0	0.0	0.0	0.0	0.0	0.0	0.0	0.0	0.0
387.0	6.391409945033875E-6	0.0	0.0	1.278281989006775E-4	7.761523006240815E-10	4.085012108547792E-11	1.4746893711857529E-8	-5.818558683258073E-6	1.8601378573325822E-5
388.0	0.0	0.0	0.0	0.0	0.0	0.0	0.0	0.0	0.0
389.0	0.0	0.0	0.0	0.0	0.0	0.0	0.0	0.0	0.0
390.0	0.0	0.0	0.0	0.0	0.0	0.0	0.0	0.0	0.0
391.0	0.0	0.0	0.0	0.0	0.0	0.0	0.0	0.0	0.0
392.0	0.0	0.0	0.0	0.0	0.0	0.0	0.0	0.0	0.0
393.0	0.0	0.0	0.0	0.0	0.0	0.0	0.0	0.0	0.0
394.0	0.0	0.0	0.0	0.0	0.0	0.0	0.0	0.0	0.0
395.0	0.0	0.0	0.0	0.0	0.0	0.0	0.0	0.0	0.0
396.0	0.0	0.0	0.0	0.0	0.0	0.0	0.0	0.0	0.0
397.0	0.0	0.0	0.0	0.0	0.0	0.0	0.0	0.0	0.0
398.0	0.0	0.0	0.0	0.0	0.0	0.0	0.0	0.0	0.0
399.0	0.0	0.0	0.0	0.0	0.0	0.0	0.0	0.0	0.0
400.0	0.0	0.0	0.0	0.0	0.0	0.0	0.0	0.0	0.0
401.0	0.0	0.0	0.0	0.0	0.0	0.0	0.0	0.0	0.0
402.0	0.0	0.0	0.0	0.0	0.0	0.0	0.0	0.0	0.0
403.0	0.0	0.0	0.0	0.0	0.0	0.0	0.0	0.0	0.0
404.0	0.0	0.0	0.0	0.0	0.0	0.0	0.0	0.0	0.0
405.0	0.0	0.0	0.0	0.0	0.0	0.0	0.0	0.0	0.0
406.0	0.0	0.0	0.0	0.0	0.0	0.0	0.0	0.0	0.0
407.0	0.0	0.0	0.0	0.0	0.0	0.0	0.0	0.0	0.0
408.0	0.0	0.0	0.0	0.0	0.0	0.0	0.0	0.0	0.0
409.0	0.0	0.0	0.0	0.0	0.0	0.0	0.0	0.0	0.0
410.0	0.0	0.0	0.0	0.0	0.0	0.0	0.0	0.0	0.0
411.0	0.0	0.0	0.0	0.0	0.0	0.0	0.0	0.0	0.0
412.0	0.0	0.0	0.0	0.0	0.0	0.0	0.0	0.0	0.0
413.0	0.0	0.0	0.0	0.0	0.0	0.0	0.0	0.0	0.0
414.0	0.0	0.0	0.0	0.0	0.0	0.0	0.0	0.0	0.0
415.0	0.0	0.0	0.0	0.0	0.0	0.0	0.0	0.0	0.0
416.0	0.0	0.0	0.0	0.0	0.0	0.0	0.0	0.0	0.0
417.0	0.0	0.0	0.0	0.0	0.0	0.0	0.0	0.0	0.0
418.0	0.0	0.0	0.0	0.0	0.0	0.0	0.0	0.0	0.0
419.0	0.0	0.0	0.0	0.0	0.0	0.0	0.0	0.0	0.0
420.0	0.0	0.0	0.0	0.0	0.0	0.0	0.0	0.0	0.0
421.0	0.0	0.0	0.0	0.0	0.0	0.0	0.0	0.0	0.0
422.0	0.0	0.0	0.0	0.0	0.0	0.0	0.0	0.0	0.0
423.0	0.0	0.0	0.0	0.0	0.0	0.0	0.0	0.0	0.0
424.0	0.0	0.0	0.0	0.0	0.0	0.0	0.0	0.0	0.0
425.0	0.0	0.0	0.0	0.0	0.0	0.0	0.0	0.0	0.0
426.0	0.0	0.0	0.0	0.0	0.0	0.0	0.0	0.0	0.0
427.0	0.0	0.0	0.0	0.0	0.0	0.0	0.0	0.0	0.0
428.0	0.0	0.0	0.0	0.0	0.0	0.0	0.0	0.0	0.0
429.0	0.0	0.0	0.0	0.0	0.0	0.0	0.0	0.0	0.0
430.0	0.0	0.0	0.0	0.0	0.0	0.0	0.0	0.0	0.0
431.0	0.0	0.0	0.0	0.0	0.0	0.0	0.0	0.0	0.0
432.0	6.678242286630159E-6	0.0	0.0	1.3356484573260317E-4	8.473794807397687E-10	4.4598920038935194E-11	1.610021013405561E-8	-6.079682727277657E-6	1.9436167300537974E-5
433.0	0.0	0.0	0.0	0.0	0.0	0.0	0.0	0.0	0.0
434.0	0.0	0.0	0.0	0.0	0.0	0.0	0.0	0.0	0.0
435.0	0.0	0.0	0.0	0.0	0.0	0.0	0.0	0.0	0.0
436.0	0.0	0.0	0.0	0.0	0.0	0.0	0.0	0.0	0.0
437.0	0.0	0.0	0.0	0.0	0.0	0.0	0.0	0.0	0.0
438.0	0.0	0.0	0.0	0.0	0.0	0.0	0.0	0.0	0.0
439.0	0.0	0.0	0.0	0.0	0.0	0.0	0.0	0.0	0.0
440.0	0.0	0.0	0.0	0.0	0.0	0.0	0.0	0.0	0.0
441.0	0.0	0.0	0.0	0.0	0.0	0.0	0.0	0.0	0.0
442.0	0.0	0.0	0.0	0.0	0.0	0.0	0.0	0.0	0.0
443.0	0.0	0.0	0.0	0.0	0.0	0.0	0.0	0.0	0.0
444.0	0.0	0.0	0.0	0.0	0.0	0.0	0.0	0.0	0.0
445.0	0.0	0.0	0.0	0.0	0.0	0.0	0.0	0.0	0.0
446.0	6.090875867949811E-6	0.0	0.0	1.2181751735899622E-4	7.048766079366941E-10	3.709876883877337E-11	1.3392655550797184E-8	-5.544960967124845E-6	1.7726712703024468E-5
447.0	0.0	0.0	0.0	0.0	0.0	0.0	0.0	0.0	0.0
448.0	0.0	0.0	0.0	0.0	0.0	0.0	0.0	0.0	0.0
449.0	6.32351081320349E-6	0.0	0.0	1.264702162640698E-4	7.597489910893273E-10	3.998678900470147E-11	1.4435230830697229E-8	-5.756745235756645E-6	1.8403766862163627E-5
450.0	0.0	0.0	0.0	0.0	0.0	0.0	0.0	0.0	0.0
451.0	0.0	0.0	0.0	0.0	0.0	0.0	0.0	0.0	0.0
452.0	0.0	0.0	0.0	0.0	0.0	0.0	0.0	0.0	0.0
453.0	0.0	0.0	0.0	0.0	0.0	0.0	0.0	0.0	0.0
454.0	0.0	0.0	0.0	0.0	0.0	0.0	0.0	0.0	0.0
455.0	0.0	0.0	0.0	0.0	0.0	0.0	0.0	0.0	0.0
456.0	0.0	0.0	0.0	0.0	0.0	0.0	0.0	0.0	0.0
457.0	0.0	0.0	0.0	0.0	0.0	0.0	0.0	0.0	0.0
458.0	0.0	0.0	0.0	0.0	0.0	0.0	0.0	0.0	0.0
459.0	0.0	0.0	0.0	0.0	0.0	0.0	0.0	0.0	0.0
460.0	0.0	0.0	0.0	0.0	0.0	0.0	0.0	0.0	0.0
461.0	0.0	0.0	0.0	0.0	0.0	0.0	0.0	0.0	0.0
462.0	0.0	0.0	0.0	0.0	0.0	0.0	0.0	0.0	0.0
463.0	6.090875867949811E-6	0.0	0.0	1.2181751735899622E-4	7.048766079366941E-10	3.709876883877337E-11	1.3392655550797184E-8	-5.544960967124845E-6	1.7726712703024468E-5
464.0	0.0	0.0	0.0	0.0	0.0	0.0	0.0	0.0	0.0
465.0	0.0	0.0	0.0	0.0	0.0	0.0	0.0	0.0	0.0
466.0	0.0	0.0	0.0	0.0	0.0	0.0	0.0	0.0	0.0
467.0	0.0	0.0	0.0	0.0	0.0	0.0	0.0	0.0	0.0
468.0	0.0	0.0	0.0	0.0	0.0	0.0	0.0	0.0	0.0
469.0	0.0	0.0	0.0	0.0	0.0	0.0	0.0	0.0	0.0
470.0	0.0	0.0	0.0	0.0	0.0	0.0	0.0	0.0	0.0
471.0	0.0	0.0	0.0	0.0	0.0	0.0	0.0	0.0	0.0
472.0	0.0	0.0	0.0	0.0	0.0	0.0	0.0	0.0	0.0
473.0	0.0	0.0	0.0	0.0	0.0	0.0	0.0	0.0	0.0
474.0	0.0	0.0	0.0	0.0	0.0	0.0	0.0	0.0	0.0
475.0	0.0	0.0	0.0	0.0	0.0	0.0	0.0	0.0	0.0
476.0	6.4724919093851125E-6	0.0	0.0	1.2944983818770226E-4	7.959698788240588E-10	4.189315151705575E-11	1.512342769765712E-8	-5.892373408301337E-6	1.8837357227071562E-5
477.0	0.0	0.0	0.0	0.0	0.0	0.0	0.0	0.0	0.0
478.0	0.0	0.0	0.0	0.0	0.0	0.0	0.0	0.0	0.0
479.0	0.0	0.0	0.0	0.0	0.0	0.0	0.0	0.0	0.0
480.0	0.0	0.0	0.0	0.0	0.0	0.0	0.0	0.0	0.0
481.0	0.0	0.0	0.0	0.0	0.0	0.0	0.0	0.0	0.0
482.0	0.0	0.0	0.0	0.0	0.0	0.0	0.0	0.0	0.0
483.0	0.0	0.0	0.0	0.0	0.0	0.0	0.0	0.0	0.0
484.0	0.0	0.0	0.0	0.0	0.0	0.0	0.0	0.0	0.0
485.0	0.0	0.0	0.0	0.0	0.0	0.0	0.0	0.0	0.0
486.0	0.0	0.0	0.0	0.0	0.0	0.0	0.0	0.0	0.0
487.0	0.0	0.0	0.0	0.0	0.0	0.0	0.0	0.0	0.0
488.0	0.0	0.0	0.0	0.0	0.0	0.0	0.0	0.0	0.0
489.0	0.0	0.0	0.0	0.0	0.0	0.0	0.0	0.0	0.0
490.0	0.0	0.0	0.0	0.0	0.0	0.0	0.0	0.0	0.0
491.0	0.0	0.0	0.0	0.0	0.0	0.0	0.0	0.0	0.0
492.0	0.0	0.0	0.0	0.0	0.0	0.0	0.0	0.0	0.0
493.0	0.0	0.0	0.0	0.0	0.0	0.0	0.0	0.0	0.0
494.0	0.0	0.0	0.0	0.0	0.0	0.0	0.0	0.0	0.0
495.0	0.0	0.0	0.0	0.0	0.0	0.0	0.0	0.0	0.0
496.0	0.0	0.0	0.0	0.0	0.0	0.0	0.0	0.0	0.0
497.0	0.0	0.0	0.0	0.0	0.0	0.0	0.0	0.0	0.0
498.0	0.0	0.0	0.0	0.0	0.0	0.0	0.0	0.0	0.0
499.0	0.0	0.0	0.0	0.0	0.0	0.0	0.0	0.0	0.0
500.0	0.0	0.0	0.0	0.0	0.0	0.0	0.0	0.0	0.0
501.0	0.0	0.0	0.0	0.0	0.0	0.0	0.0	0.0	0.0
502.0	0.0	0.0	0.0	0.0	0.0	0.0	0.0	0.0	0.0
503.0	0.0	0.0	0.0	0.0	0.0	0.0	0.0	0.0	0.0
504.0	0.0	0.0	0.0	0.0	0.0	0.0	0.0	0.0	0.0
505.0	0.0	0.0	0.0	0.0	0.0	0.0	0.0	0.0	0.0
506.0	0.0	0.0	0.0	0.0	0.0	0.0	0.0	0.0	0.0
507.0	0.0	0.0	0.0	0.0	0.0	0.0	0.0	0.0	0.0
508.0	0.0	0.0	0.0	0.0	0.0	0.0	0.0	0.0	0.0
509.0	0.0	0.0	0.0	0.0	0.0	0.0	0.0	0.0	0.0
510.0	0.0	0.0	0.0	0.0	0.0	0.0	0.0	0.0	0.0
511.0	0.0	0.0	0.0	0.0	0.0	0.0	0.0	0.0	0.0
512.0	0.0	0.0	0.0	0.0	0.0	0.0	0.0	0.0	0.0
513.0	0.0	0.0	0.0	0.0	0.0	0.0	0.0	0.0	0.0
514.0	0.0	0.0	0.0	0.0	0.0	0.0	0.0	0.0	0.0
515.0	0.0	0.0	0.0	0.0	0.0	0.0	0.0	0.0	0.0
516.0	0.0	0.0	0.0	0.0	0.0	0.0	0.0	0.0	0.0
517.0	0.0	0.0	0.0	0.0	0.0	0.0	0.0	0.0	0.0
518.0	0.0	0.0	0.0	0.0	0.0	0.0	0.0	0.0	0.0
519.0	0.0	0.0	0.0	0.0	0.0	0.0	0.0	0.0	0.0
520.0	0.0	0.0	0.0	0.0	0.0	0.0	0.0	0.0	0.0
521.0	0.0	0.0	0.0	0.0	0.0	0.0	0.0	0.0	0.0
522.0	0.0	0.0	0.0	0.0	0.0	0.0	0.0	0.0	0.0
523.0	0.0	0.0	0.0	0.0	0.0	0.0	0.0	0.0	0.0
524.0	0.0	0.0	0.0	0.0	0.0	0.0	0.0	0.0	0.0
525.0	0.0	0.0	0.0	0.0	0.0	0.0	0.0	0.0	0.0
526.0	0.0	0.0	0.0	0.0	0.0	0.0	0.0	0.0	0.0
527.0	0.0	0.0	0.0	0.0	0.0	0.0	0.0	0.0	0.0
528.0	0.0	0.0	0.0	0.0	0.0	0.0	0.0	0.0	0.0
529.0	0.0	0.0	0.0	0.0	0.0	0.0	0.0	0.0	0.0
530.0	0.0	0.0	0.0	0.0	0.0	0.0	0.0	0.0	0.0
531.0	0.0	0.0	0.0	0.0	0.0	0.0	0.0	0.0	0.0
532.0	0.0	0.0	0.0	0.0	0.0	0.0	0.0	0.0	0.0
533.0	0.0	0.0	0.0	0.0	0.0	0.0	0.0	0.0	0.0
534.0	0.0	0.0	0.0	0.0	0.0	0.0	0.0	0.0	0.0
535.0	0.0	0.0	0.0	0.0	0.0	0.0	0.0	0.0	0.0
536.0	0.0	0.0	0.0	0.0	0.0	0.0	0.0	0.0	0.0
537.0	0.0	0.0	0.0	0.0	0.0	0.0	0.0	0.0	0.0
538.0	0.0	0.0	0.0	0.0	0.0	0.0	0.0	0.0	0.0
539.0	0.0	0.0	0.0	0.0	0.0	0.0	0.0	0.0	0.0
540.0	0.0	0.0	0.0	0.0	0.0	0.0	0.0	0.0	0.0
541.0	0.0	0.0	0.0	0.0	0.0	0.0	0.0	0.0	0.0
542.0	0.0	0.0	0.0	0.0	0.0	0.0	0.0	0.0	0.0
543.0	0.0	0.0	0.0	0.0	0.0	0.0	0.0	0.0	0.0
544.0	0.0	0.0	0.0	0.0	0.0	0.0	0.0	0.0	0.0
545.0	0.0	0.0	0.0	0.0	0.0	0.0	0.0	0.0	0.0
546.0	0.0	0.0	0.0	0.0	0.0	0.0	0.0	0.0	0.0
547.0	0.0	0.0	0.0	0.0	0.0	0.0	0.0	0.0	0.0
548.0	0.0	0.0	0.0	0.0	0.0	0.0	0.0	0.0	0.0
549.0	0.0	0.0	0.0	0.0	0.0	0.0	0.0	0.0	0.0
550.0	0.0	0.0	0.0	0.0	0.0	0.0	0.0	0.0	0.0
551.0	0.0	0.0	0.0	0.0	0.0	0.0	0.0	0.0	0.0
552.0	0.0	0.0	0.0	0.0	0.0	0.0	0.0	0.0	0.0
553.0	0.0	0.0	0.0	0.0	0.0	0.0	0.0	0.0	0.0
554.0	0.0	0.0	0.0	0.0	0.0	0.0	0.0	0.0	0.0
555.0	0.0	0.0	0.0	0.0	0.0	0.0	0.0	0.0	0.0
556.0	6.462453147214683E-6	0.0	0.0	1.2924906294429367E-4	7.935027129189551E-10	4.1763300679944956E-11	1.5076551545460133E-8	-5.883234403402856E-6	1.8808140697832224E-5
