0.0	0.0	0.0	0.0	0.0	0.0	0.0	0.0	0.0	0.0
1.0	0.0	0.0	0.0	0.0	0.0	0.0	0.0	0.0	0.0
2.0	0.001649849508997397	0.0015117919774239065	0.0014142842711384988	0.0020234722784297854	7.138161238333742E-8	3.727543165584232E-8	1.3959397383832763E-7	0.0013475143736856987	0.0019521846443090955
3.0	0.0011105904739007544	0.0010102030508132135	9.105625252934035E-4	0.0014110058455956461	4.677940349626731E-8	2.5044407469110983E-8	9.024939555057995E-8	8.658404269336084E-4	0.0013553405208679005
4.0	0.09385676989193441	0.09413424712759524	0.09213051823416507	0.0953055443140429	1.7186285761390481E-6	2.9799447859513846E-6	1.0879704712328798E-6	0.09237327362319449	0.09534026616067433
5.0	0.00858494580301424	0.008566821205402137	0.007576522881099101	0.009611493322541482	6.903483667766665E-7	5.086226452412336E-7	1.0537998098475325E-6	0.007644725565373214	0.009525166040655265
6.0	0.3272952395015648	0.3222132634549486	0.3198302858874634	0.3398421691622825	7.96591523033547E-5	4.0776006499533425E-5	1.5742544391099725E-4	0.3171954276305683	0.3373950513725613
7.0	0.038244699935655484	0.03799637169925418	0.03495302555813719	0.04178470254957507	7.809468542387388E-6	5.44839356030232E-6	1.2531618506557523E-5	0.03508237724748068	0.04140702262383029
8.0	0.261276578659199	0.26376401656733	0.25448498286635757	0.26558073654390935	2.361296528555428E-5	4.6125773413341586E-5	1.235656122166063E-5	0.25577774340552983	0.2667754139128682
9.0	0.03484132945570655	0.03743423715095103	0.028891807253257906	0.0381979439629107	1.7795615234486923E-5	3.53968144374294E-5	8.995015633015688E-6	0.030067664354871033	0.03961499455654207
10.0	0.13596891576994705	0.13515420278169724	0.13182921893970054	0.14092332558844328	1.411567458306261E-5	8.900423549787964E-6	2.4546176649611905E-5	0.13171737583410054	0.14022045570579356
11.0	0.019824014000390407	0.02161834528740277	0.01537838931606637	0.022475307397702076	1.0004186760017027E-5	1.9763578833871195E-5	5.124490723089944E-6	0.016244810929999763	0.02340321707078105
12.0	0.049479283995214986	0.052811933078008466	0.040064751112909754	0.05556116779472674	4.557642995060473E-5	8.863342939200647E-5	2.4047930229903864E-5	0.04183977237691889	0.05711879561351108
13.0	0.007673226444764894	0.008586725931912315	0.005362201537838932	0.009070751864543439	2.7094649107926497E-6	5.340836120432153E-6	1.3937793059728985E-6	0.005810550913770026	0.009535901975759762
14.0	0.011781112051552684	0.012195121951219513	0.009611493322541482	0.01353672088089706	2.653603995990085E-6	4.7072454292761835E-6	1.6267832793470352E-6	0.009937737870782042	0.013624486232323325
15.0	0.0026248746860335647	0.0031243700866760734	0.001517604208822339	0.003232649762602283	6.149780362215691E-7	1.2260479097035755E-6	3.0944309948056596E-7	0.0017374627891955782	0.0035122865828715513
16.0	0.0026926573344658584	0.0028285685422769977	0.002225819506272764	0.003023583954847813	1.1530728077271667E-7	2.1793755783204503E-7	6.399214224305248E-8	0.0023083985458799763	0.0030769161230517405
17.0	6.734119842716742E-4	5.058680696074464E-4	4.0314452731304173E-4	0.0011112233558945347	9.759808625139692E-8	5.055773081595017E-8	1.9167879712229044E-7	3.198902696423526E-4	0.001026933698900996
18.0	9.419677840316055E-4	0.0010102030508132135	4.046944556859571E-4	0.0014110058455956461	1.7110512806004027E-7	2.8866262935161095E-7	1.1232637741425498E-7	4.7388037767981075E-4	0.0014100551903834004
19.0	4.3720825109525035E-4	6.06121830487928E-4	0.0	7.055029227978231E-4	9.722162766433507E-8	1.9115105482576747E-7	5.0256914083618845E-8	8.436900307272208E-5	7.900474991177787E-4
20.0	4.71191110464566E-4	5.039306591413022E-4	3.035208417644678E-4	6.06121830487928E-4	1.5797165419847473E-8	2.8113319005963136E-8	9.639088626789642E-9	3.2896313539532954E-4	6.134190855338025E-4
21.0	2.355309748834115E-4	3.023583954847813E-4	1.0117361392148928E-4	3.03060915243964E-4	9.026032477994808E-9	1.8051900444652265E-8	4.51309849466608E-9	1.2802220567912E-4	3.43039744087703E-4
22.0	6.731991524991657E-5	1.0078613182826043E-4	0.0	1.0117361392148928E-4	2.2660105183567374E-9	4.53197098925595E-9	1.1330302829071306E-9	1.3452466800600276E-5	1.2118736369923287E-4
23.0	1.0099335027702367E-4	1.0102030508132135E-4	1.0078613182826043E-4	1.0117361392148928E-4	2.5387009499530415E-14	4.2939485507841636E-14	1.6610771495374806E-14	1.0081304799778738E-4	1.0117365255625995E-4
24.0	3.367343502710712E-5	0.0	0.0	1.0102030508132135E-4	2.2678004530496086E-9	1.1339002265248045E-9	4.5356009060992165E-9	-2.0215284325633664E-5	8.75621543798479E-5
25.0	3.367343502710712E-5	0.0	0.0	1.0102030508132135E-4	2.2678004530496086E-9	1.1339002265248045E-9	4.5356009060992165E-9	-2.0215284325633664E-5	8.75621543798479E-5
26.0	3.367343502710712E-5	0.0	0.0	1.0102030508132135E-4	2.2678004530496086E-9	1.1339002265248045E-9	4.5356009060992165E-9	-2.0215284325633664E-5	8.75621543798479E-5
27.0	3.367343502710712E-5	0.0	0.0	1.0102030508132135E-4	2.2678004530496086E-9	1.1339002265248045E-9	4.5356009060992165E-9	-2.0215284325633664E-5	8.75621543798479E-5
28.0	0.0	0.0	0.0	0.0	0.0	0.0	0.0	0.0	0.0
29.0	0.0	0.0	0.0	0.0	0.0	0.0	0.0	0.0	0.0
30.0	0.0	0.0	0.0	0.0	0.0	0.0	0.0	0.0	0.0
31.0	0.0	0.0	0.0	0.0	0.0	0.0	0.0	0.0	0.0
32.0	3.359537727608681E-5	0.0	0.0	1.0078613182826043E-4	2.2572987486452205E-9	1.1286493743226098E-9	4.514597497290442E-9	-2.016842365848093E-5	8.735917821065455E-5
