0	0.0
1	0.0012086583891880013
2	0.047027799142951326
3	0.07669486869574772
4	0.04164377540929568
5	0.011976705856499285
6	0.0037358532029447312
7	9.889023184265465E-4
8	4.395121415229096E-4
9	8.790242830458192E-4
10	0.011976705856499285
11	0.06142182177782661
12	0.10163718272717284
13	0.1127348643006263
14	0.06208108999011098
15	0.021096582793099658
16	0.006592682122843643
17	0.0020876826722338203
18	0.0031864630260410942
19	0.008130974618173827
20	0.026810240632897483
21	0.07977145368640809
22	0.06109218767168443
23	0.045819140753763324
24	0.021316338863861115
25	0.009889023184265466
26	0.005164267662894188
27	0.004614877485990551
28	0.006043291945940007
29	0.011097681573453467
30	0.01801999780243929
31	0.024722557960663662
32	0.013844632457971651
33	0.011207559608834194
34	0.005713657839797825
35	0.006263048016701462
36	0.0035160971321832766
37	0.005164267662894188
38	0.0041753653444676405
39	0.005933413910559279
40	0.0032963410614218216
41	0.0037358532029447312
42	0.0024173167783760026
43	0.00252719481375673
44	0.003076584990660367
45	0.003955609273706186
46	0.002197560707614548
47	9.889023184265465E-4
48	9.889023184265465E-4
49	0.0013185364245687286
50	0.001098780353807274
51	0.0018679266014723656
52	0.0018679266014723656
53	0.001977804636853093
54	0.0015382924953301835
55	9.889023184265465E-4
56	0.0018679266014723656
57	8.790242830458192E-4
58	7.691462476650917E-4
59	3.2963410614218216E-4
60	7.691462476650917E-4
61	8.790242830458192E-4
62	4.395121415229096E-4
63	0.001098780353807274
64	8.790242830458192E-4
65	3.2963410614218216E-4
66	6.592682122843643E-4
67	5.49390176903637E-4
68	6.592682122843643E-4
69	2.197560707614548E-4
70	2.197560707614548E-4
71	5.49390176903637E-4
72	8.790242830458192E-4
73	4.395121415229096E-4
74	1.098780353807274E-4
75	3.2963410614218216E-4
76	3.2963410614218216E-4
77	2.197560707614548E-4
78	6.592682122843643E-4
79	1.098780353807274E-4
80	1.098780353807274E-4
81	3.2963410614218216E-4
82	1.098780353807274E-4
83	1.098780353807274E-4
84	2.197560707614548E-4
85	3.2963410614218216E-4
86	0.0
87	0.0
88	3.2963410614218216E-4
89	0.0
90	0.0
91	2.197560707614548E-4
92	1.098780353807274E-4
93	2.197560707614548E-4
94	1.098780353807274E-4
95	1.098780353807274E-4
96	3.2963410614218216E-4
97	2.197560707614548E-4
98	1.098780353807274E-4
99	1.098780353807274E-4
100	1.098780353807274E-4
101	1.098780353807274E-4
102	0.0
103	2.197560707614548E-4
104	2.197560707614548E-4
105	0.0
106	0.0
107	2.197560707614548E-4
108	0.0
109	1.098780353807274E-4
110	0.0
111	0.0
112	0.0
113	2.197560707614548E-4
114	0.0
115	0.0
116	0.0
117	0.0
118	0.0
119	0.0
120	0.0
121	0.0
122	0.0
123	0.0
124	1.098780353807274E-4
125	1.098780353807274E-4
126	1.098780353807274E-4
127	0.0
128	0.0
129	0.0
130	1.098780353807274E-4
131	1.098780353807274E-4
132	1.098780353807274E-4
133	0.0
134	1.098780353807274E-4
135	0.0
136	0.0
137	0.0
138	0.0
139	0.0
140	0.0
141	0.0
142	0.0
143	0.0
144	1.098780353807274E-4
145	0.0
146	0.0
147	0.0
148	0.0
149	0.0
150	2.197560707614548E-4
151	0.0
152	1.098780353807274E-4
153	0.0
154	0.0
155	0.0
156	0.0
157	0.0
158	0.0
159	0.0
160	0.0
161	0.0
162	1.098780353807274E-4
163	0.0
164	0.0
165	0.0
166	0.0
167	0.0
168	0.0
169	0.0
170	0.0
171	1.098780353807274E-4
172	0.0
173	0.0
174	0.0
175	1.098780353807274E-4
176	1.098780353807274E-4
177	0.0
178	0.0
179	0.0
180	0.0
181	0.0
182	0.0
183	0.0
184	0.0
185	0.0
186	0.0
187	0.0
188	0.0
189	0.0
190	0.0
191	0.0
192	0.0
193	0.0
194	0.0
195	0.0
196	0.0
197	0.0
198	0.0
199	0.0
200	0.0
201	0.0
202	0.0
203	0.0
204	0.0
205	0.0
206	0.0
207	0.0
208	0.0
209	0.0
210	0.0
211	1.098780353807274E-4
212	0.0
213	0.0
214	0.0
215	0.0
216	0.0
217	0.0
218	0.0
219	0.0
220	0.0
221	0.0
222	0.0
223	0.0
224	0.0
225	0.0
226	0.0
227	0.0
228	0.0
229	0.0
230	0.0
231	0.0
232	0.0
233	0.0
234	0.0
235	0.0
236	0.0
237	0.0
238	0.0
239	0.0
240	0.0
241	0.0
242	0.0
243	0.0
244	0.0
245	0.0
246	0.0
247	0.0
248	0.0
249	0.0
250	0.0
251	0.0
252	0.0
253	0.0
254	0.0
255	0.0
256	0.0
257	0.0
258	0.0
259	0.0
260	0.0
261	0.0
262	0.0
263	0.0
264	0.0
265	0.0
266	0.0
267	0.0
268	0.0
269	0.0
270	0.0
271	0.0
272	0.0
273	0.0
274	0.0
275	0.0
276	0.0
277	0.0
278	0.0
279	0.0
280	0.0
281	0.0
282	0.0
283	0.0
284	0.0
285	0.0
286	0.0
287	0.0
288	0.0
289	0.0
290	0.0
291	0.0
292	0.0
293	0.0
294	0.0
295	0.0
296	0.0
297	0.0
298	0.0
299	0.0
300	0.0
301	0.0
302	0.0
303	0.0
304	0.0
305	0.0
306	0.0
307	0.0
308	0.0
309	0.0
310	0.0
311	0.0
312	0.0
313	0.0
314	0.0
315	0.0
316	0.0
317	0.0
318	0.0
319	0.0
320	0.0
321	0.0
322	0.0
323	0.0
324	0.0
325	0.0
326	0.0
327	0.0
328	0.0
329	0.0
330	0.0
331	0.0
332	0.0
333	0.0
334	0.0
335	0.0
336	0.0
337	0.0
338	0.0
339	0.0
340	0.0
341	0.0
342	0.0
343	0.0
344	0.0
345	0.0
346	0.0
347	0.0
348	0.0
349	0.0
350	0.0
351	0.0
352	0.0
353	0.0
354	0.0
355	0.0
356	0.0
357	0.0
358	0.0
359	0.0
360	0.0
361	0.0
362	0.0
363	0.0
364	0.0
365	0.0
366	0.0
367	0.0
368	0.0
369	0.0
370	0.0
371	0.0
372	0.0
373	0.0
374	0.0
375	0.0
376	0.0
377	0.0
378	0.0
379	0.0
380	0.0
381	0.0
382	0.0
383	0.0
384	0.0
385	0.0
386	0.0
387	0.0
388	0.0
389	0.0
390	0.0
391	0.0
392	0.0
393	0.0
394	0.0
395	0.0
396	0.0
397	0.0
398	0.0
399	0.0
400	0.0
401	0.0
402	0.0
403	0.0
404	0.0
405	0.0
406	0.0
407	0.0
408	0.0
409	0.0
410	0.0
411	0.0
412	0.0
413	0.0
414	0.0
415	0.0
416	0.0
417	0.0
418	0.0
419	0.0
420	0.0
421	0.0
422	0.0
423	0.0
424	0.0
425	0.0
426	0.0
427	0.0
428	0.0
429	0.0
430	0.0
431	0.0
432	0.0
433	0.0
434	1.098780353807274E-4
435	0.0
436	0.0
437	0.0
438	0.0
439	0.0
440	0.0
441	0.0
442	0.0
443	0.0
444	0.0
445	0.0
446	0.0
447	0.0
448	0.0
449	0.0
450	0.0
451	0.0
452	0.0
453	0.0
454	0.0
455	0.0
456	0.0
457	0.0
458	0.0
459	0.0
460	0.0
461	0.0
462	0.0
463	0.0
464	0.0
465	0.0
466	0.0
467	0.0
468	0.0
469	0.0
470	0.0
471	0.0
472	0.0
473	0.0
474	0.0
475	0.0
476	0.0
477	0.0
478	0.0
479	0.0
480	0.0
481	0.0
482	0.0
483	0.0
484	0.0
485	0.0
486	0.0
487	0.0
488	0.0
489	0.0
490	0.0
491	0.0
492	0.0
493	0.0
494	0.0
495	0.0
496	0.0
497	0.0
498	1.098780353807274E-4
