0.0	0.0	0.0	0.0	0.0	0.0	0.0	0.0	0.0	0.0
1.0	0.0014824027113536664	0.0015182186234817814	9.096816114359974E-4	0.0021845283988691853	1.103640456742368E-7	1.0798100328182714E-7	1.1274708806664651E-7	0.0013368048889348286	0.0016280005337725042
2.0	0.028119270813597497	0.031189083820662766	0.009309967141292442	0.050101214574898786	1.1606157521843346E-4	1.1417750121410386E-4	1.1794564922276298E-4	0.02339771308674964	0.03284082854044535
3.0	0.029189612520348462	0.029944944272861554	0.011363636363636364	0.047643707923355774	1.372300646919176E-4	1.285253715741515E-4	1.459347578096838E-4	0.024055496157621228	0.034323728883075694
4.0	0.0073944222111551995	0.007360537190082644	0.002530633990410229	0.016573886639676114	1.4910218515671894E-5	1.0531836642581906E-5	2.0261574138337443E-5	0.0057020999095559275	0.009086744512754472
5.0	0.00135018707367435	0.0013149243918474688	0.0	0.004048582995951417	1.0536544759238411E-6	5.882781817189657E-7	1.7517189172311545E-6	9.003138118155777E-4	0.0018000603355331221
6.0	1.9557219973885382E-4	1.3319126265316994E-4	0.0	5.178663904712584E-4	3.3064139818494977E-8	2.5889094885138837E-8	4.1833639181485805E-8	1.1587928928669054E-4	2.7526511019101713E-4
7.0	5.9373137449310027E-5	0.0	0.0	2.738225629791895E-4	6.187659168323757E-9	3.5251694505746605E-9	1.0181393744947403E-8	2.489813820273096E-5	9.384813669588909E-5
8.0	6.745063965265328E-4	5.37129045253122E-4	1.2850167052171679E-4	0.0021416142417347074	2.8542730705476693E-7	1.0552974814246515E-7	7.051882778501379E-7	4.4035926940540063E-4	9.08653523647665E-4
9.0	0.007246894037473127	0.008164904296613573	6.574621959237344E-4	0.014263485477178423	1.3218943939818575E-5	1.290366723441379E-5	1.3534220645223358E-5	0.005653440319299816	0.00884034775564644
10.0	0.018661066903906433	0.018973359324236518	0.008547008547008548	0.028796487603305786	2.9107367873810405E-5	2.744311996245083E-5	3.0771615785169974E-5	0.016296549358781953	0.021025584449030913
11.0	0.030133306777943774	0.030447445062218692	0.018893756845564075	0.03944773175542406	2.2231562589174222E-5	2.4733435702752626E-5	2.0184575496246424E-5	0.02806685122745918	0.03219976232842837
12.0	0.10037229847481777	0.10348961108151306	0.0779434057604851	0.1189566592016862	1.5385256771394842E-4	1.8847658407540404E-4	1.2552382705457562E-4	0.0949361232378984	0.10580847371173713
13.0	0.09957790482367715	0.10314547837483617	0.059967141292442495	0.12677125506072875	2.693141086615114E-4	3.3736404217530436E-4	2.136368903320445E-4	0.09238555791938345	0.10677025172797085
14.0	0.023554426641954528	0.021756225425950196	0.012458926615553121	0.033855482566953005	3.6257601178394496E-5	3.197543148774132E-5	4.149136413363728E-5	0.020915419246294937	0.026193434037614118
15.0	0.0036724361904774865	0.003341043433564636	0.0013319126265316996	0.0075910931174089065	2.420523536487889E-6	1.9053004781758756E-6	3.0502406077581293E-6	0.0029905753829158597	0.004354296998039114
16.0	8.610969696343335E-4	9.076763485477179E-4	1.3173494928204451E-4	0.001644736842105263	2.399270449776272E-7	2.2924077139989383E-7	2.506133185553604E-7	6.464223628469852E-4	0.001075771576421682
17.0	0.0015329950083429592	0.0014241325737959607	1.3149243918474687E-4	0.003283856561145409	6.048528926147919E-7	3.89603825811104E-7	9.277264928203241E-7	0.0011921429236882674	0.0018738470929976511
18.0	0.00488615234116253	0.005308130502330399	0.0014464168310322155	0.008800735583869696	5.506027534881851E-6	5.322463922287209E-6	5.689591147476494E-6	0.0038577566153351105	0.0059145480669899496
19.0	0.022162529929943532	0.022742040285899934	0.0067061143984220905	0.03547048587873109	5.563647025886785E-5	6.453361257861111E-5	4.835699017907789E-5	0.0188934852365624	0.025431574623324665
20.0	0.054721843712394636	0.056530214424951264	0.02774490466798159	0.06886637458926616	9.060907883455936E-5	1.0661385672804376E-4	7.460430094107496E-5	0.05055001055866687	0.0588936768661224
21.0	0.08932657006392736	0.0925706771860618	0.06301867219917012	0.10696185649506534	1.6834512254306765E-4	1.956907742562148E-4	1.409994708299205E-4	0.08364011852205412	0.0950130216058006
22.0	0.11041673167678323	0.11559633027522936	0.07780942516830658	0.15210484511517078	5.82068310730374E-4	6.200291512510068E-4	5.510094412134928E-4	0.0998430056956028	0.12099045765796367
23.0	0.054142036998678825	0.05497076023391813	0.041817711030554115	0.06029819237366407	1.599085478950079E-5	2.649546485658338E-5	8.987781411445731E-6	0.05238946078408292	0.05589461321327473
24.0	0.01611599552260521	0.016775884665792922	0.012491781722550954	0.01910425101214575	3.5307874909401505E-6	5.072487785599916E-6	2.5029872945003067E-6	0.01529247037954048	0.01693952066566994
25.0	0.004184790252836685	0.004134435849559883	0.0023712290870768014	0.00647332988089073	1.2505605921803711E-6	9.774072381238023E-7	1.5844146915828436E-6	0.003694680389085703	0.004674900116587666
26.0	0.0027721512478406374	0.002530633990410229	0.001200320085356095	0.005423553719008265	1.3737393835936857E-6	1.0672983237071627E-6	1.7482784567883247E-6	0.0022584705485724295	0.0032858319471088453
27.0	0.00688101796578901	0.007074279939363315	0.003287310979618672	0.010639695258111126	3.793862487853519E-6	4.3164344377615895E-6	3.3663036197469157E-6	0.00602736399217505	0.007734671939402971
28.0	0.012486657164940587	0.012670045345425446	0.00631163708086785	0.021542099041113885	1.0891422624858972E-5	9.460974888883848E-6	1.2321870360834097E-5	0.011040273931567457	0.013933040398313718
29.0	0.03176349329002433	0.03109740426625546	0.022616699539776464	0.04139578081464774	2.6559703073946377E-5	1.9668837010863057E-5	3.689600216857133E-5	0.029504823821854268	0.034022162758194384
30.0	0.03730782136540186	0.036760788492274904	0.028267634854771784	0.0494006059807667	2.9354030629205576E-5	2.3080195691215737E-5	3.7022051108970936E-5	0.034933306214206185	0.039682336516597534
31.0	0.05076299518365448	0.05161204723364734	0.03189834024896265	0.07455621301775148	1.522135663525397E-4	1.304248761878118E-4	1.7400225651726766E-4	0.04535585344101486	0.0561701369262941
32.0	0.022112918509529372	0.022804718217562255	0.01579492490937338	0.025416997617156472	4.865828119687412E-6	9.583345585948335E-6	2.3256264070853784E-6	0.02114615676782175	0.023079680251236995
33.0	0.012622349387192231	0.01301775147928994	0.007464574898785425	0.01667111229661243	5.6430100246322025E-6	6.137002614315302E-6	5.1490174349491E-6	0.011581239707316305	0.013663459067068158
34.0	0.006360535932977041	0.006535076020272072	0.004339250493096647	0.009326152633652962	1.1787525983657137E-6	1.0552838180709194E-6	1.3022213786605085E-6	0.005884705291788302	0.006836366574165779
35.0	0.005079325016867998	0.005268568491390388	0.0024983563445101905	0.0068304216471824514	1.1169949510233485E-6	1.5980207859948441E-6	7.234283587739434E-7	0.004616127013641986	0.00554252302009401
36.0	0.0063590752974906194	0.006393180607352157	0.002638870563398865	0.010043041606886656	3.390683091362326E-6	3.6260317922545853E-6	3.198125063359569E-6	0.005552054598754289	0.00716609599622695
37.0	0.008308714859869318	0.008325500201423391	0.0046022353714661405	0.01162190082644628	3.2711273298353153E-6	3.2337175652797997E-6	3.3085370943908293E-6	0.007516049648374094	0.009101380071364542
38.0	0.010263480637658631	0.010245632470773676	0.0067061143984220905	0.013892529488859764	3.1777337921673863E-6	2.8161302643677213E-6	3.6196936594780872E-6	0.009482213009505825	0.011044748265811437
39.0	0.015501805252419773	0.014594666312856575	0.008966861598440545	0.02616699539776463	2.1628696189711386E-5	1.402120877608115E-5	3.092673636192613E-5	0.01346356091865609	0.017540049586183458
40.0	0.006316730370656509	0.006237816764132553	0.0032985882042485815	0.008923814597762387	1.3421992248676876E-6	1.2030466126397763E-6	1.5509281432095544E-6	0.0058089807993986055	0.006824479941914413
41.0	0.004591451804692029	0.004765687053216839	0.0029823651452282156	0.006290956749672346	7.188434358313211E-7	8.294410326978248E-7	6.283544929405453E-7	0.004219866757691372	0.004963036851692686
42.0	0.005283483362393768	0.0053475935828877	0.0036387264457439896	0.0069602462856378	9.126012119413987E-7	1.0303263993858543E-6	8.162806040322988E-7	0.004864803961432001	0.005702162763355535
43.0	0.004440519469273643	0.004610723224871559	0.0027230290456431534	0.005889439164770445	7.218771307611353E-7	8.731991275279521E-7	5.98068224315558E-7	0.00406815115795191	0.004812887780595376
44.0	0.00426428704397114	0.00416877210712481	0.0026298487836949377	0.0070940971757462185	1.0914737386505159E-6	8.014165516340971E-7	1.445988078337251E-6	0.0038064112139473325	0.004722162873994949
45.0	0.003557845004324162	0.003582327185882977	0.0020005334755934918	0.005242463958060288	7.803497297743965E-7	8.021513312590411E-7	7.585481282897521E-7	0.0031706892525974625	0.003945000756050862
46.0	0.0042790850539986955	0.00416877210712481	0.0022672712723392904	0.006443129520052597	1.4154571257091373E-6	1.0734746334585084E-6	1.928430864085081E-6	0.0037576629555926048	0.004800507152404787
47.0	0.001427931633939756	0.0014464168310322155	8.002133902373967E-4	0.0027584395113621437	1.7172443993592497E-7	1.2276389495584657E-7	2.1178306764689814E-7	0.001246314370380114	0.001609548897499398
48.0	0.0011986632414317906	0.0013238019592268996	3.944773175542406E-4	0.001949317738791423	1.6441343897760186E-7	1.7543344981846538E-7	1.5339342813673827E-7	0.0010209541157268404	0.0013763723671367408
49.0	0.0015695227588256497	0.0013917004048582995	8.002133902373967E-4	0.0027791814047498737	2.0693670118441492E-7	1.3629223327068257E-7	2.932799397456433E-7	0.0013701527471300528	0.0017688927705212466
50.0	0.0019209052917639378	0.0019450207468879668	7.797270955165692E-4	0.0029700413223140497	1.9896415757364517E-7	2.034752954393499E-7	1.9445301970794028E-7	0.0017254135134540923	0.002116397070073783
51.0	0.001965495376765208	0.001834862385321101	0.001183431952662722	0.004107338444687842	4.1686949463684174E-7	2.3682605637422852E-7	6.369225858467024E-7	0.0016825248968033494	0.0022484658567270663
52.0	0.0023818165956067503	0.002397442727757059	0.0010121457489878543	0.003418803418803419	3.526858664218885E-7	3.5852286292724397E-7	3.468488699165329E-7	0.002121540009601946	0.0026420931816115547
53.0	0.0016423439470439629	0.0016429353778751369	7.591093117408907E-4	0.002366863905325444	2.3831659987395703E-7	2.475229485745798E-7	2.2911025117333423E-7	0.0014283910258117683	0.0018562968682761575
54.0	0.0012853112869757135	0.001299545159194282	2.68564522626561E-4	0.001857502985272655	1.5595305016868684E-7	1.719182177021001E-7	1.399878826352735E-7	0.0011122348244615942	0.0014583877494898328
55.0	7.801980479310861E-4	7.889546351084812E-4	2.6535756932466497E-4	0.001304291117777488	9.564038026670177E-8	9.657754942000556E-8	9.470321111339799E-8	6.446598457826583E-4	9.15736250079514E-4
56.0	6.363876757074917E-4	5.354035604336768E-4	1.3319126265316994E-4	0.0014241325737959607	1.1243777640954636E-7	6.461027627183109E-8	1.841790266161193E-7	4.894283340760538E-4	7.833470173389295E-4
57.0	6.279026533732308E-4	6.567713122290818E-4	0.0	0.0011914217633042098	6.915791822619375E-8	1.0807935970792669E-7	4.8200218966799076E-8	5.126470551018788E-4	7.431582516445828E-4
58.0	5.062760756340131E-4	5.140066820868671E-4	1.3319126265316994E-4	0.0010484927916120576	6.022199865770474E-8	4.952227318396748E-8	7.092172413144201E-8	3.9872403473207614E-4	6.1382811653595E-4
59.0	5.78523909347328E-4	6.52145558888744E-4	1.2850167052171679E-4	0.0012085403518195246	6.11007115676001E-8	5.8938238622063714E-8	6.326318451313648E-8	4.7019005186083106E-4	6.868577668338249E-4
60.0	7.620653545918328E-4	6.692544505420961E-4	5.060728744939271E-4	0.00159214541594799	5.683546271268833E-8	2.8598318843105783E-8	9.134752744217813E-8	6.575811180876923E-4	8.665495910959734E-4
61.0	9.514174799905692E-4	9.335822886102961E-4	3.912873353332464E-4	0.001799023387304035	1.3271963459716067E-7	8.557143980772367E-8	2.0344192678131619E-7	7.917528708455785E-4	0.0011110820891355598
62.0	7.295386543200523E-4	7.591093117408907E-4	0.0	0.0013336889837289945	1.252960148658089E-7	1.291736329794335E-7	1.214183967521843E-7	5.744036855495505E-4	8.846736230905541E-4
63.0	7.024193606883342E-4	6.567713122290818E-4	2.638870563398865E-4	0.0016113871357593661	1.1325147823446924E-7	5.618319441090204E-8	2.464108071561261E-7	5.549292120706151E-4	8.499095093060532E-4
64.0	4.2561782861579337E-4	5.178663904712584E-4	0.0	7.747933884297521E-4	5.523353675654749E-8	6.181667670922603E-8	4.8650396803868965E-8	3.226165774573844E-4	5.286190797742024E-4
65.0	4.254694805129502E-4	3.958305845098298E-4	0.0	9.039256198347108E-4	6.154054808290092E-8	4.29308651917268E-8	8.945507241966213E-8	3.167463988984025E-4	5.341925621274979E-4
66.0	3.2235162473925346E-4	2.663825253063399E-4	0.0	9.130037824442416E-4	4.4179719873071503E-8	2.5892157124441347E-8	7.161106399601675E-8	2.3023191678693972E-4	4.144713326915672E-4
67.0	2.9552914943585805E-4	2.599090318388564E-4	0.0	0.0010434328942219902	7.036484690668816E-8	3.5767809887505924E-8	1.3461648708516947E-7	1.7927219354144002E-4	4.117861053302761E-4
68.0	2.034662049720967E-4	2.5265285497726126E-4	0.0	4.107338444687842E-4	1.646421430220923E-8	1.6006783398054146E-8	1.6921645206364315E-8	1.4723057317900354E-4	2.5970183676518984E-4
69.0	3.5384488944640907E-4	2.638870563398865E-4	0.0	9.335822886102961E-4	6.091785619872469E-8	3.3275100268740907E-8	1.1225440292583742E-7	2.456732581438765E-4	4.620165207489416E-4
70.0	3.926340111172754E-4	3.971405877680699E-4	0.0	9.236046971896029E-4	4.9899372432782175E-8	5.146742031781908E-8	4.861642416320653E-8	2.947326758000858E-4	4.90535346434465E-4
71.0	3.411220325102263E-4	3.912873353332464E-4	0.0	7.881255746748983E-4	3.3402002285185456E-8	2.8893982360814762E-8	3.7910022209556157E-8	2.610229900756352E-4	4.212210749448174E-4
72.0	3.677114054337803E-4	3.8900414937759333E-4	0.0	8.031053406505153E-4	5.4735867238510305E-8	5.83897875688196E-8	5.174629605916632E-8	2.651752392329073E-4	4.702475716346533E-4
73.0	2.433933344561282E-4	2.5933609958506224E-4	0.0	5.259697567389875E-4	1.981484723241489E-8	2.4298751610656477E-8	1.6825577646920492E-8	1.8170025659157153E-4	3.0508641232068485E-4
74.0	2.4202818670288626E-4	2.5826446280991736E-4	0.0	6.692544505420961E-4	3.996476338250856E-8	3.071712953356709E-8	4.921239723145004E-8	1.5441293831248195E-4	3.2964343509329057E-4
75.0	1.7018873404803624E-4	1.3194352816994325E-4	0.0	5.327650506126798E-4	2.0894973761016292E-8	1.2123888451449674E-8	3.7184132193068593E-8	1.0683649209863078E-4	2.3354097599744168E-4
76.0	1.6491712210680917E-4	1.3042911177774878E-4	0.0	5.47645125958379E-4	3.185553739131051E-8	1.7199063659422433E-8	5.907470289338834E-8	8.669428898167287E-5	2.4313995523194548E-4
77.0	2.167459281442941E-4	2.5700334104343357E-4	0.0	5.47645125958379E-4	2.4929081123370462E-8	2.307157643363731E-8	2.6786585813103613E-8	1.4754782194060527E-4	2.859440343479829E-4
78.0	1.3743532932799894E-4	1.3194352816994325E-4	0.0	3.898635477582846E-4	1.4299112656849356E-8	7.579728318616176E-9	3.4457265671548894E-8	8.50275669341739E-5	1.89843091721824E-4
79.0	1.4422042249233699E-4	1.2966804979253112E-4	0.0	5.217164471109951E-4	2.538572966532802E-8	1.4451994926304384E-8	4.5691237037800494E-8	7.43914102258284E-5	2.1404943475884558E-4
80.0	2.168527579054714E-4	2.589331952356292E-4	0.0	7.889546351084812E-4	5.075192345394326E-8	3.511532919610841E-8	6.638851771177813E-8	1.1811862268854947E-4	3.155868931223933E-4
81.0	2.098025400770997E-4	2.5700334104343357E-4	0.0	4.0284678393984153E-4	1.1046740016424003E-8	1.560523916068032E-8	8.007740586919791E-9	1.637389121006287E-4	2.558661680535707E-4
82.0	1.6463575774352748E-4	1.342822613132805E-4	0.0	3.971405877680699E-4	1.722065661237995E-8	1.5307305335761346E-8	1.955919706158047E-8	1.0712277032237243E-4	2.2214874516468254E-4
83.0	2.0480658966260868E-4	2.627085248916327E-4	0.0	4.0155267032525766E-4	1.8378584718226002E-8	2.1718263248470627E-8	1.564612046620767E-8	1.4539145225910812E-4	2.642217270661092E-4
84.0	1.1807477645234149E-4	1.3135426244581636E-4	0.0	3.944773175542406E-4	1.1789190400773197E-8	1.3941652834270416E-8	1.0630172167351617E-8	7.048835305048752E-5	1.6566119985419547E-4
85.0	9.841566443397737E-5	1.3042911177774878E-4	0.0	3.7955465587044535E-4	9.91265058862309E-9	9.685643005981239E-9	1.0063988977050989E-8	5.47805647427572E-5	1.4205076412519753E-4
86.0	1.120132405579088E-4	1.3135426244581636E-4	0.0	3.912873353332464E-4	9.197274445784347E-9	1.2546966060283944E-8	7.761692325284524E-9	6.998215116510033E-5	1.5404432995071727E-4
87.0	7.23322281500529E-5	0.0	0.0	2.638870563398865E-4	7.75804243107534E-9	5.231951229151304E-9	1.0845487233426943E-8	3.372957551890654E-5	1.1093488078119926E-4
88.0	9.121852784889211E-5	1.2651821862348178E-4	0.0	2.638870563398865E-4	1.0309642991431079E-8	8.320819822919105E-9	1.229846615994305E-8	4.671823317802413E-5	1.357188225197601E-4
89.0	9.156423158921E-5	1.294665976178146E-4	0.0	2.5933609958506224E-4	6.876017815586756E-9	8.384008506522481E-9	5.870690688296271E-9	5.522216915436869E-5	1.279062940240513E-4
90.0	5.2672831604362534E-5	0.0	0.0	2.6535756932466497E-4	9.340492497069666E-9	2.774427189221532E-9	2.903868842061406E-8	1.0315756648257015E-5	9.502990656046805E-5
91.0	1.1187407177012888E-4	1.2850167052171679E-4	0.0	3.971405877680699E-4	1.6117646836180115E-8	1.2515807934427948E-8	1.90646059376137E-8	5.623346066373038E-5	1.675146828765274E-4
92.0	5.920745828528965E-5	0.0	0.0	2.68564522626561E-4	6.090559746343237E-9	3.505523116604313E-9	9.968114690951629E-9	2.5004026935824014E-5	9.341088963475528E-5
93.0	8.488593979150789E-5	1.2850167052171679E-4	0.0	2.6535756932466497E-4	5.643464572140235E-9	7.205622774287503E-9	4.602025770708721E-9	5.196183501982585E-5	1.1781004456318993E-4
94.0	9.210537816812149E-5	0.0	0.0	3.8739669421487604E-4	1.573817410003504E-8	8.483400687492671E-9	2.662033421884858E-8	3.712366774424755E-5	1.4708708859199543E-4
95.0	5.904883539430206E-5	0.0	0.0	2.6476039184537993E-4	7.696758902587216E-9	3.4867649614233796E-9	1.5515319079034344E-8	2.0598953079671345E-5	9.749871770893278E-5
96.0	1.967139412284656E-5	0.0	0.0	1.3319126265316994E-4	2.1933706850816587E-9	3.8696374673636203E-10	1.2429676669038333E-8	-8.542639954814598E-7	4.0197052241174584E-5
97.0	7.187217623724475E-5	0.0	0.0	2.6673779674579886E-4	7.659035407530681E-9	5.165609717077569E-9	1.0706555695862264E-8	3.3516635293614545E-5	1.1022771718087495E-4
98.0	1.0463688447209717E-4	1.299545159194282E-4	0.0	5.295207836907599E-4	1.652759046156865E-8	1.0948877592027011E-8	2.1091991900284537E-8	4.829312194368498E-5	1.6098064700050937E-4
99.0	7.80746388041965E-5	0.0	0.0	3.8900414937759333E-4	1.2401521069927806E-8	6.095649224405746E-9	2.1860328838210904E-8	2.9268039177591352E-5	1.2688123843080165E-4
100.0	3.867027957031696E-5	0.0	0.0	2.5265285497726126E-4	5.087425226034608E-9	1.4953905220464727E-9	1.5863529337999016E-8	7.4101989975364855E-6	6.993036014309742E-5
101.0	5.929000490307835E-5	0.0	0.0	2.6535756932466497E-4	7.7281917887144E-9	3.5153046814070555E-9	1.555212498799947E-8	2.076168961709339E-5	9.781832018906331E-5
102.0	5.2530385440447334E-5	0.0	0.0	1.338508901084192E-4	4.1414779304356745E-9	2.7594413945219614E-9	6.214532734306247E-9	2.4325863092460577E-5	8.07349077884341E-5
103.0	7.257521268985586E-5	1.2651821862348178E-4	0.0	2.68564522626561E-4	6.115506899346209E-9	5.267161496977814E-9	6.963852301714601E-9	3.8301803678985346E-5	1.0684862170072637E-4
104.0	5.970761438256068E-5	0.0	0.0	2.738225629791895E-4	8.039536171221846E-9	3.5649992152565665E-9	1.634939051801451E-8	2.0410870143778092E-5	9.900435862134326E-5
105.0	4.0244888142446376E-5	0.0	0.0	2.738225629791895E-4	5.654967547832579E-9	1.6196510215980216E-9	1.7760917126536256E-8	7.287246136567352E-6	7.320253014832541E-5
106.0	3.948080227834514E-5	0.0	0.0	2.6085822355549756E-4	5.339275953114837E-9	1.5587337485417823E-9	1.6680902566833993E-8	7.456309697286219E-6	7.150529485940406E-5
107.0	5.2759889368668217E-5	0.0	0.0	2.68564522626561E-4	5.980163734435252E-9	2.7836059261941093E-9	1.1916628235454522E-8	1.8867857117557587E-5	8.665192161977885E-5
108.0	2.634043187803005E-5	0.0	0.0	3.971405877680699E-4	8.032904127967174E-9	6.93818351521142E-10	7.408467611598148E-8	-1.2940100512709444E-5	6.562096426876955E-5
109.0	1.964660839230617E-5	0.0	0.0	1.3336889837289943E-4	2.1878650336692824E-9	3.8598922132063507E-10	1.239849463697828E-8	-8.532724772792853E-7	4.0146489261891626E-5
110.0	4.652973847153525E-5	0.0	0.0	2.738225629791895E-4	7.702725013969518E-9	2.165016562229467E-9	2.4315850369189662E-8	8.064956908613765E-6	8.499452003445673E-5
111.0	3.9064640908830135E-5	0.0	0.0	1.3173494928204451E-4	3.5611635300058034E-9	1.5260461693358447E-9	8.309770704902378E-9	1.2910706389459733E-5	6.521857542820053E-5
112.0	6.542478500688358E-5	0.0	0.0	3.883997928534438E-4	9.3112555716789E-9	4.280402493196938E-9	1.6857535189401843E-8	2.313405351394198E-5	1.0771551649982518E-4
113.0	5.265838926375884E-5	0.0	0.0	2.677017802168384E-4	5.953190096925204E-9	2.772905959853552E-9	1.1859432065772564E-8	1.8842878712868243E-5	8.647389981464944E-5
114.0	6.575400730442171E-5	0.0	0.0	2.621231979030144E-4	6.0435312392031445E-9	4.323589476589943E-9	8.145682282397057E-9	3.1682883454068025E-5	9.98251311547754E-5
115.0	2.641431845259069E-5	0.0	0.0	1.3267878466233248E-4	2.7909105105401554E-9	6.977162193148732E-10	1.1163687675441284E-8	3.2609582026279873E-6	4.9567678702553395E-5
116.0	1.9692249990744143E-5	0.0	0.0	1.338508901084192E-4	2.1981653739241543E-9	3.8778470969796283E-10	1.2456989137872569E-8	-8.558303337862128E-7	4.02403303152745E-5
117.0	1.962761548403816E-5	0.0	0.0	2.621231979030144E-4	3.900772914312514E-9	3.8524328958925435E-10	3.554053953682183E-8	-7.745006995021967E-6	4.7000237963098286E-5
118.0	3.228173290111273E-5	0.0	0.0	1.3336889837289943E-4	3.1280029751755245E-9	1.0421102790987843E-9	9.38568106340575E-9	7.76996406506757E-6	5.679350173715789E-5
119.0	1.989513178720996E-5	0.0	0.0	1.342822613132805E-4	2.243353298653863E-9	3.958162688304523E-10	1.2712729800986535E-8	-8.630786752897853E-7	4.065334224970971E-5
120.0	1.9817600994313865E-5	0.0	0.0	1.338508901084192E-4	2.2261855420122055E-9	3.9273730916983E-10	1.2615725528118995E-8	-8.610285277242036E-7	4.049623051635194E-5
121.0	3.923429240107078E-5	0.0	0.0	1.338508901084192E-4	3.592866886350234E-9	1.5393297002127203E-9	8.38445365400443E-9	1.296419777752302E-5	6.550438702461855E-5
122.0	2.6241703277427713E-5	0.0	0.0	1.3691128148959474E-4	2.7567307307284864E-9	6.886269909005605E-10	1.1029145690040189E-8	3.23055730947715E-6	4.925284924537828E-5
123.0	5.335756839525347E-5	0.0	0.0	2.738225629791895E-4	7.907559696988939E-9	2.847030105054152E-9	1.9715462078170106E-8	1.4384705187662018E-5	9.233043160284491E-5
124.0	2.6224195163480278E-5	0.0	0.0	1.3336889837289943E-4	2.751266786068016E-9	6.877084119723023E-10	1.1005500282450871E-8	3.235864987759718E-6	4.921252533920084E-5
125.0	3.286095655283619E-5	0.0	0.0	1.342822613132805E-4	3.2413003453981218E-9	1.0798424655673876E-9	9.725673984890324E-9	7.909223740382638E-6	5.781268936528974E-5
126.0	1.30580244488639E-5	0.0	0.0	1.3149243918474687E-4	1.5346912324805073E-9	1.7051200250712734E-10	1.3812304302240923E-8	-4.111235638130407E-6	3.0227284535858207E-5
127.0	1.319027030139237E-5	0.0	0.0	1.338508901084192E-4	1.5662286189096588E-9	1.7398323062379351E-10	1.4096437113482438E-8	-4.154503929486716E-6	3.053504453227146E-5
128.0	3.2817229147086825E-5	0.0	0.0	2.5700334104343357E-4	4.883560430252542E-9	1.0769705288924053E-9	2.0109920035693092E-8	2.1898837276269813E-6	6.344457456654667E-5
129.0	4.5798312848227844E-5	0.0	0.0	1.3691128148959474E-4	3.898795674132982E-9	2.0974854597441526E-9	7.244086072283665E-9	1.843262862350101E-5	7.316399707295468E-5
130.0	3.959367343159374E-5	0.0	0.0	3.9957378795950983E-4	8.98088640436813E-9	1.5676589758076919E-9	3.8633796118609886E-8	-1.9400316830601926E-6	8.112737854624766E-5
131.0	3.9611528545983006E-5	0.0	0.0	1.342822613132805E-4	3.6620525994695007E-9	1.5690731937492267E-9	8.545671212816815E-9	1.308970614807638E-5	6.613335094388963E-5
132.0	2.6137226391478515E-5	0.0	0.0	2.599090318388564E-4	4.421923785727876E-9	6.831546034394008E-10	2.5608282485362572E-8	-3.006608647215525E-6	5.5281061430172555E-5
133.0	1.991251216190962E-5	0.0	0.0	1.3319126265316994E-4	2.2468962903592557E-9	3.965081405981985E-10	1.2732429139005246E-8	-8.620838498593166E-7	4.068710817367855E-5
134.0	2.6383341167564734E-5	0.0	0.0	1.338508901084192E-4	2.784987707852882E-9	6.96080691164116E-10	1.114061577460795E-8	3.254561715886322E-6	4.9512120619243146E-5
135.0	1.299545159194282E-5	0.0	0.0	2.599090318388564E-4	3.2087534794920535E-9	1.6888176207852913E-10	6.0966316110349E-8	-1.1830691248636212E-5	3.782159443252185E-5
136.0	1.2922809322057248E-5	0.0	0.0	1.299545159194282E-4	1.503043775961988E-9	1.6699900077424975E-10	1.3527446752651642E-8	-4.06850164816452E-6	2.991412029227902E-5
137.0	2.590757561513375E-5	0.0	0.0	1.3336889837289943E-4	2.6861217692444165E-9	6.712024742538728E-10	1.0745798949206595E-8	3.193036891301664E-6	4.8622114338965836E-5
138.0	1.9961738777386168E-5	0.0	0.0	1.3691128148959474E-4	2.2595162166780242E-9	3.984710150166027E-10	1.280543902609275E-8	-8.711168813927062E-7	4.079459443616504E-5
139.0	1.2847366520061528E-5	0.0	0.0	1.3042911177774878E-4	1.4858758156387831E-9	1.6505482650079786E-10	1.337326471788065E-8	-4.046627284480295E-6	2.974136032460335E-5
140.0	3.2923560693807453E-5	0.0	0.0	1.338508901084192E-4	3.252595318319965E-9	1.083960848758823E-9	9.758498727003391E-9	7.92839098558385E-6	5.7918730402031056E-5
141.0	1.9894196860828403E-5	0.0	0.0	1.338508901084192E-4	2.242904078511311E-9	3.9577906873739477E-10	1.2709945800563502E-8	-8.619351343303436E-7	4.0650328855987145E-5
142.0	1.9898036938263414E-5	0.0	0.0	1.342822613132805E-4	2.2438139855876843E-9	3.959318739964952E-10	1.2715145951271091E-8	-8.623048303993152E-7	4.0658378706926146E-5
143.0	6.714113065664025E-6	0.0	0.0	1.342822613132805E-4	8.565069709118879E-10	4.507931425852035E-11	1.6273632447325858E-8	-6.112338469065109E-6	1.9540564600393157E-5
144.0	1.9643630750939917E-5	0.0	0.0	1.3267878466233248E-4	2.1869245612618832E-9	3.858722290792722E-10	1.2392887776963344E-8	-8.518436209106259E-7	4.013910512279046E-5
145.0	2.6581937074726766E-5	0.0	0.0	1.3691128148959474E-4	2.8283105541220497E-9	7.065993786447334E-10	1.1315155256031316E-8	3.2739579423402934E-6	4.988991620711324E-5
146.0	1.9224324338150654E-5	0.0	0.0	1.294665976178146E-4	2.0944822972047924E-9	3.6957464625841164E-10	1.1868958985900955E-8	-8.332966485739815E-7	3.928194532487529E-5
147.0	2.031013794509397E-5	0.0	0.0	2.738225629791895E-4	4.212663910102352E-9	4.125017033487459E-10	3.84141237708848E-8	-8.13574899577078E-6	4.8756024885958724E-5
148.0	3.9045099717060424E-5	0.0	0.0	2.6673779674579886E-4	7.019245706570231E-9	1.5245198119151913E-9	2.8998149285190405E-8	2.3264843385087706E-6	7.576371509561208E-5
149.0	1.302640982846609E-5	0.0	0.0	1.310615989515072E-4	1.5272497779037836E-9	1.6968735301915797E-10	1.3745311601865413E-8	-4.101174278458002E-6	3.015399393539018E-5
150.0	2.6415203813441774E-5	0.0	0.0	2.663825253063399E-4	4.565320235017818E-9	6.977629925056689E-10	2.6481477942586635E-8	-3.197406857389369E-6	5.602781448427292E-5
151.0	0.0	0.0	0.0	0.0	0.0	0.0	0.0	0.0	0.0
152.0	1.3183923872599389E-5	0.0	0.0	1.3194352816994325E-4	1.564343725735277E-9	1.73815848678496E-10	1.40790946192463E-8	-4.150410347070889E-6	3.0518258092269664E-5
153.0	3.312159641899054E-5	0.0	0.0	2.677017802168384E-4	5.085838349416617E-9	1.097040149342487E-9	2.104103114971315E-8	1.866391569942695E-6	6.437680126803838E-5
154.0	1.3235568654551462E-5	0.0	0.0	1.342822613132805E-4	1.5769936675176851E-9	1.7518027760934524E-10	1.419331417669276E-8	-4.16871080932744E-6	3.063984811843037E-5
155.0	6.5677131222908175E-6	0.0	0.0	1.3135426244581636E-4	8.19562257477509E-10	4.313485565671102E-11	1.5571682892072673E-8	-5.979060104968848E-6	1.9114486349550483E-5
156.0	0.0	0.0	0.0	0.0	0.0	0.0	0.0	0.0	0.0
157.0	1.9364273214559605E-5	0.0	0.0	1.3149243918474687E-4	2.125536310048276E-9	3.7497507712811063E-10	1.2045383296595878E-8	-8.414936462668564E-7	3.9570040075386066E-5
158.0	2.637788565921858E-5	0.0	0.0	2.677017802168384E-4	4.57575038419023E-9	6.957928518508093E-10	2.656217640078026E-8	-3.2685329068621964E-6	5.6024304225299355E-5
159.0	1.9541084830321568E-5	0.0	0.0	1.3173494928204451E-4	2.164016316545154E-9	3.8185399634582357E-10	1.2262936131008025E-8	-8.467609136993808E-7	3.992893057434252E-5
160.0	6.574621959237344E-6	0.0	0.0	1.3149243918474687E-4	8.212874242308318E-10	4.322565390688591E-11	1.5604461060385806E-8	-5.985349714546722E-6	1.9134593633021412E-5
161.0	6.55307994757536E-6	0.0	0.0	1.310615989515072E-4	8.159142791869713E-10	4.294285679931427E-11	1.550237130455246E-8	-5.965738476949913E-6	1.9071898372100633E-5
162.0	0.0	0.0	0.0	0.0	0.0	0.0	0.0	0.0	0.0
163.0	6.586747464102226E-6	0.0	0.0	1.3173494928204451E-4	8.243196009612846E-10	4.338524215585712E-11	1.5662072418264414E-8	-5.996388430921857E-6	1.916988335912631E-5
164.0	1.9396625630122424E-5	0.0	0.0	2.5826446280991736E-4	3.799487708539554E-9	3.762290858351222E-10	3.4608815312879445E-8	-7.618288751682999E-6	4.641154001192785E-5
165.0	0.0	0.0	0.0	0.0	0.0	0.0	0.0	0.0	0.0
166.0	6.586747464102226E-6	0.0	0.0	1.3173494928204451E-4	8.243196009612846E-10	4.338524215585712E-11	1.5662072418264414E-8	-5.996388430921857E-6	1.916988335912631E-5
167.0	6.5677131222908175E-6	0.0	0.0	1.3135426244581636E-4	8.19562257477509E-10	4.313485565671102E-11	1.5571682892072673E-8	-5.979060104968848E-6	1.9114486349550483E-5
168.0	1.3030434440095557E-5	0.0	0.0	1.342822613132805E-4	1.5297123775747922E-9	1.6979222169762833E-10	1.3768993780469262E-8	-4.110952711607365E-6	3.017182159179848E-5
169.0	1.3406657571084986E-5	0.0	0.0	1.342822613132805E-4	1.6176508570828839E-9	1.7973846722833038E-10	1.4558862365773854E-8	-4.220548010869299E-6	3.103386315303927E-5
170.0	0.0	0.0	0.0	0.0	0.0	0.0	0.0	0.0	0.0
171.0	1.3084646658744338E-5	0.0	0.0	1.3319126265316994E-4	1.5414216105166895E-9	1.7120797818418932E-10	1.3873344301509185E-8	-4.122220079510067E-6	3.029151339699874E-5
172.0	0.0	0.0	0.0	0.0	0.0	0.0	0.0	0.0	0.0
173.0	6.692544505420961E-6	0.0	0.0	1.338508901084192E-4	8.510128871837652E-10	4.479015195704031E-11	1.6169244856491545E-8	-6.092703062391624E-6	1.9477792073233544E-5
174.0	0.0	0.0	0.0	0.0	0.0	0.0	0.0	0.0	0.0
175.0	1.9198016470765305E-5	0.0	0.0	1.2913223140495868E-4	2.0887451034150196E-9	3.6856383641177587E-10	1.1836438949766731E-8	-8.321148184688448E-7	3.922814775999945E-5
176.0	2.571273859499351E-5	0.0	0.0	1.3194352816994325E-4	2.6456510964637853E-9	6.611449260544687E-10	1.0583675778101057E-8	3.1699645285933434E-6	4.8255512661393675E-5
177.0	1.2950260607548155E-5	0.0	0.0	1.3267878466233248E-4	1.510392059272279E-9	1.677092498034136E-10	1.3594537344492065E-8	-4.082534428646559E-6	2.998305564374287E-5
178.0	0.0	0.0	0.0	0.0	0.0	0.0	0.0	0.0	0.0
179.0	0.0	0.0	0.0	0.0	0.0	0.0	0.0	0.0	0.0
180.0	0.0	0.0	0.0	0.0	0.0	0.0	0.0	0.0	0.0
181.0	1.3060077344992956E-5	0.0	0.0	1.3173494928204451E-4	1.5352192177966002E-9	1.7056562025719826E-10	1.381710159565121E-8	-4.112135889018873E-6	3.0232290579004785E-5
182.0	6.456611570247934E-6	0.0	0.0	1.2913223140495868E-4	7.920688264121306E-10	4.1687832969059487E-11	1.504930770183048E-8	-5.877916397098123E-6	1.879113953759399E-5
183.0	1.3302384151761597E-5	0.0	0.0	1.3336889837289943E-4	1.5925927235126813E-9	1.7695342412103806E-10	1.4333346418037462E-8	-4.18776194060469E-6	3.079253024412788E-5
184.0	1.2750994457259927E-5	0.0	0.0	1.2850167052171679E-4	1.4633890888774757E-9	1.6258785964907342E-10	1.3170600151933098E-8	-4.014678096848526E-6	2.951666701136838E-5
185.0	6.325910931174089E-6	0.0	0.0	1.2651821862348178E-4	7.603258330738086E-10	4.001714910914783E-11	1.4446190828402368E-8	-5.75893023521354E-6	1.8410752097561718E-5
186.0	0.0	0.0	0.0	0.0	0.0	0.0	0.0	0.0	0.0
187.0	0.0	0.0	0.0	0.0	0.0	0.0	0.0	0.0	0.0
188.0	0.0	0.0	0.0	0.0	0.0	0.0	0.0	0.0	0.0
189.0	0.0	0.0	0.0	0.0	0.0	0.0	0.0	0.0	0.0
190.0	0.0	0.0	0.0	0.0	0.0	0.0	0.0	0.0	0.0
191.0	0.0	0.0	0.0	0.0	0.0	0.0	0.0	0.0	0.0
192.0	0.0	0.0	0.0	0.0	0.0	0.0	0.0	0.0	0.0
193.0	1.3267166464658305E-5	0.0	0.0	1.338508901084192E-4	1.58429841127757E-9	1.760177060009539E-10	1.425882475876711E-8	-4.177375341826485E-6	3.0711708271143095E-5
194.0	1.3070149953728783E-5	0.0	0.0	1.3173494928204451E-4	1.5375661801541023E-9	1.7082881981295643E-10	1.3838202423224412E-8	-4.115184255532319E-6	3.0255484162989886E-5
195.0	1.2913497782928694E-5	0.0	0.0	1.3194352816994325E-4	1.5016146204089387E-9	1.6675842498970433E-10	1.351532037918205E-8	-4.069733249126098E-6	2.9896728814983485E-5
196.0	6.5677131222908175E-6	0.0	0.0	1.3135426244581636E-4	8.19562257477509E-10	4.313485565671102E-11	1.5571682892072673E-8	-5.979060104968848E-6	1.9114486349550483E-5
197.0	1.976197336337578E-5	0.0	0.0	2.6673779674579886E-4	3.992550985768973E-9	3.905355912147737E-10	3.6410689536756776E-8	-7.930790914437012E-6	4.745473764118857E-5
198.0	0.0	0.0	0.0	0.0	0.0	0.0	0.0	0.0	0.0
199.0	0.0	0.0	0.0	0.0	0.0	0.0	0.0	0.0	0.0
200.0	0.0	0.0	0.0	0.0	0.0	0.0	0.0	0.0	0.0
201.0	6.619009796134499E-6	0.0	0.0	1.3238019592268997E-4	8.324145229451649E-10	4.381129068132448E-11	1.581587593595813E-8	-6.0257591447084795E-6	1.926377873697748E-5
202.0	6.4250835260858394E-6	0.0	0.0	1.2850167052171679E-4	7.84352268026413E-10	4.128169831717964E-11	1.4902693092501847E-8	-5.849214158201984E-6	1.8699381210373664E-5
203.0	0.0	0.0	0.0	0.0	0.0	0.0	0.0	0.0	0.0
204.0	6.456611570247934E-6	0.0	0.0	1.2913223140495868E-4	7.920688264121306E-10	4.1687832969059487E-11	1.504930770183048E-8	-5.877916397098123E-6	1.879113953759399E-5
205.0	1.972627891014185E-5	0.0	0.0	1.3267878466233248E-4	2.2053627238961175E-9	3.8912607964070706E-10	1.2497370374676774E-8	-8.554137317660619E-7	4.030797155204976E-5
206.0	0.0	0.0	0.0	0.0	0.0	0.0	0.0	0.0	0.0
207.0	0.0	0.0	0.0	0.0	0.0	0.0	0.0	0.0	0.0
208.0	0.0	0.0	0.0	0.0	0.0	0.0	0.0	0.0	0.0
209.0	0.0	0.0	0.0	0.0	0.0	0.0	0.0	0.0	0.0
210.0	0.0	0.0	0.0	0.0	0.0	0.0	0.0	0.0	0.0
211.0	6.521455588887439E-6	0.0	0.0	1.3042911177774878E-4	8.080582769587923E-10	4.252938299783123E-11	1.5353107262217068E-8	-5.936948556035971E-6	1.897985973381085E-5
212.0	6.692544505420961E-6	0.0	0.0	1.338508901084192E-4	8.510128871837652E-10	4.479015195704031E-11	1.6169244856491545E-8	-6.092703062391624E-6	1.9477792073233544E-5
213.0	6.47332988089073E-6	0.0	0.0	1.294665976178146E-4	7.961759951898238E-10	4.190399974683278E-11	1.5127343908606638E-8	-5.8931362738384094E-6	1.8839796035619868E-5
214.0	0.0	0.0	0.0	0.0	0.0	0.0	0.0	0.0	0.0
215.0	0.0	0.0	0.0	0.0	0.0	0.0	0.0	0.0	0.0
216.0	6.456611570247934E-6	0.0	0.0	1.2913223140495868E-4	7.920688264121306E-10	4.1687832969059487E-11	1.504930770183048E-8	-5.877916397098123E-6	1.879113953759399E-5
217.0	6.4250835260858394E-6	0.0	0.0	1.2850167052171679E-4	7.84352268026413E-10	4.128169831717964E-11	1.4902693092501847E-8	-5.849214158201984E-6	1.8699381210373664E-5
218.0	0.0	0.0	0.0	0.0	0.0	0.0	0.0	0.0	0.0
219.0	0.0	0.0	0.0	0.0	0.0	0.0	0.0	0.0	0.0
220.0	0.0	0.0	0.0	0.0	0.0	0.0	0.0	0.0	0.0
221.0	6.325910931174089E-6	0.0	0.0	1.2651821862348178E-4	7.603258330738086E-10	4.001714910914783E-11	1.4446190828402368E-8	-5.75893023521354E-6	1.8410752097561718E-5
222.0	0.0	0.0	0.0	0.0	0.0	0.0	0.0	0.0	0.0
223.0	6.4250835260858394E-6	0.0	0.0	1.2850167052171679E-4	7.84352268026413E-10	4.128169831717964E-11	1.4902693092501847E-8	-5.849214158201984E-6	1.8699381210373664E-5
224.0	1.304335903435016E-5	0.0	0.0	1.3173494928204451E-4	1.5313322875993682E-9	1.7012921489896395E-10	1.3782159941903005E-8	-4.107101770015612E-6	3.019381983871593E-5
225.0	0.0	0.0	0.0	0.0	0.0	0.0	0.0	0.0	0.0
226.0	0.0	0.0	0.0	0.0	0.0	0.0	0.0	0.0	0.0
227.0	0.0	0.0	0.0	0.0	0.0	0.0	0.0	0.0	0.0
228.0	6.316321374431532E-6	0.0	0.0	1.2632642748863063E-4	7.580223983969118E-10	3.989591570510065E-11	1.440242556954133E-8	-5.750200174220293E-6	1.8382842923083358E-5
229.0	0.0	0.0	0.0	0.0	0.0	0.0	0.0	0.0	0.0
230.0	0.0	0.0	0.0	0.0	0.0	0.0	0.0	0.0	0.0
231.0	0.0	0.0	0.0	0.0	0.0	0.0	0.0	0.0	0.0
232.0	1.3051115611917373E-5	0.0	0.0	1.3135426244581636E-4	1.5330556512685033E-9	1.7033161871563333E-10	1.3797571944244332E-8	-4.10899305602684E-6	3.0211224279861585E-5
233.0	6.619009796134499E-6	0.0	0.0	1.3238019592268997E-4	8.324145229451649E-10	4.381129068132448E-11	1.581587593595813E-8	-6.0257591447084795E-6	1.926377873697748E-5
234.0	6.316321374431532E-6	0.0	0.0	1.2632642748863063E-4	7.580223983969118E-10	3.989591570510065E-11	1.440242556954133E-8	-5.750200174220293E-6	1.8382842923083358E-5
235.0	6.4250835260858394E-6	0.0	0.0	1.2850167052171679E-4	7.84352268026413E-10	4.128169831717964E-11	1.4902693092501847E-8	-5.849214158201984E-6	1.8699381210373664E-5
236.0	6.619009796134499E-6	0.0	0.0	1.3238019592268997E-4	8.324145229451649E-10	4.381129068132448E-11	1.581587593595813E-8	-6.0257591447084795E-6	1.926377873697748E-5
237.0	0.0	0.0	0.0	0.0	0.0	0.0	0.0	0.0	0.0
238.0	6.714113065664025E-6	0.0	0.0	1.342822613132805E-4	8.565069709118879E-10	4.507931425852035E-11	1.6273632447325858E-8	-6.112338469065109E-6	1.9540564600393157E-5
239.0	6.574621959237344E-6	0.0	0.0	1.3149243918474687E-4	8.212874242308318E-10	4.322565390688591E-11	1.5604461060385806E-8	-5.985349714546722E-6	1.9134593633021412E-5
240.0	1.3170724635911959E-5	0.0	0.0	1.342822613132805E-4	1.561874957116579E-9	1.7346798743501817E-10	1.4057537684250629E-8	-4.1499260955978835E-6	3.04913753674218E-5
241.0	0.0	0.0	0.0	0.0	0.0	0.0	0.0	0.0	0.0
242.0	0.0	0.0	0.0	0.0	0.0	0.0	0.0	0.0	0.0
243.0	0.0	0.0	0.0	0.0	0.0	0.0	0.0	0.0	0.0
244.0	1.3186722918425315E-5	0.0	0.0	1.3238019592268997E-4	1.5650332654333857E-9	1.7388966132732352E-10	1.4085325702387948E-8	-4.1514312400900815E-6	3.052487707694071E-5
245.0	6.668444918644972E-6	0.0	0.0	1.3336889837289943E-4	8.448949950270366E-10	4.446815763300193E-11	1.6053004905513703E-8	-6.070763480811926E-6	1.940765331810187E-5
246.0	0.0	0.0	0.0	0.0	0.0	0.0	0.0	0.0	0.0
247.0	0.0	0.0	0.0	0.0	0.0	0.0	0.0	0.0	0.0
248.0	0.0	0.0	0.0	0.0	0.0	0.0	0.0	0.0	0.0
249.0	0.0	0.0	0.0	0.0	0.0	0.0	0.0	0.0	0.0
250.0	1.3072347755208752E-5	0.0	0.0	1.3149243918474687E-4	1.5380356126972512E-9	1.7088627583311126E-10	1.3842379644474518E-8	-4.115609671050134E-6	3.026030518146764E-5
251.0	0.0	0.0	0.0	0.0	0.0	0.0	0.0	0.0	0.0
252.0	0.0	0.0	0.0	0.0	0.0	0.0	0.0	0.0	0.0
253.0	0.0	0.0	0.0	0.0	0.0	0.0	0.0	0.0	0.0
254.0	0.0	0.0	0.0	0.0	0.0	0.0	0.0	0.0	0.0
255.0	0.0	0.0	0.0	0.0	0.0	0.0	0.0	0.0	0.0
256.0	0.0	0.0	0.0	0.0	0.0	0.0	0.0	0.0	0.0
257.0	0.0	0.0	0.0	0.0	0.0	0.0	0.0	0.0	0.0
258.0	0.0	0.0	0.0	0.0	0.0	0.0	0.0	0.0	0.0
259.0	6.483402489626556E-6	0.0	0.0	1.2966804979253112E-4	7.986556490074212E-10	4.203450784249584E-11	1.517445733114099E-8	-5.9023060916918925E-6	1.8869111070945005E-5
260.0	0.0	0.0	0.0	0.0	0.0	0.0	0.0	0.0	0.0
261.0	6.55307994757536E-6	0.0	0.0	1.310615989515072E-4	8.159142791869713E-10	4.294285679931427E-11	1.550237130455246E-8	-5.965738476949913E-6	1.9071898372100633E-5
262.0	0.0	0.0	0.0	0.0	0.0	0.0	0.0	0.0	0.0
263.0	0.0	0.0	0.0	0.0	0.0	0.0	0.0	0.0	0.0
264.0	0.0	0.0	0.0	0.0	0.0	0.0	0.0	0.0	0.0
265.0	6.521455588887439E-6	0.0	0.0	1.3042911177774878E-4	8.080582769587923E-10	4.252938299783123E-11	1.5353107262217068E-8	-5.936948556035971E-6	1.897985973381085E-5
266.0	0.0	0.0	0.0	0.0	0.0	0.0	0.0	0.0	0.0
267.0	6.316321374431532E-6	0.0	0.0	1.2632642748863063E-4	7.580223983969118E-10	3.989591570510065E-11	1.440242556954133E-8	-5.750200174220293E-6	1.8382842923083358E-5
268.0	6.49772579597141E-6	0.0	0.0	1.299545159194282E-4	8.021883698730134E-10	4.222044051963228E-11	1.524157902758725E-8	-5.915345624318106E-6	1.8910797216260925E-5
269.0	0.0	0.0	0.0	0.0	0.0	0.0	0.0	0.0	0.0
270.0	0.0	0.0	0.0	0.0	0.0	0.0	0.0	0.0	0.0
271.0	0.0	0.0	0.0	0.0	0.0	0.0	0.0	0.0	0.0
272.0	6.714113065664025E-6	0.0	0.0	1.342822613132805E-4	8.565069709118879E-10	4.507931425852035E-11	1.6273632447325858E-8	-6.112338469065109E-6	1.9540564600393157E-5
273.0	0.0	0.0	0.0	0.0	0.0	0.0	0.0	0.0	0.0
274.0	0.0	0.0	0.0	0.0	0.0	0.0	0.0	0.0	0.0
275.0	0.0	0.0	0.0	0.0	0.0	0.0	0.0	0.0	0.0
276.0	0.0	0.0	0.0	0.0	0.0	0.0	0.0	0.0	0.0
277.0	0.0	0.0	0.0	0.0	0.0	0.0	0.0	0.0	0.0
278.0	0.0	0.0	0.0	0.0	0.0	0.0	0.0	0.0	0.0
279.0	0.0	0.0	0.0	0.0	0.0	0.0	0.0	0.0	0.0
280.0	0.0	0.0	0.0	0.0	0.0	0.0	0.0	0.0	0.0
281.0	0.0	0.0	0.0	0.0	0.0	0.0	0.0	0.0	0.0
282.0	6.714113065664025E-6	0.0	0.0	1.342822613132805E-4	8.565069709118879E-10	4.507931425852035E-11	1.6273632447325858E-8	-6.112338469065109E-6	1.9540564600393157E-5
283.0	0.0	0.0	0.0	0.0	0.0	0.0	0.0	0.0	0.0
284.0	6.845564074479737E-6	0.0	0.0	1.3691128148959474E-4	8.903732024583446E-10	4.6861747497807614E-11	1.691709084670855E-8	-6.232007746320897E-6	1.9923135895280372E-5
285.0	0.0	0.0	0.0	0.0	0.0	0.0	0.0	0.0	0.0
286.0	0.0	0.0	0.0	0.0	0.0	0.0	0.0	0.0	0.0
287.0	0.0	0.0	0.0	0.0	0.0	0.0	0.0	0.0	0.0
288.0	0.0	0.0	0.0	0.0	0.0	0.0	0.0	0.0	0.0
289.0	0.0	0.0	0.0	0.0	0.0	0.0	0.0	0.0	0.0
290.0	0.0	0.0	0.0	0.0	0.0	0.0	0.0	0.0	0.0
291.0	0.0	0.0	0.0	0.0	0.0	0.0	0.0	0.0	0.0
292.0	0.0	0.0	0.0	0.0	0.0	0.0	0.0	0.0	0.0
293.0	1.3691128148959473E-5	0.0	0.0	2.738225629791895E-4	3.5614928098333783E-9	1.8744698999123045E-10	6.76683633868342E-8	-1.2464015492641795E-5	3.9846271790560745E-5
294.0	0.0	0.0	0.0	0.0	0.0	0.0	0.0	0.0	0.0
295.0	0.0	0.0	0.0	0.0	0.0	0.0	0.0	0.0	0.0
296.0	0.0	0.0	0.0	0.0	0.0	0.0	0.0	0.0	0.0
297.0	0.0	0.0	0.0	0.0	0.0	0.0	0.0	0.0	0.0
298.0	6.325910931174089E-6	0.0	0.0	1.2651821862348178E-4	7.603258330738086E-10	4.001714910914783E-11	1.4446190828402368E-8	-5.75893023521354E-6	1.8410752097561718E-5
299.0	0.0	0.0	0.0	0.0	0.0	0.0	0.0	0.0	0.0
300.0	0.0	0.0	0.0	0.0	0.0	0.0	0.0	0.0	0.0
301.0	0.0	0.0	0.0	0.0	0.0	0.0	0.0	0.0	0.0
302.0	0.0	0.0	0.0	0.0	0.0	0.0	0.0	0.0	0.0
303.0	0.0	0.0	0.0	0.0	0.0	0.0	0.0	0.0	0.0
304.0	6.692544505420961E-6	0.0	0.0	1.338508901084192E-4	8.510128871837652E-10	4.479015195704031E-11	1.6169244856491545E-8	-6.092703062391624E-6	1.9477792073233544E-5
305.0	0.0	0.0	0.0	0.0	0.0	0.0	0.0	0.0	0.0
306.0	0.0	0.0	0.0	0.0	0.0	0.0	0.0	0.0	0.0
307.0	0.0	0.0	0.0	0.0	0.0	0.0	0.0	0.0	0.0
308.0	0.0	0.0	0.0	0.0	0.0	0.0	0.0	0.0	0.0
309.0	6.714113065664025E-6	0.0	0.0	1.342822613132805E-4	8.565069709118879E-10	4.507931425852035E-11	1.6273632447325858E-8	-6.112338469065109E-6	1.9540564600393157E-5
310.0	0.0	0.0	0.0	0.0	0.0	0.0	0.0	0.0	0.0
311.0	6.456611570247934E-6	0.0	0.0	1.2913223140495868E-4	7.920688264121306E-10	4.1687832969059487E-11	1.504930770183048E-8	-5.877916397098123E-6	1.879113953759399E-5
312.0	0.0	0.0	0.0	0.0	0.0	0.0	0.0	0.0	0.0
313.0	0.0	0.0	0.0	0.0	0.0	0.0	0.0	0.0	0.0
314.0	0.0	0.0	0.0	0.0	0.0	0.0	0.0	0.0	0.0
315.0	0.0	0.0	0.0	0.0	0.0	0.0	0.0	0.0	0.0
316.0	0.0	0.0	0.0	0.0	0.0	0.0	0.0	0.0	0.0
317.0	6.714113065664025E-6	0.0	0.0	1.342822613132805E-4	8.565069709118879E-10	4.507931425852035E-11	1.6273632447325858E-8	-6.112338469065109E-6	1.9540564600393157E-5
318.0	0.0	0.0	0.0	0.0	0.0	0.0	0.0	0.0	0.0
319.0	0.0	0.0	0.0	0.0	0.0	0.0	0.0	0.0	0.0
320.0	0.0	0.0	0.0	0.0	0.0	0.0	0.0	0.0	0.0
321.0	0.0	0.0	0.0	0.0	0.0	0.0	0.0	0.0	0.0
322.0	0.0	0.0	0.0	0.0	0.0	0.0	0.0	0.0	0.0
323.0	0.0	0.0	0.0	0.0	0.0	0.0	0.0	0.0	0.0
324.0	0.0	0.0	0.0	0.0	0.0	0.0	0.0	0.0	0.0
325.0	0.0	0.0	0.0	0.0	0.0	0.0	0.0	0.0	0.0
326.0	0.0	0.0	0.0	0.0	0.0	0.0	0.0	0.0	0.0
327.0	0.0	0.0	0.0	0.0	0.0	0.0	0.0	0.0	0.0
328.0	0.0	0.0	0.0	0.0	0.0	0.0	0.0	0.0	0.0
329.0	0.0	0.0	0.0	0.0	0.0	0.0	0.0	0.0	0.0
330.0	6.483402489626556E-6	0.0	0.0	1.2966804979253112E-4	7.986556490074212E-10	4.203450784249584E-11	1.517445733114099E-8	-5.9023060916918925E-6	1.8869111070945005E-5
331.0	0.0	0.0	0.0	0.0	0.0	0.0	0.0	0.0	0.0
332.0	0.0	0.0	0.0	0.0	0.0	0.0	0.0	0.0	0.0
333.0	0.0	0.0	0.0	0.0	0.0	0.0	0.0	0.0	0.0
334.0	0.0	0.0	0.0	0.0	0.0	0.0	0.0	0.0	0.0
335.0	0.0	0.0	0.0	0.0	0.0	0.0	0.0	0.0	0.0
336.0	0.0	0.0	0.0	0.0	0.0	0.0	0.0	0.0	0.0
337.0	0.0	0.0	0.0	0.0	0.0	0.0	0.0	0.0	0.0
338.0	0.0	0.0	0.0	0.0	0.0	0.0	0.0	0.0	0.0
339.0	0.0	0.0	0.0	0.0	0.0	0.0	0.0	0.0	0.0
340.0	0.0	0.0	0.0	0.0	0.0	0.0	0.0	0.0	0.0
341.0	0.0	0.0	0.0	0.0	0.0	0.0	0.0	0.0	0.0
342.0	0.0	0.0	0.0	0.0	0.0	0.0	0.0	0.0	0.0
343.0	0.0	0.0	0.0	0.0	0.0	0.0	0.0	0.0	0.0
344.0	6.316321374431532E-6	0.0	0.0	1.2632642748863063E-4	7.580223983969118E-10	3.989591570510065E-11	1.440242556954133E-8	-5.750200174220293E-6	1.8382842923083358E-5
345.0	6.456611570247934E-6	0.0	0.0	1.2913223140495868E-4	7.920688264121306E-10	4.1687832969059487E-11	1.504930770183048E-8	-5.877916397098123E-6	1.879113953759399E-5
346.0	0.0	0.0	0.0	0.0	0.0	0.0	0.0	0.0	0.0
347.0	0.0	0.0	0.0	0.0	0.0	0.0	0.0	0.0	0.0
348.0	0.0	0.0	0.0	0.0	0.0	0.0	0.0	0.0	0.0
349.0	0.0	0.0	0.0	0.0	0.0	0.0	0.0	0.0	0.0
350.0	0.0	0.0	0.0	0.0	0.0	0.0	0.0	0.0	0.0
351.0	0.0	0.0	0.0	0.0	0.0	0.0	0.0	0.0	0.0
352.0	0.0	0.0	0.0	0.0	0.0	0.0	0.0	0.0	0.0
353.0	6.483402489626556E-6	0.0	0.0	1.2966804979253112E-4	7.986556490074212E-10	4.203450784249584E-11	1.517445733114099E-8	-5.9023060916918925E-6	1.8869111070945005E-5
354.0	0.0	0.0	0.0	0.0	0.0	0.0	0.0	0.0	0.0
355.0	0.0	0.0	0.0	0.0	0.0	0.0	0.0	0.0	0.0
356.0	0.0	0.0	0.0	0.0	0.0	0.0	0.0	0.0	0.0
357.0	0.0	0.0	0.0	0.0	0.0	0.0	0.0	0.0	0.0
358.0	0.0	0.0	0.0	0.0	0.0	0.0	0.0	0.0	0.0
359.0	0.0	0.0	0.0	0.0	0.0	0.0	0.0	0.0	0.0
360.0	0.0	0.0	0.0	0.0	0.0	0.0	0.0	0.0	0.0
361.0	6.47332988089073E-6	0.0	0.0	1.294665976178146E-4	7.961759951898238E-10	4.190399974683278E-11	1.5127343908606638E-8	-5.8931362738384094E-6	1.8839796035619868E-5
362.0	0.0	0.0	0.0	0.0	0.0	0.0	0.0	0.0	0.0
363.0	0.0	0.0	0.0	0.0	0.0	0.0	0.0	0.0	0.0
364.0	6.49772579597141E-6	0.0	0.0	1.299545159194282E-4	8.021883698730134E-10	4.222044051963228E-11	1.524157902758725E-8	-5.915345624318106E-6	1.8910797216260925E-5
365.0	0.0	0.0	0.0	0.0	0.0	0.0	0.0	0.0	0.0
366.0	0.0	0.0	0.0	0.0	0.0	0.0	0.0	0.0	0.0
367.0	0.0	0.0	0.0	0.0	0.0	0.0	0.0	0.0	0.0
368.0	0.0	0.0	0.0	0.0	0.0	0.0	0.0	0.0	0.0
369.0	0.0	0.0	0.0	0.0	0.0	0.0	0.0	0.0	0.0
370.0	6.668444918644972E-6	0.0	0.0	1.3336889837289943E-4	8.448949950270366E-10	4.446815763300193E-11	1.6053004905513703E-8	-6.070763480811926E-6	1.940765331810187E-5
371.0	0.0	0.0	0.0	0.0	0.0	0.0	0.0	0.0	0.0
372.0	0.0	0.0	0.0	0.0	0.0	0.0	0.0	0.0	0.0
373.0	0.0	0.0	0.0	0.0	0.0	0.0	0.0	0.0	0.0
374.0	0.0	0.0	0.0	0.0	0.0	0.0	0.0	0.0	0.0
375.0	0.0	0.0	0.0	0.0	0.0	0.0	0.0	0.0	0.0
376.0	0.0	0.0	0.0	0.0	0.0	0.0	0.0	0.0	0.0
377.0	0.0	0.0	0.0	0.0	0.0	0.0	0.0	0.0	0.0
378.0	0.0	0.0	0.0	0.0	0.0	0.0	0.0	0.0	0.0
379.0	0.0	0.0	0.0	0.0	0.0	0.0	0.0	0.0	0.0
380.0	0.0	0.0	0.0	0.0	0.0	0.0	0.0	0.0	0.0
381.0	6.4250835260858394E-6	0.0	0.0	1.2850167052171679E-4	7.84352268026413E-10	4.128169831717964E-11	1.4902693092501847E-8	-5.849214158201984E-6	1.8699381210373664E-5
382.0	0.0	0.0	0.0	0.0	0.0	0.0	0.0	0.0	0.0
383.0	0.0	0.0	0.0	0.0	0.0	0.0	0.0	0.0	0.0
384.0	0.0	0.0	0.0	0.0	0.0	0.0	0.0	0.0	0.0
385.0	0.0	0.0	0.0	0.0	0.0	0.0	0.0	0.0	0.0
386.0	0.0	0.0	0.0	0.0	0.0	0.0	0.0	0.0	0.0
387.0	0.0	0.0	0.0	0.0	0.0	0.0	0.0	0.0	0.0
388.0	0.0	0.0	0.0	0.0	0.0	0.0	0.0	0.0	0.0
389.0	0.0	0.0	0.0	0.0	0.0	0.0	0.0	0.0	0.0
390.0	0.0	0.0	0.0	0.0	0.0	0.0	0.0	0.0	0.0
391.0	0.0	0.0	0.0	0.0	0.0	0.0	0.0	0.0	0.0
392.0	0.0	0.0	0.0	0.0	0.0	0.0	0.0	0.0	0.0
393.0	0.0	0.0	0.0	0.0	0.0	0.0	0.0	0.0	0.0
394.0	0.0	0.0	0.0	0.0	0.0	0.0	0.0	0.0	0.0
395.0	0.0	0.0	0.0	0.0	0.0	0.0	0.0	0.0	0.0
396.0	0.0	0.0	0.0	0.0	0.0	0.0	0.0	0.0	0.0
397.0	0.0	0.0	0.0	0.0	0.0	0.0	0.0	0.0	0.0
398.0	0.0	0.0	0.0	0.0	0.0	0.0	0.0	0.0	0.0
399.0	0.0	0.0	0.0	0.0	0.0	0.0	0.0	0.0	0.0
400.0	0.0	0.0	0.0	0.0	0.0	0.0	0.0	0.0	0.0
401.0	0.0	0.0	0.0	0.0	0.0	0.0	0.0	0.0	0.0
402.0	6.633939233116624E-6	0.0	0.0	1.3267878466233248E-4	8.36173845224996E-10	4.400914974868399E-11	1.5887303059274915E-8	-6.039350481508273E-6	1.930722894774152E-5
403.0	0.0	0.0	0.0	0.0	0.0	0.0	0.0	0.0	0.0
404.0	0.0	0.0	0.0	0.0	0.0	0.0	0.0	0.0	0.0
405.0	0.0	0.0	0.0	0.0	0.0	0.0	0.0	0.0	0.0
406.0	0.0	0.0	0.0	0.0	0.0	0.0	0.0	0.0	0.0
407.0	0.0	0.0	0.0	0.0	0.0	0.0	0.0	0.0	0.0
408.0	0.0	0.0	0.0	0.0	0.0	0.0	0.0	0.0	0.0
409.0	0.0	0.0	0.0	0.0	0.0	0.0	0.0	0.0	0.0
410.0	0.0	0.0	0.0	0.0	0.0	0.0	0.0	0.0	0.0
411.0	0.0	0.0	0.0	0.0	0.0	0.0	0.0	0.0	0.0
412.0	0.0	0.0	0.0	0.0	0.0	0.0	0.0	0.0	0.0
413.0	0.0	0.0	0.0	0.0	0.0	0.0	0.0	0.0	0.0
414.0	0.0	0.0	0.0	0.0	0.0	0.0	0.0	0.0	0.0
415.0	0.0	0.0	0.0	0.0	0.0	0.0	0.0	0.0	0.0
416.0	0.0	0.0	0.0	0.0	0.0	0.0	0.0	0.0	0.0
417.0	0.0	0.0	0.0	0.0	0.0	0.0	0.0	0.0	0.0
418.0	0.0	0.0	0.0	0.0	0.0	0.0	0.0	0.0	0.0
419.0	0.0	0.0	0.0	0.0	0.0	0.0	0.0	0.0	0.0
420.0	0.0	0.0	0.0	0.0	0.0	0.0	0.0	0.0	0.0
421.0	0.0	0.0	0.0	0.0	0.0	0.0	0.0	0.0	0.0
422.0	0.0	0.0	0.0	0.0	0.0	0.0	0.0	0.0	0.0
423.0	0.0	0.0	0.0	0.0	0.0	0.0	0.0	0.0	0.0
424.0	0.0	0.0	0.0	0.0	0.0	0.0	0.0	0.0	0.0
425.0	0.0	0.0	0.0	0.0	0.0	0.0	0.0	0.0	0.0
426.0	0.0	0.0	0.0	0.0	0.0	0.0	0.0	0.0	0.0
427.0	0.0	0.0	0.0	0.0	0.0	0.0	0.0	0.0	0.0
428.0	0.0	0.0	0.0	0.0	0.0	0.0	0.0	0.0	0.0
429.0	0.0	0.0	0.0	0.0	0.0	0.0	0.0	0.0	0.0
430.0	0.0	0.0	0.0	0.0	0.0	0.0	0.0	0.0	0.0
431.0	0.0	0.0	0.0	0.0	0.0	0.0	0.0	0.0	0.0
432.0	0.0	0.0	0.0	0.0	0.0	0.0	0.0	0.0	0.0
433.0	0.0	0.0	0.0	0.0	0.0	0.0	0.0	0.0	0.0
434.0	0.0	0.0	0.0	0.0	0.0	0.0	0.0	0.0	0.0
435.0	6.633939233116624E-6	0.0	0.0	1.3267878466233248E-4	8.36173845224996E-10	4.400914974868399E-11	1.5887303059274915E-8	-6.039350481508273E-6	1.930722894774152E-5
436.0	0.0	0.0	0.0	0.0	0.0	0.0	0.0	0.0	0.0
437.0	0.0	0.0	0.0	0.0	0.0	0.0	0.0	0.0	0.0
438.0	6.456611570247934E-6	0.0	0.0	1.2913223140495868E-4	7.920688264121306E-10	4.1687832969059487E-11	1.504930770183048E-8	-5.877916397098123E-6	1.879113953759399E-5
439.0	0.0	0.0	0.0	0.0	0.0	0.0	0.0	0.0	0.0
440.0	0.0	0.0	0.0	0.0	0.0	0.0	0.0	0.0	0.0
441.0	0.0	0.0	0.0	0.0	0.0	0.0	0.0	0.0	0.0
442.0	0.0	0.0	0.0	0.0	0.0	0.0	0.0	0.0	0.0
443.0	0.0	0.0	0.0	0.0	0.0	0.0	0.0	0.0	0.0
444.0	0.0	0.0	0.0	0.0	0.0	0.0	0.0	0.0	0.0
445.0	0.0	0.0	0.0	0.0	0.0	0.0	0.0	0.0	0.0
446.0	0.0	0.0	0.0	0.0	0.0	0.0	0.0	0.0	0.0
447.0	0.0	0.0	0.0	0.0	0.0	0.0	0.0	0.0	0.0
448.0	0.0	0.0	0.0	0.0	0.0	0.0	0.0	0.0	0.0
449.0	0.0	0.0	0.0	0.0	0.0	0.0	0.0	0.0	0.0
450.0	0.0	0.0	0.0	0.0	0.0	0.0	0.0	0.0	0.0
451.0	0.0	0.0	0.0	0.0	0.0	0.0	0.0	0.0	0.0
452.0	0.0	0.0	0.0	0.0	0.0	0.0	0.0	0.0	0.0
453.0	0.0	0.0	0.0	0.0	0.0	0.0	0.0	0.0	0.0
454.0	0.0	0.0	0.0	0.0	0.0	0.0	0.0	0.0	0.0
455.0	0.0	0.0	0.0	0.0	0.0	0.0	0.0	0.0	0.0
456.0	0.0	0.0	0.0	0.0	0.0	0.0	0.0	0.0	0.0
457.0	0.0	0.0	0.0	0.0	0.0	0.0	0.0	0.0	0.0
458.0	0.0	0.0	0.0	0.0	0.0	0.0	0.0	0.0	0.0
459.0	0.0	0.0	0.0	0.0	0.0	0.0	0.0	0.0	0.0
460.0	6.633939233116624E-6	0.0	0.0	1.3267878466233248E-4	8.36173845224996E-10	4.400914974868399E-11	1.5887303059274915E-8	-6.039350481508273E-6	1.930722894774152E-5
461.0	0.0	0.0	0.0	0.0	0.0	0.0	0.0	0.0	0.0
462.0	0.0	0.0	0.0	0.0	0.0	0.0	0.0	0.0	0.0
463.0	0.0	0.0	0.0	0.0	0.0	0.0	0.0	0.0	0.0
464.0	0.0	0.0	0.0	0.0	0.0	0.0	0.0	0.0	0.0
465.0	0.0	0.0	0.0	0.0	0.0	0.0	0.0	0.0	0.0
466.0	0.0	0.0	0.0	0.0	0.0	0.0	0.0	0.0	0.0
467.0	0.0	0.0	0.0	0.0	0.0	0.0	0.0	0.0	0.0
468.0	0.0	0.0	0.0	0.0	0.0	0.0	0.0	0.0	0.0
469.0	0.0	0.0	0.0	0.0	0.0	0.0	0.0	0.0	0.0
470.0	0.0	0.0	0.0	0.0	0.0	0.0	0.0	0.0	0.0
471.0	0.0	0.0	0.0	0.0	0.0	0.0	0.0	0.0	0.0
472.0	0.0	0.0	0.0	0.0	0.0	0.0	0.0	0.0	0.0
473.0	0.0	0.0	0.0	0.0	0.0	0.0	0.0	0.0	0.0
474.0	0.0	0.0	0.0	0.0	0.0	0.0	0.0	0.0	0.0
475.0	0.0	0.0	0.0	0.0	0.0	0.0	0.0	0.0	0.0
476.0	0.0	0.0	0.0	0.0	0.0	0.0	0.0	0.0	0.0
477.0	0.0	0.0	0.0	0.0	0.0	0.0	0.0	0.0	0.0
478.0	0.0	0.0	0.0	0.0	0.0	0.0	0.0	0.0	0.0
479.0	0.0	0.0	0.0	0.0	0.0	0.0	0.0	0.0	0.0
480.0	0.0	0.0	0.0	0.0	0.0	0.0	0.0	0.0	0.0
481.0	0.0	0.0	0.0	0.0	0.0	0.0	0.0	0.0	0.0
482.0	0.0	0.0	0.0	0.0	0.0	0.0	0.0	0.0	0.0
483.0	0.0	0.0	0.0	0.0	0.0	0.0	0.0	0.0	0.0
484.0	0.0	0.0	0.0	0.0	0.0	0.0	0.0	0.0	0.0
485.0	0.0	0.0	0.0	0.0	0.0	0.0	0.0	0.0	0.0
486.0	0.0	0.0	0.0	0.0	0.0	0.0	0.0	0.0	0.0
487.0	0.0	0.0	0.0	0.0	0.0	0.0	0.0	0.0	0.0
488.0	0.0	0.0	0.0	0.0	0.0	0.0	0.0	0.0	0.0
489.0	0.0	0.0	0.0	0.0	0.0	0.0	0.0	0.0	0.0
490.0	0.0	0.0	0.0	0.0	0.0	0.0	0.0	0.0	0.0
491.0	0.0	0.0	0.0	0.0	0.0	0.0	0.0	0.0	0.0
492.0	0.0	0.0	0.0	0.0	0.0	0.0	0.0	0.0	0.0
493.0	0.0	0.0	0.0	0.0	0.0	0.0	0.0	0.0	0.0
494.0	0.0	0.0	0.0	0.0	0.0	0.0	0.0	0.0	0.0
495.0	0.0	0.0	0.0	0.0	0.0	0.0	0.0	0.0	0.0
496.0	0.0	0.0	0.0	0.0	0.0	0.0	0.0	0.0	0.0
497.0	0.0	0.0	0.0	0.0	0.0	0.0	0.0	0.0	0.0
498.0	0.0	0.0	0.0	0.0	0.0	0.0	0.0	0.0	0.0
499.0	0.0	0.0	0.0	0.0	0.0	0.0	0.0	0.0	0.0
500.0	0.0	0.0	0.0	0.0	0.0	0.0	0.0	0.0	0.0
501.0	0.0	0.0	0.0	0.0	0.0	0.0	0.0	0.0	0.0
502.0	0.0	0.0	0.0	0.0	0.0	0.0	0.0	0.0	0.0
503.0	0.0	0.0	0.0	0.0	0.0	0.0	0.0	0.0	0.0
504.0	0.0	0.0	0.0	0.0	0.0	0.0	0.0	0.0	0.0
505.0	0.0	0.0	0.0	0.0	0.0	0.0	0.0	0.0	0.0
506.0	0.0	0.0	0.0	0.0	0.0	0.0	0.0	0.0	0.0
507.0	0.0	0.0	0.0	0.0	0.0	0.0	0.0	0.0	0.0
508.0	0.0	0.0	0.0	0.0	0.0	0.0	0.0	0.0	0.0
509.0	0.0	0.0	0.0	0.0	0.0	0.0	0.0	0.0	0.0
510.0	0.0	0.0	0.0	0.0	0.0	0.0	0.0	0.0	0.0
511.0	0.0	0.0	0.0	0.0	0.0	0.0	0.0	0.0	0.0
512.0	0.0	0.0	0.0	0.0	0.0	0.0	0.0	0.0	0.0
513.0	0.0	0.0	0.0	0.0	0.0	0.0	0.0	0.0	0.0
514.0	0.0	0.0	0.0	0.0	0.0	0.0	0.0	0.0	0.0
515.0	0.0	0.0	0.0	0.0	0.0	0.0	0.0	0.0	0.0
516.0	0.0	0.0	0.0	0.0	0.0	0.0	0.0	0.0	0.0
517.0	0.0	0.0	0.0	0.0	0.0	0.0	0.0	0.0	0.0
518.0	0.0	0.0	0.0	0.0	0.0	0.0	0.0	0.0	0.0
519.0	0.0	0.0	0.0	0.0	0.0	0.0	0.0	0.0	0.0
520.0	0.0	0.0	0.0	0.0	0.0	0.0	0.0	0.0	0.0
521.0	0.0	0.0	0.0	0.0	0.0	0.0	0.0	0.0	0.0
522.0	0.0	0.0	0.0	0.0	0.0	0.0	0.0	0.0	0.0
523.0	0.0	0.0	0.0	0.0	0.0	0.0	0.0	0.0	0.0
524.0	0.0	0.0	0.0	0.0	0.0	0.0	0.0	0.0	0.0
525.0	0.0	0.0	0.0	0.0	0.0	0.0	0.0	0.0	0.0
526.0	0.0	0.0	0.0	0.0	0.0	0.0	0.0	0.0	0.0
527.0	0.0	0.0	0.0	0.0	0.0	0.0	0.0	0.0	0.0
528.0	0.0	0.0	0.0	0.0	0.0	0.0	0.0	0.0	0.0
529.0	0.0	0.0	0.0	0.0	0.0	0.0	0.0	0.0	0.0
530.0	0.0	0.0	0.0	0.0	0.0	0.0	0.0	0.0	0.0
531.0	0.0	0.0	0.0	0.0	0.0	0.0	0.0	0.0	0.0
532.0	0.0	0.0	0.0	0.0	0.0	0.0	0.0	0.0	0.0
533.0	0.0	0.0	0.0	0.0	0.0	0.0	0.0	0.0	0.0
534.0	0.0	0.0	0.0	0.0	0.0	0.0	0.0	0.0	0.0
535.0	6.597176408497163E-6	0.0	0.0	1.3194352816994325E-4	8.269319947317989E-10	4.352273656483151E-11	1.571170789990418E-8	-6.0058826466721E-6	1.9200235463666427E-5
