0	0.0
1	8.817370219332085E-4
2	0.0
3	0.0
4	0.0
5	0.0
6	0.0
7	0.0
8	6.613027664499064E-4
9	0.002424776810316323
10	0.005290422131599251
11	0.0029758624490245785
12	0.07164113303207319
13	0.0
14	0.0
15	0.0
16	1.1021712774165106E-4
17	3.306513832249532E-4
18	0.0012123884051581616
19	0.017524523310922517
20	0.06932657334949852
21	0.09357434145266175
22	0.11517689849002535
23	0.008156067452882177
24	0.0
25	5.510856387082552E-4
26	3.306513832249532E-4
27	0.004408685109666042
28	0.008045850325140528
29	0.054226826848892316
30	0.07373525845916455
31	0.09897498071200264
32	0.017304089055439214
33	0.009809324369006944
34	0.0012123884051581616
35	0.0028656453212829273
36	0.00418825085418274
37	0.019398214482530585
38	0.03460817811087843
39	0.049597707483742974
40	0.016642786288989308
41	0.013336272456739778
42	0.009148021602557038
43	0.005621073514824204
44	0.006502810536757412
45	0.008707153091590434
46	0.023145596825746722
47	0.005510856387082552
48	0.006502810536757412
49	0.008817370219332083
50	0.007935633197398876
51	0.008266284580623829
52	0.009037804474815387
53	0.004078033726441089
54	0.0029758624490245785
55	0.004629119365149344
56	0.0037473823432161357
57	0.0030860795767662296
58	0.0033065138322495315
59	0.004298467981924391
60	0.003526948087732834
61	0.003526948087732834
62	0.0030860795767662296
63	0.002204342554833021
64	0.002204342554833021
65	0.001983908299349719
66	0.001983908299349719
67	0.001763474043866417
68	0.00209412542709137
69	0.0025349939380579743
70	0.0031962967045078804
71	0.0034167309599911827
72	0.0016532569161247658
73	0.0014328226606414637
74	9.919541496748595E-4
75	0.0014328226606414637
76	0.0014328226606414637
77	9.919541496748595E-4
78	0.0012123884051581616
79	0.0012123884051581616
80	8.817370219332085E-4
81	0.0011021712774165104
82	6.613027664499064E-4
83	0.0011021712774165104
84	0.0011021712774165104
85	6.613027664499064E-4
86	4.4086851096660423E-4
87	4.4086851096660423E-4
88	8.817370219332085E-4
89	8.817370219332085E-4
90	5.510856387082552E-4
91	5.510856387082552E-4
92	8.817370219332085E-4
93	5.510856387082552E-4
94	2.2043425548330211E-4
95	7.715198941915574E-4
96	6.613027664499064E-4
97	5.510856387082552E-4
98	3.306513832249532E-4
99	6.613027664499064E-4
100	4.4086851096660423E-4
101	6.613027664499064E-4
102	6.613027664499064E-4
103	2.2043425548330211E-4
104	3.306513832249532E-4
105	2.2043425548330211E-4
106	1.1021712774165106E-4
107	6.613027664499064E-4
108	2.2043425548330211E-4
109	5.510856387082552E-4
110	5.510856387082552E-4
111	3.306513832249532E-4
112	4.4086851096660423E-4
113	0.0
114	3.306513832249532E-4
115	4.4086851096660423E-4
116	5.510856387082552E-4
117	2.2043425548330211E-4
118	4.4086851096660423E-4
119	3.306513832249532E-4
120	2.2043425548330211E-4
121	6.613027664499064E-4
122	1.1021712774165106E-4
123	3.306513832249532E-4
124	1.1021712774165106E-4
125	4.4086851096660423E-4
126	0.0
127	0.0
128	4.4086851096660423E-4
129	1.1021712774165106E-4
130	1.1021712774165106E-4
131	1.1021712774165106E-4
132	1.1021712774165106E-4
133	1.1021712774165106E-4
134	2.2043425548330211E-4
135	2.2043425548330211E-4
136	0.0
137	3.306513832249532E-4
138	3.306513832249532E-4
139	3.306513832249532E-4
140	1.1021712774165106E-4
141	1.1021712774165106E-4
142	1.1021712774165106E-4
143	2.2043425548330211E-4
144	0.0
145	2.2043425548330211E-4
146	1.1021712774165106E-4
147	1.1021712774165106E-4
148	0.0
149	0.0
150	0.0
151	3.306513832249532E-4
152	1.1021712774165106E-4
153	0.0
154	3.306513832249532E-4
155	1.1021712774165106E-4
156	0.0
157	0.0
158	1.1021712774165106E-4
159	1.1021712774165106E-4
160	2.2043425548330211E-4
161	2.2043425548330211E-4
162	2.2043425548330211E-4
163	0.0
164	0.0
165	0.0
166	2.2043425548330211E-4
167	1.1021712774165106E-4
168	1.1021712774165106E-4
169	0.0
170	3.306513832249532E-4
171	1.1021712774165106E-4
172	1.1021712774165106E-4
173	1.1021712774165106E-4
174	0.0
175	1.1021712774165106E-4
176	0.0
177	1.1021712774165106E-4
178	0.0
179	0.0
180	1.1021712774165106E-4
181	0.0
182	2.2043425548330211E-4
183	0.0
184	1.1021712774165106E-4
185	0.0
186	0.0
187	0.0
188	0.0
189	0.0
190	0.0
191	0.0
192	0.0
193	0.0
194	1.1021712774165106E-4
195	0.0
196	0.0
197	2.2043425548330211E-4
198	0.0
199	0.0
200	0.0
201	0.0
202	0.0
203	0.0
204	0.0
205	1.1021712774165106E-4
206	0.0
207	0.0
208	0.0
209	0.0
210	0.0
211	0.0
212	0.0
213	2.2043425548330211E-4
214	1.1021712774165106E-4
215	0.0
216	0.0
217	0.0
218	1.1021712774165106E-4
219	0.0
220	0.0
221	0.0
222	0.0
223	0.0
224	0.0
225	0.0
226	0.0
227	0.0
228	0.0
229	0.0
230	0.0
231	0.0
232	2.2043425548330211E-4
233	0.0
234	1.1021712774165106E-4
235	0.0
236	0.0
237	0.0
238	0.0
239	1.1021712774165106E-4
240	1.1021712774165106E-4
241	0.0
242	0.0
243	0.0
244	0.0
245	0.0
246	1.1021712774165106E-4
247	0.0
248	0.0
249	1.1021712774165106E-4
250	0.0
251	0.0
252	0.0
253	1.1021712774165106E-4
254	0.0
255	0.0
256	0.0
257	0.0
258	0.0
259	0.0
260	1.1021712774165106E-4
261	0.0
262	1.1021712774165106E-4
263	0.0
264	1.1021712774165106E-4
265	0.0
266	0.0
267	0.0
268	1.1021712774165106E-4
269	0.0
270	1.1021712774165106E-4
271	0.0
272	0.0
273	0.0
274	0.0
275	0.0
276	1.1021712774165106E-4
277	0.0
278	0.0
279	0.0
280	0.0
281	0.0
282	0.0
283	0.0
284	0.0
285	0.0
286	0.0
287	1.1021712774165106E-4
288	0.0
289	0.0
290	0.0
291	0.0
292	0.0
293	0.0
294	0.0
295	0.0
296	0.0
297	0.0
298	0.0
299	0.0
300	0.0
301	0.0
302	0.0
303	0.0
304	0.0
305	0.0
306	0.0
307	0.0
308	0.0
309	1.1021712774165106E-4
310	0.0
311	0.0
312	0.0
313	0.0
314	0.0
315	0.0
316	1.1021712774165106E-4
317	0.0
318	0.0
319	0.0
320	0.0
321	0.0
322	0.0
323	0.0
324	0.0
325	1.1021712774165106E-4
326	0.0
327	0.0
328	0.0
329	1.1021712774165106E-4
330	0.0
331	0.0
332	0.0
333	0.0
334	1.1021712774165106E-4
335	0.0
336	0.0
337	0.0
338	0.0
339	1.1021712774165106E-4
340	0.0
341	0.0
342	0.0
343	0.0
344	0.0
345	0.0
346	0.0
347	0.0
348	0.0
349	0.0
350	0.0
351	0.0
352	0.0
353	0.0
354	0.0
355	0.0
356	0.0
357	0.0
358	1.1021712774165106E-4
359	0.0
360	0.0
361	0.0
362	0.0
363	0.0
364	0.0
365	1.1021712774165106E-4
366	0.0
367	0.0
368	0.0
369	0.0
370	0.0
371	1.1021712774165106E-4
372	0.0
373	0.0
374	0.0
375	1.1021712774165106E-4
376	0.0
377	0.0
378	0.0
379	0.0
380	0.0
381	0.0
382	0.0
383	0.0
384	0.0
385	0.0
386	0.0
387	0.0
388	0.0
389	0.0
390	0.0
391	0.0
392	0.0
393	0.0
394	0.0
395	0.0
396	0.0
397	0.0
398	0.0
399	0.0
400	0.0
401	0.0
402	0.0
403	0.0
404	0.0
405	0.0
406	0.0
407	0.0
408	0.0
409	0.0
410	0.0
411	0.0
412	0.0
413	1.1021712774165106E-4
414	0.0
415	0.0
416	0.0
417	0.0
418	0.0
419	0.0
420	0.0
421	0.0
422	0.0
423	0.0
424	0.0
425	0.0
426	0.0
427	0.0
428	0.0
429	0.0
430	0.0
431	0.0
432	0.0
433	0.0
434	0.0
435	0.0
436	0.0
437	0.0
438	0.0
439	0.0
440	0.0
441	0.0
442	0.0
443	0.0
444	0.0
445	0.0
446	0.0
447	0.0
448	0.0
449	0.0
450	0.0
451	0.0
452	0.0
453	0.0
454	0.0
455	0.0
456	0.0
457	0.0
458	0.0
459	0.0
460	0.0
461	0.0
462	0.0
463	0.0
464	0.0
465	0.0
466	0.0
467	0.0
468	0.0
469	0.0
470	0.0
471	0.0
472	0.0
473	0.0
474	0.0
475	0.0
476	0.0
477	0.0
478	0.0
479	0.0
480	0.0
481	0.0
482	0.0
483	0.0
484	1.1021712774165106E-4
