0	0.0028
1	0.0021
2	0.0407
3	0.0679
4	0.0294
5	0.0101
6	0.0026
7	0.001
8	0.0017
9	0.0147
10	0.0265
11	0.0371
12	0.0718
13	0.1079
14	0.0476
15	0.0153
16	0.0049
17	0.0044
18	0.009
19	0.0242
20	0.0437
21	0.0514
22	0.0486
23	0.0444
24	0.0219
25	0.0104
26	0.0049
27	0.0087
28	0.0118
29	0.0196
30	0.0197
31	0.021
32	0.0141
33	0.0106
34	0.0076
35	0.0057
36	0.005
37	0.0052
38	0.0063
39	0.0069
40	0.005
41	0.0047
42	0.0048
43	0.0043
44	0.0027
45	0.0034
46	0.0033
47	0.002
48	0.0036
49	0.002
50	0.0018
51	0.0021
52	0.0025
53	0.0018
54	0.0026
55	0.0023
56	0.0016
57	0.0013
58	9.0E-4
59	0.0012
60	0.0017
61	0.0017
62	7.0E-4
63	0.0012
64	0.0015
65	0.0011
66	0.0012
67	0.0015
68	5.0E-4
69	7.0E-4
70	8.0E-4
71	4.0E-4
72	8.0E-4
73	0.0012
74	9.0E-4
75	8.0E-4
76	0.001
77	6.0E-4
78	5.0E-4
79	4.0E-4
80	5.0E-4
81	4.0E-4
82	9.0E-4
83	8.0E-4
84	0.001
85	5.0E-4
86	9.0E-4
87	4.0E-4
88	4.0E-4
89	2.0E-4
90	4.0E-4
91	4.0E-4
92	7.0E-4
93	7.0E-4
94	6.0E-4
95	7.0E-4
96	4.0E-4
97	4.0E-4
98	4.0E-4
99	3.0E-4
100	2.0E-4
101	0.0
102	3.0E-4
103	5.0E-4
104	2.0E-4
105	0.001
106	3.0E-4
107	1.0E-4
108	1.0E-4
109	3.0E-4
110	1.0E-4
111	1.0E-4
112	3.0E-4
113	3.0E-4
114	4.0E-4
115	5.0E-4
116	0.0
117	2.0E-4
118	2.0E-4
119	2.0E-4
120	3.0E-4
121	2.0E-4
122	3.0E-4
123	2.0E-4
124	0.0
125	2.0E-4
126	1.0E-4
127	2.0E-4
128	2.0E-4
129	1.0E-4
130	3.0E-4
131	1.0E-4
132	2.0E-4
133	1.0E-4
134	1.0E-4
135	3.0E-4
136	4.0E-4
137	3.0E-4
138	2.0E-4
139	4.0E-4
140	0.0
141	1.0E-4
142	1.0E-4
143	0.0
144	1.0E-4
145	4.0E-4
146	6.0E-4
147	0.0
148	2.0E-4
149	2.0E-4
150	1.0E-4
151	1.0E-4
152	0.0
153	3.0E-4
154	2.0E-4
155	2.0E-4
156	2.0E-4
157	1.0E-4
158	3.0E-4
159	1.0E-4
160	1.0E-4
161	1.0E-4
162	0.0
163	3.0E-4
164	1.0E-4
165	0.0
166	2.0E-4
167	2.0E-4
168	5.0E-4
169	3.0E-4
170	1.0E-4
171	0.0
172	1.0E-4
173	0.0
174	2.0E-4
175	0.0
176	1.0E-4
177	1.0E-4
178	3.0E-4
179	0.0
180	0.0
181	1.0E-4
182	0.0
183	1.0E-4
184	0.0
185	1.0E-4
186	1.0E-4
187	2.0E-4
188	0.0
189	0.0
190	0.0
191	1.0E-4
192	1.0E-4
193	2.0E-4
194	2.0E-4
195	3.0E-4
196	0.0
197	0.0
198	0.0
199	1.0E-4
200	0.0
201	2.0E-4
202	1.0E-4
203	1.0E-4
204	2.0E-4
205	0.0
206	0.0
207	0.0
208	1.0E-4
209	0.0
210	1.0E-4
211	1.0E-4
212	0.0
213	2.0E-4
214	1.0E-4
215	2.0E-4
216	0.0
217	1.0E-4
218	1.0E-4
219	0.0
220	1.0E-4
221	0.0
222	0.0
223	1.0E-4
224	0.0
225	0.0
226	2.0E-4
227	0.0
228	0.0
229	1.0E-4
230	1.0E-4
231	2.0E-4
232	0.0
233	0.0
234	2.0E-4
235	0.0
236	1.0E-4
237	1.0E-4
238	0.0
239	0.0
240	1.0E-4
241	0.0
242	0.0
243	0.0
244	1.0E-4
245	0.0
246	2.0E-4
247	0.0
248	0.0
249	1.0E-4
250	0.0
251	1.0E-4
252	0.0
253	2.0E-4
254	1.0E-4
255	0.0
256	0.0
257	2.0E-4
258	1.0E-4
259	0.0
260	1.0E-4
261	0.0
262	1.0E-4
263	0.0
264	0.0
265	1.0E-4
266	0.0
267	1.0E-4
268	0.0
269	0.0
270	0.0
271	1.0E-4
272	0.0
273	0.0
274	0.0
275	0.0
276	0.0
277	1.0E-4
278	1.0E-4
279	0.0
280	1.0E-4
281	0.0
282	0.0
283	0.0
284	1.0E-4
285	0.0
286	1.0E-4
287	0.0
288	0.0
289	0.0
290	0.0
291	0.0
292	0.0
293	0.0
294	1.0E-4
295	0.0
296	0.0
297	1.0E-4
298	1.0E-4
299	0.0
300	1.0E-4
301	1.0E-4
302	1.0E-4
303	1.0E-4
304	0.0
305	0.0
306	0.0
307	0.0
308	0.0
309	0.0
310	0.0
311	0.0
312	1.0E-4
313	1.0E-4
314	0.0
315	0.0
316	0.0
317	0.0
318	1.0E-4
319	0.0
320	0.0
321	0.0
322	1.0E-4
323	0.0
324	0.0
325	0.0
326	0.0
327	1.0E-4
328	0.0
329	0.0
330	0.0
331	0.0
332	0.0
333	0.0
334	1.0E-4
335	0.0
336	0.0
337	0.0
338	0.0
339	0.0
340	0.0
341	0.0
342	1.0E-4
343	0.0
344	0.0
345	0.0
346	1.0E-4
347	0.0
348	0.0
349	0.0
350	0.0
351	1.0E-4
352	0.0
353	1.0E-4
354	0.0
355	0.0
356	0.0
357	0.0
358	0.0
359	0.0
360	0.0
361	0.0
362	0.0
363	0.0
364	0.0
365	0.0
366	0.0
367	0.0
368	0.0
369	0.0
370	0.0
371	0.0
372	0.0
373	0.0
374	0.0
375	0.0
376	0.0
377	0.0
378	0.0
379	0.0
380	1.0E-4
381	0.0
382	0.0
383	1.0E-4
384	0.0
385	0.0
386	0.0
387	0.0
388	0.0
389	0.0
390	0.0
391	0.0
392	0.0
393	1.0E-4
394	0.0
395	1.0E-4
396	0.0
397	1.0E-4
398	0.0
399	0.0
400	1.0E-4
401	0.0
402	2.0E-4
403	0.0
404	0.0
405	0.0
406	0.0
407	0.0
408	1.0E-4
409	0.0
410	0.0
411	0.0
412	0.0
413	0.0
414	0.0
415	0.0
416	0.0
417	0.0
418	1.0E-4
419	0.0
420	0.0
421	0.0
422	0.0
423	0.0
424	0.0
425	0.0
426	0.0
427	0.0
428	0.0
429	0.0
430	0.0
431	0.0
432	0.0
433	0.0
434	0.0
435	0.0
436	0.0
437	0.0
438	0.0
439	0.0
440	0.0
441	0.0
442	0.0
443	0.0
444	0.0
445	0.0
446	0.0
447	0.0
448	0.0
449	0.0
450	0.0
451	0.0
452	0.0
453	1.0E-4
454	0.0
455	0.0
456	0.0
457	0.0
458	0.0
459	0.0
460	0.0
461	0.0
462	0.0
463	0.0
464	0.0
465	0.0
466	0.0
467	0.0
468	0.0
469	0.0
470	0.0
471	0.0
472	0.0
473	0.0
474	0.0
475	0.0
476	0.0
477	1.0E-4
478	0.0
479	0.0
480	0.0
481	0.0
482	0.0
483	0.0
484	0.0
485	0.0
486	1.0E-4
487	0.0
488	0.0
489	1.0E-4
490	0.0
491	0.0
492	0.0
493	0.0
494	0.0
495	0.0
496	0.0
497	0.0
498	0.0
499	0.0
500	0.0
501	0.0
502	0.0
503	0.0
504	0.0
505	0.0
506	0.0
507	0.0
508	0.0
509	0.0
510	0.0
511	0.0
512	0.0
513	0.0
514	1.0E-4
515	0.0
516	0.0
517	0.0
518	0.0
519	0.0
520	0.0
521	0.0
522	0.0
523	1.0E-4
524	0.0
525	0.0
526	0.0
527	0.0
528	1.0E-4
529	0.0
530	0.0
531	0.0
532	1.0E-4
533	0.0
534	0.0
535	0.0
536	0.0
537	0.0
538	0.0
539	0.0
540	0.0
541	0.0
542	0.0
543	0.0
544	0.0
545	0.0
546	0.0
547	0.0
548	0.0
549	0.0
550	0.0
551	1.0E-4
552	0.0
553	0.0
554	0.0
555	0.0
556	0.0
557	0.0
558	0.0
559	0.0
560	0.0
561	0.0
562	0.0
563	0.0
564	0.0
565	0.0
566	1.0E-4
567	0.0
568	0.0
569	0.0
570	0.0
571	0.0
572	0.0
573	0.0
574	0.0
575	0.0
576	0.0
577	0.0
578	0.0
579	0.0
580	0.0
581	0.0
582	0.0
583	0.0
584	1.0E-4
585	0.0
586	0.0
587	0.0
588	0.0
589	0.0
590	0.0
591	0.0
592	0.0
593	0.0
594	0.0
595	0.0
596	0.0
597	0.0
598	0.0
599	0.0
600	0.0
601	0.0
602	0.0
603	0.0
604	0.0
605	0.0
606	0.0
607	0.0
608	1.0E-4
609	0.0
610	0.0
611	0.0
612	0.0
613	0.0
614	0.0
615	0.0
616	0.0
617	0.0
618	1.0E-4
619	0.0
620	0.0
621	0.0
622	0.0
623	0.0
624	0.0
625	0.0
626	0.0
627	1.0E-4
628	0.0
629	0.0
630	0.0
631	0.0
632	0.0
633	0.0
634	0.0
635	0.0
636	0.0
637	0.0
638	0.0
639	1.0E-4
640	0.0
641	0.0
642	0.0
643	0.0
644	0.0
645	0.0
646	0.0
647	0.0
648	0.0
649	0.0
650	0.0
651	0.0
652	0.0
653	0.0
654	0.0
655	0.0
656	0.0
657	0.0
658	0.0
659	0.0
660	0.0
661	0.0
662	0.0
663	0.0
664	0.0
665	0.0
666	0.0
667	0.0
668	0.0
669	0.0
670	0.0
671	0.0
672	0.0
673	0.0
674	0.0
675	0.0
676	0.0
677	0.0
678	0.0
679	0.0
680	0.0
681	0.0
682	0.0
683	0.0
684	0.0
685	0.0
686	0.0
687	0.0
688	0.0
689	0.0
690	0.0
691	0.0
692	0.0
693	0.0
694	0.0
695	0.0
696	0.0
697	0.0
698	0.0
699	0.0
700	0.0
701	0.0
702	0.0
703	0.0
704	0.0
705	0.0
706	0.0
707	0.0
708	0.0
709	0.0
710	0.0
711	0.0
712	0.0
713	0.0
714	0.0
715	0.0
716	0.0
717	0.0
718	0.0
719	0.0
720	0.0
721	0.0
722	0.0
723	0.0
724	0.0
725	0.0
726	0.0
727	0.0
728	0.0
729	0.0
730	0.0
731	0.0
732	0.0
733	0.0
734	0.0
735	0.0
736	0.0
737	0.0
738	0.0
739	1.0E-4
740	0.0
741	0.0
742	0.0
743	0.0
744	0.0
745	0.0
746	0.0
747	0.0
748	0.0
749	0.0
750	0.0
751	0.0
752	0.0
753	0.0
754	0.0
755	0.0
756	0.0
757	0.0
758	0.0
759	0.0
760	0.0
761	1.0E-4
762	0.0
763	0.0
764	0.0
765	1.0E-4
766	0.0
767	1.0E-4
