0	0.0
1	0.0
2	0.0030095475300954753
3	0.020236612702366128
4	0.023453715234537154
5	0.015255292652552927
6	0.020236612702366128
7	0.00684931506849315
8	0.015047737650477377
9	0.01473640514736405
10	0.012557077625570776
11	0.0078870900788709
12	0.016293067662930677
13	0.007783312577833126
14	0.008302200083022002
15	0.010689082606890827
16	0.008198422581984225
17	0.008198422581984225
18	0.0365296803652968
19	0.013387297633872976
20	0.016811955168119553
21	0.015462847654628476
22	0.009962640099626401
23	0.013075965130759652
24	0.014840182648401826
25	0.012453300124533
26	0.012764632627646327
27	0.08499377334993774
28	0.0253217102532171
29	0.02262349522623495
30	0.023972602739726026
31	0.022727272727272728
32	0.021897052718970526
33	0.021793275217932753
34	0.019821502698215025
35	0.015462847654628476
36	0.04337899543378995
37	0.016811955168119553
38	0.01639684516396845
39	0.014632627646326276
40	0.014528850145288501
41	0.012972187629721877
42	0.011623080116230802
43	0.010689082606890827
44	0.008405977584059776
45	0.018576172685761727
46	0.01017019510170195
47	0.007368202573682025
48	0.007160647571606476
49	0.007783312577833126
50	0.007368202573682025
51	0.006019095060190951
52	0.00684931506849315
53	0.004669987546699875
54	0.005915317559153176
55	0.004151100041511001
56	0.004773765047737651
57	0.00311332503113325
58	0.0036322125363221253
59	0.003424657534246575
60	0.004047322540473225
61	0.0032171025321710255
62	0.00311332503113325
63	0.0032171025321710255
64	0.0024906600249066002
65	0.0021793275217932753
66	0.0018679950186799503
67	0.0023868825238688254
68	0.001556662515566625
69	0.0020755500207555004
70	0.0014528850145288502
71	0.0020755500207555004
72	0.0016604400166044002
73	0.0018679950186799503
74	8.302200083022001E-4
75	0.0014528850145288502
76	0.0013491075134910752
77	0.0018679950186799503
78	0.0014528850145288502
79	0.0010377750103777502
80	0.001971772519717725
81	0.0017642175176421752
82	0.001141552511415525
83	0.0013491075134910752
84	8.302200083022001E-4
85	8.302200083022001E-4
86	6.226650062266501E-4
87	0.0012453300124533001
88	7.264425072644251E-4
89	0.0012453300124533001
90	5.188875051888751E-4
91	0.0010377750103777502
92	7.264425072644251E-4
93	7.264425072644251E-4
94	3.1133250311332503E-4
95	7.264425072644251E-4
96	0.001141552511415525
97	5.188875051888751E-4
98	9.339975093399751E-4
99	7.264425072644251E-4
100	4.1511000415110004E-4
101	5.188875051888751E-4
102	5.188875051888751E-4
103	6.226650062266501E-4
104	7.264425072644251E-4
105	5.188875051888751E-4
106	7.264425072644251E-4
107	7.264425072644251E-4
108	6.226650062266501E-4
109	9.339975093399751E-4
110	3.1133250311332503E-4
111	7.264425072644251E-4
112	0.0012453300124533001
113	3.1133250311332503E-4
114	5.188875051888751E-4
115	8.302200083022001E-4
116	7.264425072644251E-4
117	9.339975093399751E-4
118	0.001141552511415525
119	8.302200083022001E-4
120	6.226650062266501E-4
121	0.0010377750103777502
122	5.188875051888751E-4
123	5.188875051888751E-4
124	0.0014528850145288502
125	5.188875051888751E-4
126	4.1511000415110004E-4
127	9.339975093399751E-4
128	1.0377750103777501E-4
129	3.1133250311332503E-4
130	0.001141552511415525
131	8.302200083022001E-4
132	6.226650062266501E-4
133	5.188875051888751E-4
134	8.302200083022001E-4
135	7.264425072644251E-4
136	4.1511000415110004E-4
137	9.339975093399751E-4
138	3.1133250311332503E-4
139	8.302200083022001E-4
140	7.264425072644251E-4
141	7.264425072644251E-4
142	8.302200083022001E-4
143	6.226650062266501E-4
144	3.1133250311332503E-4
145	0.001556662515566625
146	6.226650062266501E-4
147	8.302200083022001E-4
148	6.226650062266501E-4
149	6.226650062266501E-4
150	4.1511000415110004E-4
151	9.339975093399751E-4
152	0.0010377750103777502
153	3.1133250311332503E-4
154	3.1133250311332503E-4
155	1.0377750103777501E-4
156	5.188875051888751E-4
157	5.188875051888751E-4
158	6.226650062266501E-4
159	7.264425072644251E-4
160	1.0377750103777501E-4
161	7.264425072644251E-4
162	1.0377750103777501E-4
163	5.188875051888751E-4
164	3.1133250311332503E-4
165	5.188875051888751E-4
166	3.1133250311332503E-4
167	6.226650062266501E-4
168	3.1133250311332503E-4
169	3.1133250311332503E-4
170	3.1133250311332503E-4
171	4.1511000415110004E-4
172	2.0755500207555002E-4
173	4.1511000415110004E-4
174	5.188875051888751E-4
175	3.1133250311332503E-4
176	2.0755500207555002E-4
177	6.226650062266501E-4
178	1.0377750103777501E-4
179	5.188875051888751E-4
180	2.0755500207555002E-4
181	7.264425072644251E-4
182	2.0755500207555002E-4
183	2.0755500207555002E-4
184	4.1511000415110004E-4
185	4.1511000415110004E-4
186	5.188875051888751E-4
187	3.1133250311332503E-4
188	6.226650062266501E-4
189	6.226650062266501E-4
190	0.0
191	1.0377750103777501E-4
192	2.0755500207555002E-4
193	4.1511000415110004E-4
194	6.226650062266501E-4
195	4.1511000415110004E-4
196	4.1511000415110004E-4
197	4.1511000415110004E-4
198	3.1133250311332503E-4
199	4.1511000415110004E-4
200	2.0755500207555002E-4
201	2.0755500207555002E-4
202	3.1133250311332503E-4
203	7.264425072644251E-4
204	0.0
205	1.0377750103777501E-4
206	2.0755500207555002E-4
207	3.1133250311332503E-4
208	3.1133250311332503E-4
209	3.1133250311332503E-4
210	1.0377750103777501E-4
211	4.1511000415110004E-4
212	0.0
213	3.1133250311332503E-4
214	4.1511000415110004E-4
215	3.1133250311332503E-4
216	4.1511000415110004E-4
217	3.1133250311332503E-4
218	3.1133250311332503E-4
219	1.0377750103777501E-4
220	3.1133250311332503E-4
221	5.188875051888751E-4
222	2.0755500207555002E-4
223	2.0755500207555002E-4
224	1.0377750103777501E-4
225	3.1133250311332503E-4
226	3.1133250311332503E-4
227	0.0
228	2.0755500207555002E-4
229	7.264425072644251E-4
230	3.1133250311332503E-4
231	2.0755500207555002E-4
232	0.0
233	2.0755500207555002E-4
234	3.1133250311332503E-4
235	0.0
236	2.0755500207555002E-4
237	2.0755500207555002E-4
238	1.0377750103777501E-4
239	0.0
240	3.1133250311332503E-4
241	1.0377750103777501E-4
242	0.0
243	1.0377750103777501E-4
244	2.0755500207555002E-4
245	2.0755500207555002E-4
246	0.0
247	3.1133250311332503E-4
248	2.0755500207555002E-4
249	0.0
250	0.0
251	4.1511000415110004E-4
252	3.1133250311332503E-4
253	3.1133250311332503E-4
254	1.0377750103777501E-4
255	1.0377750103777501E-4
256	0.0
257	0.0
258	0.0
259	4.1511000415110004E-4
260	1.0377750103777501E-4
261	4.1511000415110004E-4
262	1.0377750103777501E-4
263	3.1133250311332503E-4
264	0.0
265	5.188875051888751E-4
266	2.0755500207555002E-4
267	1.0377750103777501E-4
268	0.0
269	1.0377750103777501E-4
270	1.0377750103777501E-4
271	1.0377750103777501E-4
272	3.1133250311332503E-4
273	0.0
274	1.0377750103777501E-4
275	1.0377750103777501E-4
276	1.0377750103777501E-4
277	1.0377750103777501E-4
278	2.0755500207555002E-4
279	1.0377750103777501E-4
280	2.0755500207555002E-4
281	1.0377750103777501E-4
282	0.0
283	0.0
284	3.1133250311332503E-4
285	2.0755500207555002E-4
286	2.0755500207555002E-4
287	0.0
288	1.0377750103777501E-4
289	1.0377750103777501E-4
290	1.0377750103777501E-4
291	0.0
292	0.0
293	3.1133250311332503E-4
294	1.0377750103777501E-4
295	1.0377750103777501E-4
296	2.0755500207555002E-4
297	3.1133250311332503E-4
298	0.0
299	2.0755500207555002E-4
300	3.1133250311332503E-4
301	0.0
302	4.1511000415110004E-4
303	2.0755500207555002E-4
304	2.0755500207555002E-4
305	1.0377750103777501E-4
306	2.0755500207555002E-4
307	2.0755500207555002E-4
308	1.0377750103777501E-4
309	0.0
310	2.0755500207555002E-4
311	2.0755500207555002E-4
312	1.0377750103777501E-4
313	1.0377750103777501E-4
314	1.0377750103777501E-4
315	3.1133250311332503E-4
316	2.0755500207555002E-4
317	2.0755500207555002E-4
318	1.0377750103777501E-4
319	1.0377750103777501E-4
320	2.0755500207555002E-4
321	3.1133250311332503E-4
322	0.0
323	1.0377750103777501E-4
324	1.0377750103777501E-4
325	0.0
326	2.0755500207555002E-4
327	1.0377750103777501E-4
328	0.0
329	0.0
330	0.0
331	0.0
332	1.0377750103777501E-4
333	1.0377750103777501E-4
334	0.0
335	0.0
336	1.0377750103777501E-4
337	0.0
338	0.0
339	0.0
340	1.0377750103777501E-4
341	0.0
342	2.0755500207555002E-4
343	0.0
344	1.0377750103777501E-4
345	2.0755500207555002E-4
346	0.0
347	0.0
348	0.0
349	1.0377750103777501E-4
350	2.0755500207555002E-4
351	0.0
352	1.0377750103777501E-4
353	0.0
354	0.0
355	0.0
356	0.0
357	0.0
358	0.0
359	0.0
360	4.1511000415110004E-4
361	0.0
362	2.0755500207555002E-4
363	0.0
364	1.0377750103777501E-4
365	0.0
366	0.0
367	0.0
368	0.0
369	0.0
370	1.0377750103777501E-4
371	1.0377750103777501E-4
372	0.0
373	0.0
374	0.0
375	0.0
376	0.0
377	0.0
378	0.0
379	1.0377750103777501E-4
380	0.0
381	0.0
382	0.0
383	0.0
384	0.0
385	2.0755500207555002E-4
386	0.0
387	0.0
388	3.1133250311332503E-4
389	1.0377750103777501E-4
390	0.0
391	0.0
392	0.0
393	1.0377750103777501E-4
394	0.0
395	1.0377750103777501E-4
396	0.0
397	0.0
398	2.0755500207555002E-4
399	0.0
400	0.0
401	0.0
402	0.0
403	1.0377750103777501E-4
404	0.0
405	1.0377750103777501E-4
406	0.0
407	0.0
408	0.0
409	1.0377750103777501E-4
410	1.0377750103777501E-4
411	1.0377750103777501E-4
412	2.0755500207555002E-4
413	0.0
414	1.0377750103777501E-4
415	0.0
416	0.0
417	1.0377750103777501E-4
418	0.0
419	1.0377750103777501E-4
420	0.0
421	1.0377750103777501E-4
422	0.0
423	1.0377750103777501E-4
424	0.0
425	1.0377750103777501E-4
426	1.0377750103777501E-4
427	0.0
428	0.0
429	0.0
430	0.0
431	0.0
432	0.0
433	0.0
434	0.0
435	0.0
436	1.0377750103777501E-4
437	1.0377750103777501E-4
438	0.0
439	0.0
440	0.0
441	0.0
442	0.0
443	0.0
444	1.0377750103777501E-4
445	0.0
446	0.0
447	1.0377750103777501E-4
448	0.0
449	0.0
450	0.0
451	0.0
452	0.0
453	0.0
454	0.0
455	0.0
456	2.0755500207555002E-4
457	1.0377750103777501E-4
458	0.0
459	0.0
460	0.0
461	0.0
462	0.0
463	0.0
464	0.0
465	0.0
466	0.0
467	1.0377750103777501E-4
468	0.0
469	0.0
470	2.0755500207555002E-4
471	0.0
472	0.0
473	0.0
474	0.0
475	0.0
476	0.0
477	0.0
478	0.0
479	1.0377750103777501E-4
480	0.0
481	0.0
482	0.0
483	0.0
484	0.0
485	1.0377750103777501E-4
486	0.0
487	1.0377750103777501E-4
488	0.0
489	1.0377750103777501E-4
490	1.0377750103777501E-4
491	1.0377750103777501E-4
492	0.0
493	0.0
494	1.0377750103777501E-4
495	0.0
496	1.0377750103777501E-4
497	0.0
498	0.0
499	1.0377750103777501E-4
500	0.0
501	0.0
502	0.0
503	0.0
504	0.0
505	0.0
506	0.0
507	0.0
508	0.0
509	0.0
510	0.0
511	0.0
512	0.0
513	0.0
514	0.0
515	0.0
516	0.0
517	0.0
518	0.0
519	0.0
520	0.0
521	0.0
522	0.0
523	0.0
524	0.0
525	0.0
526	0.0
527	0.0
528	1.0377750103777501E-4
529	0.0
530	0.0
531	0.0
532	0.0
533	0.0
534	1.0377750103777501E-4
535	0.0
536	0.0
537	0.0
538	0.0
539	0.0
540	1.0377750103777501E-4
541	0.0
542	0.0
543	0.0
544	0.0
545	0.0
546	0.0
547	0.0
548	0.0
549	0.0
550	0.0
551	1.0377750103777501E-4
552	0.0
553	1.0377750103777501E-4
554	0.0
555	0.0
556	0.0
557	0.0
558	0.0
559	0.0
560	0.0
561	0.0
562	0.0
563	0.0
564	0.0
565	0.0
566	0.0
567	0.0
568	0.0
569	0.0
570	0.0
571	0.0
572	0.0
573	0.0
574	1.0377750103777501E-4
575	0.0
576	0.0
577	0.0
578	0.0
579	0.0
580	0.0
581	0.0
582	0.0
583	0.0
584	0.0
585	0.0
586	0.0
587	0.0
588	0.0
589	0.0
590	0.0
591	0.0
592	0.0
593	0.0
594	0.0
595	0.0
596	0.0
597	0.0
598	0.0
599	0.0
600	0.0
601	0.0
602	0.0
603	0.0
604	0.0
605	0.0
606	0.0
607	0.0
608	0.0
609	1.0377750103777501E-4
610	0.0
611	0.0
612	0.0
613	0.0
614	0.0
615	0.0
616	0.0
617	0.0
618	0.0
619	0.0
620	1.0377750103777501E-4
621	0.0
622	0.0
623	0.0
624	0.0
625	0.0
626	0.0
627	0.0
628	0.0
629	0.0
630	0.0
631	0.0
632	0.0
633	0.0
634	0.0
635	0.0
636	0.0
637	0.0
638	0.0
639	0.0
640	0.0
641	0.0
642	0.0
643	0.0
644	0.0
645	1.0377750103777501E-4
646	0.0
647	0.0
648	0.0
649	0.0
650	1.0377750103777501E-4
651	0.0
652	0.0
653	0.0
654	0.0
655	0.0
656	0.0
657	0.0
658	0.0
659	0.0
660	0.0
661	0.0
662	0.0
663	0.0
664	0.0
665	0.0
666	0.0
667	0.0
668	0.0
669	0.0
670	0.0
671	0.0
672	0.0
673	0.0
674	0.0
675	0.0
676	0.0
677	0.0
678	0.0
679	0.0
680	0.0
681	0.0
682	0.0
683	0.0
684	0.0
685	0.0
686	0.0
687	0.0
688	0.0
689	0.0
690	0.0
691	0.0
692	0.0
693	0.0
694	0.0
695	0.0
696	0.0
697	0.0
698	0.0
699	0.0
700	0.0
701	0.0
702	0.0
703	0.0
704	0.0
705	0.0
706	0.0
707	0.0
708	0.0
709	0.0
710	0.0
711	0.0
712	0.0
713	0.0
714	0.0
715	0.0
716	0.0
717	0.0
718	0.0
719	0.0
720	0.0
721	0.0
722	0.0
723	0.0
724	0.0
725	0.0
726	0.0
727	0.0
728	0.0
729	0.0
730	0.0
731	0.0
732	0.0
733	0.0
734	0.0
735	0.0
736	1.0377750103777501E-4
