0	0.0
1	0.0
2	0.0024986985944820406
3	0.024154086413326392
4	0.025507548152004164
5	0.015304528891202498
6	0.01915668922436231
7	0.01051535658511192
8	0.015616866215512754
9	0.011348256116605934
10	0.010827693909422176
11	0.007808433107756377
12	0.01717855283706403
13	0.00801665799062988
14	0.007704320666319625
15	0.010307131702238417
16	0.009682457053617907
17	0.007496095783446122
18	0.0338365434669443
19	0.012181155648099948
20	0.014471629359708485
21	0.014575741801145237
22	0.01290994273815721
23	0.012389380530973451
24	0.01353461738677772
25	0.014888079125455492
26	0.0122852680895367
27	0.08256116605934409
28	0.026028110359187923
29	0.024154086413326392
30	0.0215512753774076
31	0.019989588755856325
32	0.02165538781884435
33	0.017386777719937532
34	0.020510150963040083
35	0.018323789692868298
36	0.04487246225923998
37	0.015720978656949505
38	0.015720978656949505
39	0.013222280062467465
40	0.015096304008328995
41	0.012389380530973451
42	0.01103591879229568
43	0.011348256116605934
44	0.011348256116605934
45	0.01728266527850078
46	0.008433107756376887
47	0.0065590838105153565
48	0.00801665799062988
49	0.006350858927641853
50	0.007912545549193128
51	0.00614263404476835
52	0.0052056220718375845
53	0.004685059864653826
54	0.006038521603331598
55	0.004372722540343571
56	0.004164497657470068
57	0.005101509630400833
58	0.0048932847475273294
59	0.002706923477355544
60	0.0032274856845393024
61	0.0034357105674128058
62	0.0034357105674128058
63	0.0021863612701717855
64	0.002290473711608537
65	0.001665799062988027
66	0.0021863612701717855
67	0.002394586153045289
68	0.0017699115044247787
69	0.002706923477355544
70	0.0021863612701717855
71	0.0014575741801145237
72	0.001978136387298282
73	0.001978136387298282
74	0.002082248828735034
75	0.001353461738677772
76	0.0015616866215512754
77	0.0017699115044247787
78	0.0017699115044247787
79	0.0011452368558042686
80	0.001041124414367517
81	0.002082248828735034
82	0.0014575741801145237
83	0.0014575741801145237
84	0.0012493492972410203
85	0.0015616866215512754
86	8.328995314940135E-4
87	0.0012493492972410203
88	0.0011452368558042686
89	8.328995314940135E-4
90	0.0014575741801145237
91	8.328995314940135E-4
92	7.287870900572618E-4
93	0.001041124414367517
94	0.001353461738677772
95	0.0012493492972410203
96	7.287870900572618E-4
97	0.001041124414367517
98	6.246746486205101E-4
99	9.370119729307652E-4
100	8.328995314940135E-4
101	0.001041124414367517
102	8.328995314940135E-4
103	9.370119729307652E-4
104	4.1644976574700676E-4
105	8.328995314940135E-4
106	5.205622071837585E-4
107	5.205622071837585E-4
108	0.0012493492972410203
109	8.328995314940135E-4
110	3.1233732431025507E-4
111	9.370119729307652E-4
112	0.0017699115044247787
113	3.1233732431025507E-4
114	4.1644976574700676E-4
115	3.1233732431025507E-4
116	5.205622071837585E-4
117	6.246746486205101E-4
118	0.001041124414367517
119	5.205622071837585E-4
120	9.370119729307652E-4
121	5.205622071837585E-4
122	4.1644976574700676E-4
123	2.0822488287350338E-4
124	8.328995314940135E-4
125	5.205622071837585E-4
126	5.205622071837585E-4
127	3.1233732431025507E-4
128	4.1644976574700676E-4
129	7.287870900572618E-4
130	4.1644976574700676E-4
131	7.287870900572618E-4
132	8.328995314940135E-4
133	7.287870900572618E-4
134	6.246746486205101E-4
135	4.1644976574700676E-4
136	7.287870900572618E-4
137	4.1644976574700676E-4
138	7.287870900572618E-4
139	0.001041124414367517
140	1.0411244143675169E-4
141	6.246746486205101E-4
142	1.0411244143675169E-4
143	4.1644976574700676E-4
144	8.328995314940135E-4
145	4.1644976574700676E-4
146	7.287870900572618E-4
147	3.1233732431025507E-4
148	3.1233732431025507E-4
149	8.328995314940135E-4
150	6.246746486205101E-4
151	4.1644976574700676E-4
152	4.1644976574700676E-4
153	5.205622071837585E-4
154	7.287870900572618E-4
155	2.0822488287350338E-4
156	7.287870900572618E-4
157	4.1644976574700676E-4
158	6.246746486205101E-4
159	5.205622071837585E-4
160	7.287870900572618E-4
161	5.205622071837585E-4
162	3.1233732431025507E-4
163	2.0822488287350338E-4
164	5.205622071837585E-4
165	5.205622071837585E-4
166	3.1233732431025507E-4
167	4.1644976574700676E-4
168	4.1644976574700676E-4
169	4.1644976574700676E-4
170	6.246746486205101E-4
171	3.1233732431025507E-4
172	5.205622071837585E-4
173	1.0411244143675169E-4
174	2.0822488287350338E-4
175	5.205622071837585E-4
176	4.1644976574700676E-4
177	5.205622071837585E-4
178	4.1644976574700676E-4
179	5.205622071837585E-4
180	5.205622071837585E-4
181	5.205622071837585E-4
182	6.246746486205101E-4
183	2.0822488287350338E-4
184	4.1644976574700676E-4
185	9.370119729307652E-4
186	2.0822488287350338E-4
187	4.1644976574700676E-4
188	6.246746486205101E-4
189	2.0822488287350338E-4
190	2.0822488287350338E-4
191	3.1233732431025507E-4
192	4.1644976574700676E-4
193	2.0822488287350338E-4
194	3.1233732431025507E-4
195	2.0822488287350338E-4
196	4.1644976574700676E-4
197	4.1644976574700676E-4
198	4.1644976574700676E-4
199	4.1644976574700676E-4
200	2.0822488287350338E-4
201	4.1644976574700676E-4
202	4.1644976574700676E-4
203	2.0822488287350338E-4
204	1.0411244143675169E-4
205	2.0822488287350338E-4
206	1.0411244143675169E-4
207	4.1644976574700676E-4
208	3.1233732431025507E-4
209	3.1233732431025507E-4
210	4.1644976574700676E-4
211	3.1233732431025507E-4
212	5.205622071837585E-4
213	2.0822488287350338E-4
214	7.287870900572618E-4
215	4.1644976574700676E-4
216	4.1644976574700676E-4
217	3.1233732431025507E-4
218	5.205622071837585E-4
219	4.1644976574700676E-4
220	2.0822488287350338E-4
221	3.1233732431025507E-4
222	3.1233732431025507E-4
223	3.1233732431025507E-4
224	1.0411244143675169E-4
225	5.205622071837585E-4
226	1.0411244143675169E-4
227	2.0822488287350338E-4
228	2.0822488287350338E-4
229	1.0411244143675169E-4
230	2.0822488287350338E-4
231	0.0
232	1.0411244143675169E-4
233	4.1644976574700676E-4
234	3.1233732431025507E-4
235	2.0822488287350338E-4
236	2.0822488287350338E-4
237	0.0
238	0.0
239	1.0411244143675169E-4
240	0.0
241	3.1233732431025507E-4
242	1.0411244143675169E-4
243	2.0822488287350338E-4
244	0.0
245	1.0411244143675169E-4
246	3.1233732431025507E-4
247	1.0411244143675169E-4
248	3.1233732431025507E-4
249	1.0411244143675169E-4
250	1.0411244143675169E-4
251	1.0411244143675169E-4
252	1.0411244143675169E-4
253	5.205622071837585E-4
254	1.0411244143675169E-4
255	2.0822488287350338E-4
256	0.0
257	1.0411244143675169E-4
258	1.0411244143675169E-4
259	3.1233732431025507E-4
260	2.0822488287350338E-4
261	3.1233732431025507E-4
262	2.0822488287350338E-4
263	2.0822488287350338E-4
264	3.1233732431025507E-4
265	3.1233732431025507E-4
266	1.0411244143675169E-4
267	2.0822488287350338E-4
268	2.0822488287350338E-4
269	1.0411244143675169E-4
270	2.0822488287350338E-4
271	0.0
272	5.205622071837585E-4
273	2.0822488287350338E-4
274	3.1233732431025507E-4
275	1.0411244143675169E-4
276	0.0
277	1.0411244143675169E-4
278	1.0411244143675169E-4
279	0.0
280	4.1644976574700676E-4
281	3.1233732431025507E-4
282	5.205622071837585E-4
283	1.0411244143675169E-4
284	2.0822488287350338E-4
285	5.205622071837585E-4
286	0.0
287	2.0822488287350338E-4
288	3.1233732431025507E-4
289	2.0822488287350338E-4
290	0.0
291	2.0822488287350338E-4
292	1.0411244143675169E-4
293	2.0822488287350338E-4
294	1.0411244143675169E-4
295	1.0411244143675169E-4
296	1.0411244143675169E-4
297	1.0411244143675169E-4
298	2.0822488287350338E-4
299	2.0822488287350338E-4
300	4.1644976574700676E-4
301	2.0822488287350338E-4
302	2.0822488287350338E-4
303	1.0411244143675169E-4
304	2.0822488287350338E-4
305	2.0822488287350338E-4
306	0.0
307	1.0411244143675169E-4
308	2.0822488287350338E-4
309	0.0
310	1.0411244143675169E-4
311	1.0411244143675169E-4
312	5.205622071837585E-4
313	2.0822488287350338E-4
314	0.0
315	0.0
316	1.0411244143675169E-4
317	2.0822488287350338E-4
318	4.1644976574700676E-4
319	2.0822488287350338E-4
320	1.0411244143675169E-4
321	2.0822488287350338E-4
322	0.0
323	0.0
324	0.0
325	0.0
326	2.0822488287350338E-4
327	1.0411244143675169E-4
328	0.0
329	2.0822488287350338E-4
330	1.0411244143675169E-4
331	0.0
332	0.0
333	1.0411244143675169E-4
334	1.0411244143675169E-4
335	2.0822488287350338E-4
336	4.1644976574700676E-4
337	1.0411244143675169E-4
338	0.0
339	0.0
340	1.0411244143675169E-4
341	1.0411244143675169E-4
342	2.0822488287350338E-4
343	1.0411244143675169E-4
344	2.0822488287350338E-4
345	1.0411244143675169E-4
346	0.0
347	0.0
348	0.0
349	1.0411244143675169E-4
350	0.0
351	2.0822488287350338E-4
352	0.0
353	1.0411244143675169E-4
354	2.0822488287350338E-4
355	2.0822488287350338E-4
356	2.0822488287350338E-4
357	0.0
358	0.0
359	1.0411244143675169E-4
360	0.0
361	1.0411244143675169E-4
362	0.0
363	0.0
364	1.0411244143675169E-4
365	0.0
366	1.0411244143675169E-4
367	0.0
368	1.0411244143675169E-4
369	0.0
370	0.0
371	3.1233732431025507E-4
372	1.0411244143675169E-4
373	0.0
374	1.0411244143675169E-4
375	0.0
376	1.0411244143675169E-4
377	1.0411244143675169E-4
378	2.0822488287350338E-4
379	1.0411244143675169E-4
380	0.0
381	0.0
382	0.0
383	0.0
384	2.0822488287350338E-4
385	1.0411244143675169E-4
386	1.0411244143675169E-4
387	2.0822488287350338E-4
388	0.0
389	0.0
390	3.1233732431025507E-4
391	1.0411244143675169E-4
392	0.0
393	2.0822488287350338E-4
394	1.0411244143675169E-4
395	0.0
396	0.0
397	0.0
398	1.0411244143675169E-4
399	0.0
400	0.0
401	2.0822488287350338E-4
402	0.0
403	1.0411244143675169E-4
404	1.0411244143675169E-4
405	1.0411244143675169E-4
406	0.0
407	0.0
408	0.0
409	0.0
410	0.0
411	0.0
412	0.0
413	1.0411244143675169E-4
414	1.0411244143675169E-4
415	1.0411244143675169E-4
416	0.0
417	0.0
418	1.0411244143675169E-4
419	0.0
420	0.0
421	0.0
422	0.0
423	1.0411244143675169E-4
424	0.0
425	0.0
426	0.0
427	0.0
428	0.0
429	0.0
430	1.0411244143675169E-4
431	0.0
432	1.0411244143675169E-4
433	0.0
434	0.0
435	0.0
436	0.0
437	0.0
438	0.0
439	2.0822488287350338E-4
440	0.0
441	0.0
442	0.0
443	0.0
444	0.0
445	0.0
446	1.0411244143675169E-4
447	0.0
448	0.0
449	1.0411244143675169E-4
450	0.0
451	0.0
452	0.0
453	0.0
454	0.0
455	0.0
456	0.0
457	0.0
458	0.0
459	0.0
460	1.0411244143675169E-4
461	0.0
462	0.0
463	0.0
464	0.0
465	0.0
466	0.0
467	0.0
468	1.0411244143675169E-4
469	0.0
470	0.0
471	0.0
472	0.0
473	2.0822488287350338E-4
474	0.0
475	1.0411244143675169E-4
476	1.0411244143675169E-4
477	0.0
478	0.0
479	0.0
480	1.0411244143675169E-4
481	0.0
482	0.0
483	1.0411244143675169E-4
484	0.0
485	0.0
486	0.0
487	0.0
488	0.0
489	0.0
490	0.0
491	0.0
492	1.0411244143675169E-4
493	0.0
494	0.0
495	0.0
496	0.0
497	0.0
498	1.0411244143675169E-4
499	0.0
500	0.0
501	0.0
502	0.0
503	0.0
504	0.0
505	0.0
506	1.0411244143675169E-4
507	0.0
508	0.0
509	0.0
510	0.0
511	1.0411244143675169E-4
512	0.0
513	0.0
514	0.0
515	0.0
516	0.0
517	0.0
518	2.0822488287350338E-4
519	0.0
520	0.0
521	0.0
522	1.0411244143675169E-4
523	0.0
524	0.0
525	0.0
526	0.0
527	0.0
528	1.0411244143675169E-4
529	0.0
530	0.0
531	0.0
532	0.0
533	1.0411244143675169E-4
534	0.0
535	0.0
536	0.0
537	0.0
538	0.0
539	0.0
540	0.0
541	0.0
542	1.0411244143675169E-4
543	0.0
544	0.0
545	0.0
546	0.0
547	0.0
548	0.0
549	0.0
550	0.0
551	0.0
552	0.0
553	0.0
554	0.0
555	0.0
556	1.0411244143675169E-4
557	0.0
558	0.0
559	0.0
560	0.0
561	1.0411244143675169E-4
562	0.0
563	0.0
564	0.0
565	0.0
566	0.0
567	0.0
568	0.0
569	0.0
570	0.0
571	0.0
572	0.0
573	0.0
574	0.0
575	0.0
576	0.0
577	0.0
578	0.0
579	0.0
580	0.0
581	0.0
582	0.0
583	0.0
584	0.0
585	0.0
586	0.0
587	0.0
588	0.0
589	0.0
590	0.0
591	0.0
592	0.0
593	0.0
594	0.0
595	0.0
596	0.0
597	0.0
598	1.0411244143675169E-4
