0.0	0.0	0.0	0.0	0.0	0.0	0.0	0.0	0.0	0.0
1.0	0.0	0.0	0.0	0.0	0.0	0.0	0.0	0.0	0.0
2.0	0.06310206310206311	0.06060606060606061	0.047619047619047616	0.08108108108108109	1.8973296146573327E-4	1.2297689845367407E-4	3.232450874898517E-4	0.04751490872453414	0.07868921747959207
3.0	0.12513162513162512	0.12121212121212122	0.11904761904761904	0.13513513513513514	5.0815951131851515E-5	2.6188820502614765E-5	1.0007021239032502E-4	0.1170649331646926	0.13319831709855764
4.0	0.08474708474708474	0.08108108108108109	0.030303030303030304	0.14285714285714285	0.002118124500246882	0.001488797323593158	0.00337677885355433	0.03266705952900194	0.13682710996516756
5.0	0.048321048321048325	0.05405405405405406	0.0	0.09090909090909091	0.0013938441456868976	0.0023349237108450873	9.233043631078028E-4	0.006073398800351966	0.09056869784174468
6.0	0.07897507897507898	0.08108108108108109	0.06060606060606061	0.09523809523809523	2.0211392622765024E-4	3.3742083584133436E-4	1.344604714208082E-4	0.06288739363301127	0.09506276431714669
7.0	0.03931203931203931	0.02702702702702703	0.0	0.09090909090909091	0.0014528712317410106	8.481789808571134E-4	0.002662255733508805	-0.0038208952193071744	0.0824449738433858
8.0	0.04182754182754183	0.05405405405405406	0.0	0.07142857142857142	9.250839366669482E-4	0.0017495432553347613	5.128542773330416E-4	0.007409511421470519	0.07624557223361314
9.0	0.04184704184704185	0.030303030303030304	0.0	0.09523809523809523	0.001578347898694219	9.422195569381717E-4	0.002850604582206313	-0.003109905289908753	0.08680398898399244
10.0	0.05986505986505986	0.05405405405405406	0.030303030303030304	0.09523809523809523	7.196443372879547E-4	4.538406901809264E-4	0.0012512516315020116	0.029508370947429165	0.09022174878269056
11.0	0.054093054093054094	0.05405405405405406	0.047619047619047616	0.06060606060606061	2.811117822232835E-5	2.0957140414259893E-5	4.241925383846527E-5	0.04809327903452352	0.06009282915158467
12.0	0.007936507936507936	0.0	0.0	0.023809523809523808	1.259763164525069E-4	6.298815822625346E-5	2.5195263290501383E-4	-0.004764549989034465	0.020637565862050337
13.0	0.04615654615654616	0.05405405405405406	0.023809523809523808	0.06060606060606061	2.568495021987476E-4	4.993894077783163E-4	1.3557954940896327E-4	0.028020825900224117	0.0642922664128682
14.0	0.02921102921102921	0.02702702702702703	0.0	0.06060606060606061	6.145673631341118E-4	4.290270465536641E-4	9.856479962950073E-4	0.0011579724422561971	0.057264085979802225
15.0	0.025974025974025972	0.030303030303030304	0.0	0.047619047619047616	3.872990885977899E-4	6.746500252993758E-4	2.4362362024699688E-4	0.0037041047141945886	0.04824394723385736
16.0	0.007936507936507936	0.0	0.0	0.023809523809523808	1.259763164525069E-4	6.298815822625346E-5	2.5195263290501383E-4	-0.004764549989034465	0.020637565862050337
17.0	0.010101010101010102	0.0	0.0	0.030303030303030304	2.0406081012141618E-4	1.020304050607081E-4	4.081216202428323E-4	-0.006063972713316596	0.0262659929153368
18.0	0.030303030303030304	0.0	0.0	0.09090909090909091	0.0018365472910927456	9.182736455463729E-4	0.0036730945821854917	-0.01819191813994979	0.0787979787460104
19.0	0.01911001911001911	0.02702702702702703	0.0	0.030303030303030304	1.8438511477004516E-4	3.651928303852956E-4	9.398125696241995E-5	0.0037441060023142795	0.034475932217723944
20.0	0.0	0.0	0.0	0.0	0.0	0.0	0.0	0.0	0.0
21.0	0.009009009009009009	0.0	0.0	0.02702702702702703	1.6232448664881102E-4	8.116224332440549E-5	3.2464897329762205E-4	-0.005408408095660752	0.023426426113678768
22.0	0.0	0.0	0.0	0.0	0.0	0.0	0.0	0.0	0.0
23.0	0.009009009009009009	0.0	0.0	0.02702702702702703	1.6232448664881102E-4	8.116224332440549E-5	3.2464897329762205E-4	-0.005408408095660752	0.023426426113678768
24.0	0.009009009009009009	0.0	0.0	0.02702702702702703	1.6232448664881102E-4	8.116224332440549E-5	3.2464897329762205E-4	-0.005408408095660752	0.023426426113678768
25.0	0.0	0.0	0.0	0.0	0.0	0.0	0.0	0.0	0.0
26.0	0.0	0.0	0.0	0.0	0.0	0.0	0.0	0.0	0.0
27.0	0.0	0.0	0.0	0.0	0.0	0.0	0.0	0.0	0.0
28.0	0.0	0.0	0.0	0.0	0.0	0.0	0.0	0.0	0.0
29.0	0.0	0.0	0.0	0.0	0.0	0.0	0.0	0.0	0.0
30.0	0.0	0.0	0.0	0.0	0.0	0.0	0.0	0.0	0.0
31.0	0.009009009009009009	0.0	0.0	0.02702702702702703	1.6232448664881102E-4	8.116224332440549E-5	3.2464897329762205E-4	-0.005408408095660752	0.023426426113678768
32.0	0.0	0.0	0.0	0.0	0.0	0.0	0.0	0.0	0.0
33.0	0.009009009009009009	0.0	0.0	0.02702702702702703	1.6232448664881102E-4	8.116224332440549E-5	3.2464897329762205E-4	-0.005408408095660752	0.023426426113678768
34.0	0.009009009009009009	0.0	0.0	0.02702702702702703	1.6232448664881102E-4	8.116224332440549E-5	3.2464897329762205E-4	-0.005408408095660752	0.023426426113678768
35.0	0.009009009009009009	0.0	0.0	0.02702702702702703	1.6232448664881102E-4	8.116224332440549E-5	3.2464897329762205E-4	-0.005408408095660752	0.023426426113678768
36.0	0.0	0.0	0.0	0.0	0.0	0.0	0.0	0.0	0.0
37.0	0.0	0.0	0.0	0.0	0.0	0.0	0.0	0.0	0.0
38.0	0.0	0.0	0.0	0.0	0.0	0.0	0.0	0.0	0.0
39.0	0.010101010101010102	0.0	0.0	0.030303030303030304	2.0406081012141618E-4	1.020304050607081E-4	4.081216202428323E-4	-0.006063972713316596	0.0262659929153368
40.0	0.0	0.0	0.0	0.0	0.0	0.0	0.0	0.0	0.0
41.0	0.007936507936507936	0.0	0.0	0.023809523809523808	1.259763164525069E-4	6.298815822625346E-5	2.5195263290501383E-4	-0.004764549989034465	0.020637565862050337
42.0	0.010101010101010102	0.0	0.0	0.030303030303030304	2.0406081012141618E-4	1.020304050607081E-4	4.081216202428323E-4	-0.006063972713316596	0.0262659929153368
43.0	0.0	0.0	0.0	0.0	0.0	0.0	0.0	0.0	0.0
44.0	0.0	0.0	0.0	0.0	0.0	0.0	0.0	0.0	0.0
45.0	0.0	0.0	0.0	0.0	0.0	0.0	0.0	0.0	0.0
46.0	0.0	0.0	0.0	0.0	0.0	0.0	0.0	0.0	0.0
47.0	0.0	0.0	0.0	0.0	0.0	0.0	0.0	0.0	0.0
48.0	0.007936507936507936	0.0	0.0	0.023809523809523808	1.259763164525069E-4	6.298815822625346E-5	2.5195263290501383E-4	-0.004764549989034465	0.020637565862050337
49.0	0.0	0.0	0.0	0.0	0.0	0.0	0.0	0.0	0.0
50.0	0.007936507936507936	0.0	0.0	0.023809523809523808	1.259763164525069E-4	6.298815822625346E-5	2.5195263290501383E-4	-0.004764549989034465	0.020637565862050337
51.0	0.0	0.0	0.0	0.0	0.0	0.0	0.0	0.0	0.0
52.0	0.0	0.0	0.0	0.0	0.0	0.0	0.0	0.0	0.0
53.0	0.015873015873015872	0.0	0.0	0.047619047619047616	5.039052658100275E-4	2.5195263290501383E-4	0.0010078105316200553	-0.00952909997806893	0.041275131724100675
54.0	0.0	0.0	0.0	0.0	0.0	0.0	0.0	0.0	0.0
55.0	0.0	0.0	0.0	0.0	0.0	0.0	0.0	0.0	0.0
56.0	0.0	0.0	0.0	0.0	0.0	0.0	0.0	0.0	0.0
57.0	0.0	0.0	0.0	0.0	0.0	0.0	0.0	0.0	0.0
58.0	0.0	0.0	0.0	0.0	0.0	0.0	0.0	0.0	0.0
59.0	0.007936507936507936	0.0	0.0	0.023809523809523808	1.259763164525069E-4	6.298815822625346E-5	2.5195263290501383E-4	-0.004764549989034465	0.020637565862050337
60.0	0.0	0.0	0.0	0.0	0.0	0.0	0.0	0.0	0.0
61.0	0.0	0.0	0.0	0.0	0.0	0.0	0.0	0.0	0.0
62.0	0.0	0.0	0.0	0.0	0.0	0.0	0.0	0.0	0.0
63.0	0.007936507936507936	0.0	0.0	0.023809523809523808	1.259763164525069E-4	6.298815822625346E-5	2.5195263290501383E-4	-0.004764549989034465	0.020637565862050337
64.0	0.0	0.0	0.0	0.0	0.0	0.0	0.0	0.0	0.0
65.0	0.0	0.0	0.0	0.0	0.0	0.0	0.0	0.0	0.0
66.0	0.0	0.0	0.0	0.0	0.0	0.0	0.0	0.0	0.0
67.0	0.0	0.0	0.0	0.0	0.0	0.0	0.0	0.0	0.0
68.0	0.0	0.0	0.0	0.0	0.0	0.0	0.0	0.0	0.0
69.0	0.0	0.0	0.0	0.0	0.0	0.0	0.0	0.0	0.0
70.0	0.0	0.0	0.0	0.0	0.0	0.0	0.0	0.0	0.0
71.0	0.0	0.0	0.0	0.0	0.0	0.0	0.0	0.0	0.0
72.0	0.0	0.0	0.0	0.0	0.0	0.0	0.0	0.0	0.0
73.0	0.0	0.0	0.0	0.0	0.0	0.0	0.0	0.0	0.0
74.0	0.0	0.0	0.0	0.0	0.0	0.0	0.0	0.0	0.0
75.0	0.01911001911001911	0.02702702702702703	0.0	0.030303030303030304	1.8438511477004516E-4	3.651928303852956E-4	9.398125696241995E-5	0.0037441060023142795	0.034475932217723944
76.0	0.0	0.0	0.0	0.0	0.0	0.0	0.0	0.0	0.0
77.0	0.0	0.0	0.0	0.0	0.0	0.0	0.0	0.0	0.0
78.0	0.0	0.0	0.0	0.0	0.0	0.0	0.0	0.0	0.0
79.0	0.0	0.0	0.0	0.0	0.0	0.0	0.0	0.0	0.0
80.0	0.0	0.0	0.0	0.0	0.0	0.0	0.0	0.0	0.0
81.0	0.0	0.0	0.0	0.0	0.0	0.0	0.0	0.0	0.0
82.0	0.0	0.0	0.0	0.0	0.0	0.0	0.0	0.0	0.0
83.0	0.0	0.0	0.0	0.0	0.0	0.0	0.0	0.0	0.0
84.0	0.0	0.0	0.0	0.0	0.0	0.0	0.0	0.0	0.0
85.0	0.0	0.0	0.0	0.0	0.0	0.0	0.0	0.0	0.0
86.0	0.0	0.0	0.0	0.0	0.0	0.0	0.0	0.0	0.0
87.0	0.0	0.0	0.0	0.0	0.0	0.0	0.0	0.0	0.0
88.0	0.0	0.0	0.0	0.0	0.0	0.0	0.0	0.0	0.0
89.0	0.0	0.0	0.0	0.0	0.0	0.0	0.0	0.0	0.0
90.0	0.0	0.0	0.0	0.0	0.0	0.0	0.0	0.0	0.0
91.0	0.0	0.0	0.0	0.0	0.0	0.0	0.0	0.0	0.0
92.0	0.0	0.0	0.0	0.0	0.0	0.0	0.0	0.0	0.0
93.0	0.0	0.0	0.0	0.0	0.0	0.0	0.0	0.0	0.0
94.0	0.0	0.0	0.0	0.0	0.0	0.0	0.0	0.0	0.0
95.0	0.0	0.0	0.0	0.0	0.0	0.0	0.0	0.0	0.0
96.0	0.009009009009009009	0.0	0.0	0.02702702702702703	1.6232448664881102E-4	8.116224332440549E-5	3.2464897329762205E-4	-0.005408408095660752	0.023426426113678768
97.0	0.0	0.0	0.0	0.0	0.0	0.0	0.0	0.0	0.0
98.0	0.0	0.0	0.0	0.0	0.0	0.0	0.0	0.0	0.0
99.0	0.0	0.0	0.0	0.0	0.0	0.0	0.0	0.0	0.0
100.0	0.0	0.0	0.0	0.0	0.0	0.0	0.0	0.0	0.0
101.0	0.0	0.0	0.0	0.0	0.0	0.0	0.0	0.0	0.0
102.0	0.0	0.0	0.0	0.0	0.0	0.0	0.0	0.0	0.0
103.0	0.0	0.0	0.0	0.0	0.0	0.0	0.0	0.0	0.0
104.0	0.0	0.0	0.0	0.0	0.0	0.0	0.0	0.0	0.0
105.0	0.0	0.0	0.0	0.0	0.0	0.0	0.0	0.0	0.0
106.0	0.0	0.0	0.0	0.0	0.0	0.0	0.0	0.0	0.0
107.0	0.0	0.0	0.0	0.0	0.0	0.0	0.0	0.0	0.0
108.0	0.0	0.0	0.0	0.0	0.0	0.0	0.0	0.0	0.0
109.0	0.0	0.0	0.0	0.0	0.0	0.0	0.0	0.0	0.0
110.0	0.0	0.0	0.0	0.0	0.0	0.0	0.0	0.0	0.0
111.0	0.0	0.0	0.0	0.0	0.0	0.0	0.0	0.0	0.0
112.0	0.0	0.0	0.0	0.0	0.0	0.0	0.0	0.0	0.0
113.0	0.0	0.0	0.0	0.0	0.0	0.0	0.0	0.0	0.0
114.0	0.0	0.0	0.0	0.0	0.0	0.0	0.0	0.0	0.0
115.0	0.0	0.0	0.0	0.0	0.0	0.0	0.0	0.0	0.0
116.0	0.0	0.0	0.0	0.0	0.0	0.0	0.0	0.0	0.0
117.0	0.0	0.0	0.0	0.0	0.0	0.0	0.0	0.0	0.0
118.0	0.0	0.0	0.0	0.0	0.0	0.0	0.0	0.0	0.0
119.0	0.0	0.0	0.0	0.0	0.0	0.0	0.0	0.0	0.0
120.0	0.0	0.0	0.0	0.0	0.0	0.0	0.0	0.0	0.0
121.0	0.0	0.0	0.0	0.0	0.0	0.0	0.0	0.0	0.0
122.0	0.0	0.0	0.0	0.0	0.0	0.0	0.0	0.0	0.0
123.0	0.0	0.0	0.0	0.0	0.0	0.0	0.0	0.0	0.0
124.0	0.0	0.0	0.0	0.0	0.0	0.0	0.0	0.0	0.0
125.0	0.009009009009009009	0.0	0.0	0.02702702702702703	1.6232448664881102E-4	8.116224332440549E-5	3.2464897329762205E-4	-0.005408408095660752	0.023426426113678768
126.0	0.0	0.0	0.0	0.0	0.0	0.0	0.0	0.0	0.0
127.0	0.0	0.0	0.0	0.0	0.0	0.0	0.0	0.0	0.0
128.0	0.0	0.0	0.0	0.0	0.0	0.0	0.0	0.0	0.0
129.0	0.0	0.0	0.0	0.0	0.0	0.0	0.0	0.0	0.0
130.0	0.0	0.0	0.0	0.0	0.0	0.0	0.0	0.0	0.0
131.0	0.0	0.0	0.0	0.0	0.0	0.0	0.0	0.0	0.0
132.0	0.0	0.0	0.0	0.0	0.0	0.0	0.0	0.0	0.0
133.0	0.0	0.0	0.0	0.0	0.0	0.0	0.0	0.0	0.0
134.0	0.0	0.0	0.0	0.0	0.0	0.0	0.0	0.0	0.0
135.0	0.0	0.0	0.0	0.0	0.0	0.0	0.0	0.0	0.0
136.0	0.0	0.0	0.0	0.0	0.0	0.0	0.0	0.0	0.0
137.0	0.0	0.0	0.0	0.0	0.0	0.0	0.0	0.0	0.0
138.0	0.0	0.0	0.0	0.0	0.0	0.0	0.0	0.0	0.0
139.0	0.0	0.0	0.0	0.0	0.0	0.0	0.0	0.0	0.0
140.0	0.0	0.0	0.0	0.0	0.0	0.0	0.0	0.0	0.0
141.0	0.0	0.0	0.0	0.0	0.0	0.0	0.0	0.0	0.0
142.0	0.0	0.0	0.0	0.0	0.0	0.0	0.0	0.0	0.0
143.0	0.0	0.0	0.0	0.0	0.0	0.0	0.0	0.0	0.0
144.0	0.0	0.0	0.0	0.0	0.0	0.0	0.0	0.0	0.0
145.0	0.0	0.0	0.0	0.0	0.0	0.0	0.0	0.0	0.0
146.0	0.0	0.0	0.0	0.0	0.0	0.0	0.0	0.0	0.0
147.0	0.0	0.0	0.0	0.0	0.0	0.0	0.0	0.0	0.0
148.0	0.0	0.0	0.0	0.0	0.0	0.0	0.0	0.0	0.0
149.0	0.0	0.0	0.0	0.0	0.0	0.0	0.0	0.0	0.0
150.0	0.0	0.0	0.0	0.0	0.0	0.0	0.0	0.0	0.0
151.0	0.0	0.0	0.0	0.0	0.0	0.0	0.0	0.0	0.0
152.0	0.0	0.0	0.0	0.0	0.0	0.0	0.0	0.0	0.0
153.0	0.0	0.0	0.0	0.0	0.0	0.0	0.0	0.0	0.0
154.0	0.0	0.0	0.0	0.0	0.0	0.0	0.0	0.0	0.0
155.0	0.0	0.0	0.0	0.0	0.0	0.0	0.0	0.0	0.0
156.0	0.0	0.0	0.0	0.0	0.0	0.0	0.0	0.0	0.0
157.0	0.0	0.0	0.0	0.0	0.0	0.0	0.0	0.0	0.0
158.0	0.0	0.0	0.0	0.0	0.0	0.0	0.0	0.0	0.0
159.0	0.0	0.0	0.0	0.0	0.0	0.0	0.0	0.0	0.0
160.0	0.0	0.0	0.0	0.0	0.0	0.0	0.0	0.0	0.0
161.0	0.0	0.0	0.0	0.0	0.0	0.0	0.0	0.0	0.0
162.0	0.0	0.0	0.0	0.0	0.0	0.0	0.0	0.0	0.0
163.0	0.0	0.0	0.0	0.0	0.0	0.0	0.0	0.0	0.0
164.0	0.0	0.0	0.0	0.0	0.0	0.0	0.0	0.0	0.0
165.0	0.0	0.0	0.0	0.0	0.0	0.0	0.0	0.0	0.0
166.0	0.0	0.0	0.0	0.0	0.0	0.0	0.0	0.0	0.0
167.0	0.0	0.0	0.0	0.0	0.0	0.0	0.0	0.0	0.0
168.0	0.0	0.0	0.0	0.0	0.0	0.0	0.0	0.0	0.0
169.0	0.0	0.0	0.0	0.0	0.0	0.0	0.0	0.0	0.0
170.0	0.0	0.0	0.0	0.0	0.0	0.0	0.0	0.0	0.0
171.0	0.010101010101010102	0.0	0.0	0.030303030303030304	2.0406081012141618E-4	1.020304050607081E-4	4.081216202428323E-4	-0.006063972713316596	0.0262659929153368
