0.0	0.0	0.0	0.0	0.0	0.0	0.0	0.0	0.0	0.0
1.0	0.0012161857541206926	0.0012858979854264896	7.539853511417492E-4	0.0018330817338796635	7.451551153444942E-8	7.066510321392903E-8	7.836591985496978E-8	0.0010965490563413865	0.0013358224518999987
2.0	0.07759677932826806	0.07773019271948609	0.0706896551724138	0.08471849865951743	9.079653554998652E-6	8.589080340781654E-6	9.57022676921565E-6	0.07627616588942832	0.0789173927671078
3.0	0.2925040534735316	0.2923240938166311	0.2827586206896552	0.3050386331483295	4.155489375513159E-5	3.313439251053667E-5	5.18466174985254E-5	0.2896788341913367	0.29532927275572646
4.0	0.2705639733443376	0.2727077747989276	0.2565810680133233	0.28804114873553366	4.728370355752472E-5	5.344471783898398E-5	4.224287369087624E-5	0.267550295561407	0.27357765112726823
5.0	0.15771126703174881	0.158255651987571	0.14640676876941203	0.16842672413793103	3.05900942864183E-5	4.183842154935055E-5	2.3091209444463464E-5	0.15528727336209222	0.1601352607014054
6.0	0.08095141256918484	0.08038793103448276	0.07361765966566652	0.09033727361457543	1.8674888435755975E-5	1.2318389610820048E-5	2.820963667315987E-5	0.07905745571362027	0.0828453694247494
7.0	0.03981361516904586	0.03997867803837953	0.03504072010287184	0.04383886255924171	5.932635419111681E-6	7.343108670236851E-6	4.778611850009271E-6	0.03874612249398763	0.040881107844104085
8.0	0.02244357848478761	0.022511848341232227	0.020580984028298853	0.02621682604491243	1.988788607811864E-6	1.6078330557376855E-6	2.369744159886042E-6	0.02182551172804648	0.023061645241528744
9.0	0.014470864295615404	0.014713837498647625	0.011796246648793566	0.017728591382830127	2.5093363780504856E-6	2.6937621018330243E-6	2.358442604046591E-6	0.013776606899906911	0.015165121691323896
10.0	0.009695722081947111	0.010194122112569136	0.007393913416202315	0.01113848131091357	1.402120309786717E-6	1.8080923353605603E-6	1.0699613797717545E-6	0.009176762286679855	0.010214681877214367
11.0	0.0069282550222544564	0.006924158822893	0.005714901876213069	0.008724687634640241	5.318572619462219E-7	3.960685814932332E-7	6.978212047220968E-7	0.006608631583072299	0.007247878461436614
12.0	0.0049955711085968	0.004922418405564473	0.003556034482758621	0.006361871899935303	7.197220947713738E-7	4.804994989757884E-7	1.1639926298203182E-6	0.004623759032456601	0.005367383184736999
13.0	0.0035645049376292633	0.0035702693930542034	0.002786112301757394	0.0047413793103448275	2.1718125111639652E-7	1.8742467256446818E-7	2.46937829668325E-7	0.003360259558943631	0.0037687503163148957
14.0	0.0028846824058872994	0.0031375094666233907	0.0018552875695732839	0.003663793103448276	3.0643323898495306E-7	6.666520330659523E-7	1.5205375580738212E-7	0.0026420722318544906	0.0031272925799201083
15.0	0.002148648233719763	0.0020676896289041247	0.0013935041269160682	0.003144995119835159	2.293715905337467E-7	1.8828754005719807E-7	2.7958543000508386E-7	0.001938748983817049	0.0023585474836224775
16.0	0.0018307102310077868	0.001939655172413793	7.547983610092732E-4	0.0025926326023549746	1.5940133951437547E-7	1.79807184546296E-7	1.3899549448245493E-7	0.001655730777088416	0.0020056896849271577
17.0	0.0013821990902934918	0.001393056150878697	6.548073774964531E-4	0.0023592493297587133	1.960857309499434E-7	1.7350256609166718E-7	2.1456286583398777E-7	0.0011881265595199042	0.0015762716210670795
18.0	0.0011467814394715598	0.00118828994274603	6.46551724137931E-4	0.0016085790884718498	7.841468408316127E-8	9.168987859180533E-8	6.755316130336158E-8	0.001024054537291583	0.0012695083416515366
19.0	0.0011677986021298905	0.0011727078891257995	6.506886454831363E-4	0.0018322914421211468	9.839275045750738E-8	8.836871641901869E-8	1.0841678449599602E-7	0.0010303239517107023	0.0013052732525490787
20.0	8.131529646610413E-4	8.620689655172414E-4	4.284031273428296E-4	0.001284796573875803	5.558108366119537E-8	5.976194102556762E-8	5.216038218125446E-8	7.098281634289925E-4	9.164777658930901E-4
21.0	7.433258685014506E-4	7.546356188012075E-4	2.155636990730761E-4	0.0010913456291607553	5.396904979260677E-8	9.099041401429506E-8	3.403446905785152E-8	6.415104714135646E-4	8.451412655893366E-4
22.0	5.488894706677574E-4	4.3131334914815614E-4	1.0778184953653804E-4	0.0011791188766212884	8.998603648045613E-8	5.132769626913388E-8	1.6178009687291178E-7	4.1741887362352847E-4	6.803600677119863E-4
23.0	5.760612269231026E-4	5.361930294906167E-4	1.0660980810234541E-4	0.0011786135219114969	7.984182298494648E-8	5.262979830037054E-8	1.2065986001181038E-7	4.52222552192837E-4	6.998999016533682E-4
24.0	4.7419268093157216E-4	4.337924303220909E-4	0.0	9.702457956015524E-4	5.1921434878719495E-8	4.3675177978015766E-8	6.200019331291293E-8	3.7432742565475204E-4	5.740579362083923E-4
25.0	3.49760577983972E-4	3.233455486096141E-4	0.0	6.46551724137931E-4	2.4070337340186704E-8	1.6721311529456242E-8	3.771852813154327E-8	2.8176476637543934E-4	4.1775638959250466E-4
26.0	3.657499143176496E-4	3.2534432274156815E-4	0.0	8.568062546856592E-4	4.4208302341130646E-8	3.494705937887349E-8	5.55275992950005E-8	2.736004123456673E-4	4.578994162896319E-4
27.0	2.964149736951838E-4	3.214400514304082E-4	0.0	7.617803895962564E-4	3.15851313351775E-8	2.8538771028986667E-8	3.407760794933365E-8	2.1852484577860573E-4	3.743051016117618E-4
28.0	2.3675791563362202E-4	2.1565667457407807E-4	0.0	5.35503909178537E-4	1.5646454405553994E-8	1.1829863195138506E-8	2.1371341221177223E-8	1.81936651855606E-4	2.9157917941163803E-4
29.0	1.9370307628617276E-4	2.142015636714148E-4	0.0	5.401317921572864E-4	1.690618256883432E-8	1.4089037381735273E-8	1.9211119540097186E-8	1.367176435175985E-4	2.5068850905474703E-4
30.0	1.9383279297800461E-4	2.143852502947797E-4	0.0	5.387931034482759E-4	1.8075000896464025E-8	1.8698200033559105E-8	1.7659534805067306E-8	1.3491041885583597E-4	2.527551671001733E-4
31.0	1.8842406316790387E-4	2.143852502947797E-4	0.0	3.240790752943718E-4	1.0266693130821964E-8	1.3723006633422314E-8	7.962484129088393E-9	1.4401655911095104E-4	2.328315672248567E-4
32.0	1.8319234920715515E-4	2.1429336762027214E-4	0.0	4.3653825166430207E-4	1.7592847163376947E-8	1.8086651682148283E-8	1.7188825284382216E-8	1.2506116925059963E-4	2.4132352916371067E-4
33.0	1.1306226673421307E-4	1.0775862068965517E-4	0.0	3.22338025142366E-4	8.669963876744447E-9	5.49598464217869E-9	1.607591542406455E-8	7.225385263313493E-5	1.538706808352912E-4
34.0	1.0782062726989424E-4	1.0778184953653804E-4	0.0	3.232758620689655E-4	1.0467208850353337E-8	8.454854569248221E-9	1.2926752971704033E-8	6.298156532636259E-5	1.526596892134259E-4
35.0	1.3457759699253536E-4	1.0844810758052273E-4	0.0	5.389092476826903E-4	2.0737206789766567E-8	1.2312605749716343E-8	3.3374108349841905E-8	7.146497796766553E-5	1.9769021601740518E-4
36.0	1.2947029722766194E-4	1.0744600838078866E-4	0.0	4.353030797692894E-4	1.5934855160622646E-8	9.252151569594971E-9	2.83455904011026E-8	7.414609836990714E-5	1.8479449608541673E-4
37.0	1.3483966265932543E-4	1.0775862068965517E-4	0.0	3.2740368874822657E-4	1.2691844832268103E-8	6.973486341902257E-9	2.6034681309788406E-8	8.546507855594228E-5	1.8421424676270858E-4
38.0	1.076921762534306E-4	1.0715816545220746E-4	0.0	2.1826912583215103E-4	8.145335983391261E-9	7.380500619822719E-9	9.080134761086144E-9	6.813770576411938E-5	1.4724664674274185E-4
39.0	5.911867010618107E-5	0.0	0.0	2.1489201676157732E-4	6.308723348704467E-9	3.4950171551234667E-9	1.0529282639075966E-8	2.4308045566837425E-5	9.392929464552471E-5
40.0	8.095071134949565E-5	1.0706638115631691E-4	0.0	3.2740368874822657E-4	8.094148685520164E-9	6.5530176679893625E-9	9.355074063499907E-9	4.1520721753824786E-5	1.2038070094516653E-4
41.0	6.4600650454488E-5	1.0700909577314071E-4	0.0	2.1605271686291454E-4	5.10951296805516E-9	4.1732440391429405E-9	6.045781896967376E-9	3.32727834523438E-5	9.59285174566322E-5
42.0	4.299500480992052E-5	0.0	0.0	2.1447721179624664E-4	3.923040185070884E-9	1.848570438605089E-9	7.775626857078789E-9	1.55443662244811E-5	7.044564339535995E-5
43.0	5.391959470896346E-5	0.0	0.0	2.1565667457407807E-4	4.070164098791362E-9	2.9073226935788805E-9	5.4914147051621745E-9	2.5958959521331463E-5	8.188022989659546E-5
44.0	7.011798616508875E-5	1.0706638115631691E-4	0.0	3.26477309826967E-4	7.363214275943385E-9	4.916531983847577E-9	9.809896568039192E-9	3.2510457688423265E-5	1.0772551464175424E-4
45.0	3.758512860851946E-5	0.0	0.0	2.1401819154628142E-4	3.768612333211749E-9	1.4126418925189475E-9	9.265876694828292E-9	1.068020235024265E-5	6.449005486679626E-5
46.0	2.7132929742377475E-5	0.0	0.0	2.1826912583215103E-4	4.561412516252123E-9	7.361958764047924E-10	2.623764014205368E-8	-2.4670046514975864E-6	5.6732864136252536E-5
47.0	5.3861052313991326E-5	0.0	0.0	2.143852502947797E-4	4.050324265230607E-9	2.9010129563705098E-9	5.455038087170724E-9	2.5968646808809545E-5	8.17534578191731E-5
48.0	3.7679992960033935E-5	0.0	0.0	2.1605271686291454E-4	4.95081199708616E-9	1.4197818694682071E-9	1.5543902379940012E-8	6.842483845316033E-6	6.851750207475184E-5
49.0	3.766983688094791E-5	0.0	0.0	2.1401819154628142E-4	3.7805505948397445E-9	1.4190166106372235E-9	9.29079655797896E-9	1.0722329421874483E-5	6.461734434002134E-5
50.0	4.824052991469935E-5	0.0	0.0	3.198294243070363E-4	6.254155315518263E-9	2.327148726451003E-9	1.354716755235746E-8	1.3580781603369282E-5	8.290027822602942E-5
51.0	4.832702728955381E-5	0.0	0.0	2.155636990730761E-4	5.152881036861749E-9	2.3355015666452795E-9	1.0385157195835194E-8	1.6866490269973162E-5	7.978756430913446E-5
52.0	3.228782490086476E-5	0.0	0.0	1.0844810758052273E-4	2.432597904207454E-9	1.0425036368289024E-9	5.676151194757405E-9	1.0671779808383861E-5	5.3903869993345664E-5
53.0	3.780760966447137E-5	0.0	0.0	2.1689621516104545E-4	4.992060623752194E-9	1.4294153485410294E-9	1.567999644938569E-8	6.841902751656975E-6	6.877331657728576E-5
54.0	1.6164136059773863E-5	0.0	0.0	1.0818998160770312E-4	1.480619515948446E-9	2.6127929455888165E-10	8.390214103822643E-9	-6.999499404627758E-7	3.30282220600105E-5
55.0	3.2344800878182254E-5	0.0	0.0	2.1605271686291454E-4	3.608109992776616E-9	1.0461861438492594E-9	1.1293881539558687E-8	6.019038450238552E-6	5.867056330612595E-5
56.0	1.0715816545220746E-5	0.0	0.0	2.143163309044149E-4	2.1817457603857077E-9	1.1482872423082675E-10	4.1453169447328434E-8	-9.755376034960962E-6	3.118700912540246E-5
57.0	2.1586198482474413E-5	0.0	0.0	3.232758620689655E-4	5.347449786786691E-9	4.659639649247806E-10	4.9280822183543886E-8	-1.0462797680369555E-5	5.363519464531838E-5
58.0	1.6086847418475505E-5	0.0	0.0	1.0802635843145727E-4	1.4665094786047067E-9	2.58786659865312E-10	8.310272118127948E-9	-6.966903686059795E-7	3.287038520555699E-5
59.0	1.6180665820407575E-5	0.0	0.0	1.0802635843145727E-4	1.4836142921575992E-9	2.618139463917059E-10	8.407149584830998E-9	-7.004666427191693E-7	3.3061798283534315E-5
60.0	2.15044914191728E-5	0.0	0.0	1.0802635843145727E-4	1.849801784977253E-9	4.624431511972768E-10	7.399236320097162E-9	2.6548249272045473E-6	4.035415791114105E-5
61.0	5.4567281458037755E-6	0.0	0.0	1.0913456291607552E-4	5.657417590869353E-10	2.977588205720711E-11	1.0749093422651768E-8	-4.967650832601533E-6	1.5881107124209086E-5
62.0	1.6202021657597768E-5	0.0	0.0	1.0913456291607552E-4	1.4876378630903156E-9	2.62505505793267E-10	8.430054554440251E-9	-7.019861731620077E-7	3.310602948835755E-5
63.0	1.0764538172170526E-5	0.0	0.0	1.0818998160770312E-4	1.0429071974446298E-9	1.1587528206011638E-10	9.386194435905255E-9	-3.3889636731384466E-6	2.4918040017479498E-5
64.0	1.0685529496902641E-5	0.0	0.0	1.071007818357074E-4	1.0276308920427586E-9	1.1418054062917639E-10	9.248684054765E-9	-3.3639310530107607E-6	2.4734990046816045E-5
65.0	1.6103762825981765E-5	0.0	0.0	1.0778184953653804E-4	1.4695569951108048E-9	2.593311771554723E-10	8.327503296857695E-9	-6.972046348784362E-7	3.290473028684197E-5
66.0	0.0	0.0	0.0	0.0	0.0	0.0	0.0	0.0	0.0
67.0	1.0715816545220746E-5	0.0	0.0	2.143163309044149E-4	2.1817457603857077E-9	1.1482872423082675E-10	4.1453169447328434E-8	-9.755376034960962E-6	3.118700912540246E-5
68.0	1.0712947364395743E-5	0.0	0.0	1.0715816545220746E-4	1.032905253412809E-9	1.1476724123231371E-10	9.296147363037269E-9	-3.372521782052033E-6	2.4798416510843517E-5
69.0	5.357908272610373E-6	0.0	0.0	1.0715816545220746E-4	5.454364400964269E-10	2.8707181057706687E-11	1.0363292361832109E-8	-4.877688017480481E-6	1.559350456270123E-5
70.0	1.0680945193774305E-5	0.0	0.0	1.0700909577314071E-4	1.0267472978577951E-9	1.1408259023241045E-10	9.24072966648626E-9	-3.362473940201767E-6	2.4724364327750378E-5
71.0	0.0	0.0	0.0	0.0	0.0	0.0	0.0	0.0	0.0
72.0	1.615048537269324E-5	0.0	0.0	2.155636990730761E-4	2.6397794759780335E-9	2.6083817777357835E-10	2.4050251159818118E-8	-6.3672596686260774E-6	3.866823041401255E-5
73.0	5.387931034482758E-6	0.0	0.0	1.0775862068965517E-4	5.515662158145069E-10	2.902980083234245E-11	1.0479758100475625E-8	-4.905019889992227E-6	1.5680881958957742E-5
74.0	0.0	0.0	0.0	0.0	0.0	0.0	0.0	0.0	0.0
75.0	5.422405379026136E-6	0.0	0.0	1.0844810758052273E-4	5.586471217953398E-10	2.9402480094491575E-11	1.0614295314111458E-8	-4.936404357350377E-6	1.578121511540265E-5
76.0	5.353319057815845E-6	0.0	0.0	1.0706638115631691E-4	5.445024737607119E-10	2.8658024934774332E-11	1.0345547001453535E-8	-4.873510126244947E-6	1.5580148241876636E-5
77.0	0.0	0.0	0.0	0.0	0.0	0.0	0.0	0.0	0.0
78.0	5.372300419039433E-6	0.0	0.0	1.0744600838078866E-4	5.483706240558141E-10	2.8861611792411268E-11	1.0419041857060468E-8	-4.890790220170607E-6	1.563539105824947E-5
79.0	0.0	0.0	0.0	0.0	0.0	0.0	0.0	0.0	0.0
80.0	5.357334190506804E-6	0.0	0.0	1.0714668381013607E-4	5.453195629466906E-10	2.8701029628773188E-11	1.036107169598712E-8	-4.877165389384746E-6	1.5591833770398352E-5
81.0	0.0	0.0	0.0	0.0	0.0	0.0	0.0	0.0	0.0
82.0	5.4094990803851566E-6	0.0	0.0	1.0818998160770312E-4	5.559909257130691E-10	2.926268030068785E-11	1.0563827588548314E-8	-4.924654828424519E-6	1.5743652989194832E-5
83.0	1.074357347782447E-5	0.0	0.0	1.0780508840017249E-4	1.0388329818705232E-9	1.1542437107341335E-10	9.349510479044513E-9	-3.3822553176016613E-6	2.48694022732506E-5
84.0	0.0	0.0	0.0	0.0	0.0	0.0	0.0	0.0	0.0
85.0	5.350454788657036E-6	0.0	0.0	1.0700909577314071E-4	5.439199624637971E-10	2.8627366445463007E-11	1.0334479286812144E-8	-4.8709025766856955E-6	1.5571812153999767E-5
86.0	1.0721907269469223E-5	0.0	0.0	1.0782833728703904E-4	1.0346707797902213E-9	1.1495929549509698E-10	9.31207413844634E-9	-3.3755947568511016E-6	2.481940929578955E-5
87.0	5.357908272610373E-6	0.0	0.0	1.0715816545220746E-4	5.454364400964269E-10	2.8707181057706687E-11	1.0363292361832109E-8	-4.877688017480481E-6	1.559350456270123E-5
88.0	5.350454788657036E-6	0.0	0.0	1.0700909577314071E-4	5.439199624637971E-10	2.8627366445463007E-11	1.0334479286812144E-8	-4.8709025766856955E-6	1.5571812153999767E-5
89.0	0.0	0.0	0.0	0.0	0.0	0.0	0.0	0.0	0.0
90.0	0.0	0.0	0.0	0.0	0.0	0.0	0.0	0.0	0.0
91.0	0.0	0.0	0.0	0.0	0.0	0.0	0.0	0.0	0.0
92.0	5.330490405117271E-6	0.0	0.0	1.0660980810234541E-4	5.398684312218983E-10	2.8414127959047293E-11	1.0257500193216068E-8	-4.852727567071197E-6	1.551370837730574E-5
93.0	5.359631257369492E-6	0.0	0.0	1.0719262514738985E-4	5.457872970844692E-10	2.872564721497209E-11	1.0369958644604923E-8	-4.8792565740302055E-6	1.559851908876919E-5
94.0	0.0	0.0	0.0	0.0	0.0	0.0	0.0	0.0	0.0
95.0	0.0	0.0	0.0	0.0	0.0	0.0	0.0	0.0	0.0
96.0	0.0	0.0	0.0	0.0	0.0	0.0	0.0	0.0	0.0
97.0	0.0	0.0	0.0	0.0	0.0	0.0	0.0	0.0	0.0
98.0	0.0	0.0	0.0	0.0	0.0	0.0	0.0	0.0	0.0
99.0	0.0	0.0	0.0	0.0	0.0	0.0	0.0	0.0	0.0
100.0	0.0	0.0	0.0	0.0	0.0	0.0	0.0	0.0	0.0
101.0	0.0	0.0	0.0	0.0	0.0	0.0	0.0	0.0	0.0
102.0	0.0	0.0	0.0	0.0	0.0	0.0	0.0	0.0	0.0
103.0	0.0	0.0	0.0	0.0	0.0	0.0	0.0	0.0	0.0
104.0	0.0	0.0	0.0	0.0	0.0	0.0	0.0	0.0	0.0
105.0	0.0	0.0	0.0	0.0	0.0	0.0	0.0	0.0	0.0
106.0	0.0	0.0	0.0	0.0	0.0	0.0	0.0	0.0	0.0
107.0	0.0	0.0	0.0	0.0	0.0	0.0	0.0	0.0	0.0
108.0	0.0	0.0	0.0	0.0	0.0	0.0	0.0	0.0	0.0
109.0	0.0	0.0	0.0	0.0	0.0	0.0	0.0	0.0	0.0
110.0	0.0	0.0	0.0	0.0	0.0	0.0	0.0	0.0	0.0
111.0	5.387931034482758E-6	0.0	0.0	1.0775862068965517E-4	5.515662158145066E-10	2.902980083234245E-11	1.0479758100475625E-8	-4.9050198899922255E-6	1.5680881958957742E-5
112.0	0.0	0.0	0.0	0.0	0.0	0.0	0.0	0.0	0.0
113.0	0.0	0.0	0.0	0.0	0.0	0.0	0.0	0.0	0.0
114.0	0.0	0.0	0.0	0.0	0.0	0.0	0.0	0.0	0.0
115.0	0.0	0.0	0.0	0.0	0.0	0.0	0.0	0.0	0.0
116.0	5.350454788657036E-6	0.0	0.0	1.0700909577314071E-4	5.439199624637971E-10	2.8627366445463007E-11	1.0334479286812144E-8	-4.8709025766856955E-6	1.5571812153999767E-5
117.0	0.0	0.0	0.0	0.0	0.0	0.0	0.0	0.0	0.0
118.0	0.0	0.0	0.0	0.0	0.0	0.0	0.0	0.0	0.0
119.0	0.0	0.0	0.0	0.0	0.0	0.0	0.0	0.0	0.0
120.0	0.0	0.0	0.0	0.0	0.0	0.0	0.0	0.0	0.0
121.0	0.0	0.0	0.0	0.0	0.0	0.0	0.0	0.0	0.0
122.0	0.0	0.0	0.0	0.0	0.0	0.0	0.0	0.0	0.0
123.0	0.0	0.0	0.0	0.0	0.0	0.0	0.0	0.0	0.0
124.0	0.0	0.0	0.0	0.0	0.0	0.0	0.0	0.0	0.0
125.0	0.0	0.0	0.0	0.0	0.0	0.0	0.0	0.0	0.0
126.0	0.0	0.0	0.0	0.0	0.0	0.0	0.0	0.0	0.0
127.0	0.0	0.0	0.0	0.0	0.0	0.0	0.0	0.0	0.0
128.0	0.0	0.0	0.0	0.0	0.0	0.0	0.0	0.0	0.0
129.0	0.0	0.0	0.0	0.0	0.0	0.0	0.0	0.0	0.0
130.0	0.0	0.0	0.0	0.0	0.0	0.0	0.0	0.0	0.0
131.0	0.0	0.0	0.0	0.0	0.0	0.0	0.0	0.0	0.0
132.0	0.0	0.0	0.0	0.0	0.0	0.0	0.0	0.0	0.0
133.0	0.0	0.0	0.0	0.0	0.0	0.0	0.0	0.0	0.0
134.0	0.0	0.0	0.0	0.0	0.0	0.0	0.0	0.0	0.0
135.0	0.0	0.0	0.0	0.0	0.0	0.0	0.0	0.0	0.0
136.0	0.0	0.0	0.0	0.0	0.0	0.0	0.0	0.0	0.0
137.0	0.0	0.0	0.0	0.0	0.0	0.0	0.0	0.0	0.0
138.0	0.0	0.0	0.0	0.0	0.0	0.0	0.0	0.0	0.0
139.0	0.0	0.0	0.0	0.0	0.0	0.0	0.0	0.0	0.0
140.0	1.076324821647903E-5	0.0	0.0	1.0802635843145727E-4	1.0426431233771955E-9	1.1584751216953902E-10	9.383803624246103E-9	-3.3884616144315706E-6	2.491495804738963E-5
141.0	0.0	0.0	0.0	0.0	0.0	0.0	0.0	0.0	0.0
142.0	0.0	0.0	0.0	0.0	0.0	0.0	0.0	0.0	0.0
143.0	0.0	0.0	0.0	0.0	0.0	0.0	0.0	0.0	0.0
144.0	0.0	0.0	0.0	0.0	0.0	0.0	0.0	0.0	0.0
145.0	0.0	0.0	0.0	0.0	0.0	0.0	0.0	0.0	0.0
146.0	0.0	0.0	0.0	0.0	0.0	0.0	0.0	0.0	0.0
147.0	0.0	0.0	0.0	0.0	0.0	0.0	0.0	0.0	0.0
148.0	5.361930294906166E-6	0.0	0.0	1.0723860589812332E-4	5.462556332612174E-10	2.8750296487432526E-11	1.0378857031963141E-8	-4.881349552721478E-6	1.560521014253381E-5
149.0	0.0	0.0	0.0	0.0	0.0	0.0	0.0	0.0	0.0
150.0	0.0	0.0	0.0	0.0	0.0	0.0	0.0	0.0	0.0
151.0	0.0	0.0	0.0	0.0	0.0	0.0	0.0	0.0	0.0
152.0	0.0	0.0	0.0	0.0	0.0	0.0	0.0	0.0	0.0
153.0	0.0	0.0	0.0	0.0	0.0	0.0	0.0	0.0	0.0
154.0	0.0	0.0	0.0	0.0	0.0	0.0	0.0	0.0	0.0
155.0	0.0	0.0	0.0	0.0	0.0	0.0	0.0	0.0	0.0
156.0	0.0	0.0	0.0	0.0	0.0	0.0	0.0	0.0	0.0
157.0	0.0	0.0	0.0	0.0	0.0	0.0	0.0	0.0	0.0
158.0	0.0	0.0	0.0	0.0	0.0	0.0	0.0	0.0	0.0
159.0	0.0	0.0	0.0	0.0	0.0	0.0	0.0	0.0	0.0
160.0	0.0	0.0	0.0	0.0	0.0	0.0	0.0	0.0	0.0
161.0	0.0	0.0	0.0	0.0	0.0	0.0	0.0	0.0	0.0
162.0	0.0	0.0	0.0	0.0	0.0	0.0	0.0	0.0	0.0
163.0	0.0	0.0	0.0	0.0	0.0	0.0	0.0	0.0	0.0
164.0	0.0	0.0	0.0	0.0	0.0	0.0	0.0	0.0	0.0
165.0	0.0	0.0	0.0	0.0	0.0	0.0	0.0	0.0	0.0
166.0	0.0	0.0	0.0	0.0	0.0	0.0	0.0	0.0	0.0
167.0	0.0	0.0	0.0	0.0	0.0	0.0	0.0	0.0	0.0
168.0	5.387931034482758E-6	0.0	0.0	1.0775862068965517E-4	5.515662158145066E-10	2.902980083234245E-11	1.0479758100475625E-8	-4.9050198899922255E-6	1.5680881958957742E-5
