0	0.0
1	0.0013204225352112676
2	0.019256161971830985
3	0.01056338028169014
4	8.802816901408451E-4
5	0.0
6	0.0
7	1.1003521126760564E-4
8	0.0015404929577464788
9	0.005611795774647888
10	0.014304577464788732
11	0.01815580985915493
12	0.06877200704225352
13	0.05215669014084507
14	0.004511443661971831
15	3.301056338028169E-4
16	3.301056338028169E-4
17	0.0011003521126760564
18	0.007482394366197183
19	0.027838908450704226
20	0.04984595070422535
21	0.07449383802816902
22	0.09694102112676056
23	0.03807218309859155
24	0.005391725352112676
25	0.0019806338028169014
26	0.0031910211267605635
27	0.010123239436619719
28	0.020246478873239437
29	0.04236355633802817
30	0.05149647887323944
31	0.06492077464788733
32	0.025858274647887324
33	0.011883802816901408
34	0.005501760563380281
35	0.006712147887323943
36	0.010673415492957746
37	0.017275528169014086
38	0.020136443661971832
39	0.030699823943661973
40	0.011553697183098592
41	0.009242957746478873
42	0.009793133802816902
43	0.009903169014084508
44	0.005941901408450704
45	0.009463028169014084
46	0.013314260563380281
47	0.00605193661971831
48	0.0044014084507042256
49	0.004511443661971831
50	0.004951584507042254
51	0.004731514084507042
52	0.005501760563380281
53	0.0037411971830985913
54	0.004071302816901408
55	0.002090669014084507
56	0.0028609154929577466
57	0.0024207746478873238
58	0.0018705985915492957
59	0.002970950704225352
60	0.002640845070422535
61	0.0028609154929577466
62	0.002640845070422535
63	0.0022007042253521128
64	0.0024207746478873238
65	9.903169014084507E-4
66	9.903169014084507E-4
67	0.0014304577464788733
68	0.0018705985915492957
69	0.0019806338028169014
70	8.802816901408451E-4
71	0.0015404929577464788
72	0.0015404929577464788
73	7.702464788732394E-4
74	4.4014084507042255E-4
75	0.0014304577464788733
76	7.702464788732394E-4
77	0.0012103873239436619
78	8.802816901408451E-4
79	0.0013204225352112676
80	0.0014304577464788733
81	0.0014304577464788733
82	8.802816901408451E-4
83	5.501760563380282E-4
84	7.702464788732394E-4
85	0.0012103873239436619
86	7.702464788732394E-4
87	6.602112676056338E-4
88	4.4014084507042255E-4
89	6.602112676056338E-4
90	5.501760563380282E-4
91	8.802816901408451E-4
92	9.903169014084507E-4
93	2.2007042253521127E-4
94	5.501760563380282E-4
95	4.4014084507042255E-4
96	5.501760563380282E-4
97	4.4014084507042255E-4
98	4.4014084507042255E-4
99	3.301056338028169E-4
100	9.903169014084507E-4
101	2.2007042253521127E-4
102	3.301056338028169E-4
103	4.4014084507042255E-4
104	3.301056338028169E-4
105	4.4014084507042255E-4
106	1.1003521126760564E-4
107	1.1003521126760564E-4
108	1.1003521126760564E-4
109	2.2007042253521127E-4
110	3.301056338028169E-4
111	4.4014084507042255E-4
112	3.301056338028169E-4
113	1.1003521126760564E-4
114	4.4014084507042255E-4
115	4.4014084507042255E-4
116	1.1003521126760564E-4
117	0.0
118	1.1003521126760564E-4
119	1.1003521126760564E-4
120	2.2007042253521127E-4
121	1.1003521126760564E-4
122	2.2007042253521127E-4
123	3.301056338028169E-4
124	1.1003521126760564E-4
125	1.1003521126760564E-4
126	1.1003521126760564E-4
127	0.0
128	2.2007042253521127E-4
129	1.1003521126760564E-4
130	1.1003521126760564E-4
131	2.2007042253521127E-4
132	1.1003521126760564E-4
133	0.0
134	1.1003521126760564E-4
135	3.301056338028169E-4
136	1.1003521126760564E-4
137	3.301056338028169E-4
138	1.1003521126760564E-4
139	2.2007042253521127E-4
140	1.1003521126760564E-4
141	0.0
142	2.2007042253521127E-4
143	0.0
144	0.0
145	0.0
146	0.0
147	1.1003521126760564E-4
148	0.0
149	1.1003521126760564E-4
150	2.2007042253521127E-4
151	0.0
152	0.0
153	0.0
154	0.0
155	0.0
156	0.0
157	2.2007042253521127E-4
158	1.1003521126760564E-4
159	0.0
160	2.2007042253521127E-4
161	0.0
162	1.1003521126760564E-4
163	3.301056338028169E-4
164	2.2007042253521127E-4
165	0.0
166	0.0
167	1.1003521126760564E-4
168	0.0
169	0.0
170	0.0
171	0.0
172	0.0
173	1.1003521126760564E-4
174	0.0
175	0.0
176	0.0
177	0.0
178	2.2007042253521127E-4
179	0.0
180	0.0
181	0.0
182	0.0
183	2.2007042253521127E-4
184	0.0
185	1.1003521126760564E-4
186	0.0
187	0.0
188	0.0
189	0.0
190	0.0
191	1.1003521126760564E-4
192	0.0
193	0.0
194	0.0
195	1.1003521126760564E-4
196	1.1003521126760564E-4
197	1.1003521126760564E-4
198	0.0
199	0.0
200	1.1003521126760564E-4
201	1.1003521126760564E-4
202	0.0
203	1.1003521126760564E-4
204	0.0
205	0.0
206	0.0
207	0.0
208	0.0
209	0.0
210	0.0
211	0.0
212	0.0
213	0.0
214	0.0
215	1.1003521126760564E-4
216	0.0
217	0.0
218	0.0
219	0.0
220	0.0
221	0.0
222	0.0
223	0.0
224	0.0
225	0.0
226	0.0
227	0.0
228	0.0
229	1.1003521126760564E-4
230	0.0
231	0.0
232	0.0
233	0.0
234	0.0
235	0.0
236	0.0
237	0.0
238	0.0
239	0.0
240	0.0
241	0.0
242	0.0
243	0.0
244	0.0
245	0.0
246	0.0
247	0.0
248	0.0
249	0.0
250	1.1003521126760564E-4
251	0.0
252	0.0
253	0.0
254	1.1003521126760564E-4
255	0.0
256	0.0
257	0.0
258	0.0
259	0.0
260	0.0
261	0.0
262	0.0
263	0.0
264	0.0
265	0.0
266	0.0
267	0.0
268	0.0
269	0.0
270	0.0
271	0.0
272	0.0
273	0.0
274	0.0
275	0.0
276	0.0
277	0.0
278	0.0
279	0.0
280	0.0
281	0.0
282	0.0
283	0.0
284	0.0
285	1.1003521126760564E-4
286	0.0
287	0.0
288	0.0
289	0.0
290	0.0
291	0.0
292	0.0
293	0.0
294	0.0
295	0.0
296	0.0
297	0.0
298	0.0
299	0.0
300	0.0
301	0.0
302	1.1003521126760564E-4
303	0.0
304	0.0
305	0.0
306	0.0
307	0.0
308	0.0
309	0.0
310	0.0
311	0.0
312	0.0
313	0.0
314	0.0
315	0.0
316	0.0
317	0.0
318	0.0
319	0.0
320	0.0
321	0.0
322	0.0
323	0.0
324	0.0
325	0.0
326	0.0
327	1.1003521126760564E-4
328	0.0
329	0.0
330	0.0
331	0.0
332	0.0
333	0.0
334	0.0
335	0.0
336	0.0
337	0.0
338	0.0
339	0.0
340	0.0
341	0.0
342	0.0
343	1.1003521126760564E-4
344	0.0
345	0.0
346	0.0
347	0.0
348	0.0
349	0.0
350	0.0
351	0.0
352	0.0
353	0.0
354	0.0
355	0.0
356	0.0
357	0.0
358	0.0
359	0.0
360	0.0
361	0.0
362	0.0
363	0.0
364	0.0
365	0.0
366	0.0
367	0.0
368	0.0
369	0.0
370	0.0
371	0.0
372	0.0
373	0.0
374	0.0
375	0.0
376	0.0
377	0.0
378	0.0
379	0.0
380	0.0
381	0.0
382	0.0
383	0.0
384	0.0
385	0.0
386	0.0
387	0.0
388	0.0
389	0.0
390	0.0
391	0.0
392	0.0
393	0.0
394	0.0
395	0.0
396	0.0
397	0.0
398	0.0
399	0.0
400	0.0
401	0.0
402	0.0
403	0.0
404	0.0
405	0.0
406	0.0
407	0.0
408	0.0
409	0.0
410	0.0
411	0.0
412	0.0
413	0.0
414	0.0
415	0.0
416	0.0
417	0.0
418	0.0
419	0.0
420	0.0
421	0.0
422	0.0
423	1.1003521126760564E-4
424	0.0
425	0.0
426	0.0
427	0.0
428	0.0
429	0.0
430	0.0
431	0.0
432	0.0
433	0.0
434	0.0
435	0.0
436	0.0
437	0.0
438	0.0
439	0.0
440	0.0
441	0.0
442	0.0
443	0.0
444	0.0
445	0.0
446	0.0
447	0.0
448	0.0
449	0.0
450	0.0
451	0.0
452	0.0
453	0.0
454	1.1003521126760564E-4
