0.0	0.0	0.0	0.0	0.0	0.0	0.0	0.0	0.0	0.0
1.0	0.0015430486887987387	0.0014098690835850957	0.0014073180538801769	0.0018119589289309443	3.6157443249406075E-8	1.8079806250128874E-8	7.231271724796048E-8	0.0013278724556107474	0.00175822492198673
2.0	0.1014024331598405	0.10102533172496984	0.10076504932554863	0.10241691842900302	5.258813352486257E-7	2.7423182219906204E-7	1.029180361347753E-6	0.10058181840298823	0.10222304791669277
3.0	0.3377491213428267	0.3380579010856454	0.33303121852970796	0.34215824441312664	1.393143937755336E-5	2.2258606954033673E-5	9.767855589313202E-6	0.33352541769504673	0.34197282499060666
4.0	0.28683341255428374	0.2878147029204431	0.2815641334941697	0.2911214012482384	1.5705026545185415E-5	2.7765301813356306E-5	9.674888911099968E-6	0.2823489047783963	0.2913179203301712
5.0	0.15779179941165378	0.1594159113796576	0.1518898271009248	0.1620696597543789	1.859036865102836E-5	3.483327715661153E-5	1.0468914398236776E-5	0.15291270249351444	0.16267089632979312
6.0	0.07117645578905511	0.06865311052949466	0.06827794561933535	0.07659831121833534	1.4721716266310178E-5	7.384316251457538E-6	2.939651629601546E-5	0.06683460728837182	0.07551830428973841
7.0	0.023712539419681534	0.021953675730110776	0.020132876988121603	0.029051065540812222	1.4802481916135563E-5	7.953792301206007E-6	2.8499861145994675E-5	0.019358797177692986	0.028066281661670082
8.0	0.00751364537062926	0.008242862887012465	0.005033219247030401	0.009264853977844914	3.2503345089393153E-6	6.152513754631664E-6	1.7992448860931409E-6	0.005473507707827942	0.009553783033430577
9.0	0.004427709677840848	0.0048250904704463205	0.0029192671632776324	0.0055387713997985906	1.2225894880244182E-6	2.275398819741796E-6	6.961848221657291E-7	0.003176483642146976	0.0056789357135347196
10.0	0.0023822159270458255	0.0021139520837527683	0.0014073180538801769	0.0036253776435045317	8.559474686632746E-7	5.111956763606337E-7	1.5454510532685565E-6	0.001335282660210918	0.003429149193880733
11.0	0.0016770791508430277	0.002010454362685967	9.059794644654722E-4	0.0021148036253776435	2.991121579364982E-7	5.945947263315645E-7	1.5137087373896504E-7	0.0010581905593801128	0.0022959677423059427
12.0	9.727453244078749E-4	0.0011057498994772818	5.033219247030401E-4	0.0013091641490433031	1.1707539024964055E-7	2.2035832819044513E-7	6.543392127923824E-8	5.855516522905829E-4	0.0013599389965251668
13.0	7.04482337107605E-4	7.036590269400884E-4	2.0132876988121604E-4	0.0012084592145015106	1.6905229433332798E-7	1.2658209502613614E-7	2.539926929477117E-7	2.3921134298664735E-4	0.0011697533312285627
14.0	2.3487689219383334E-4	3.0199315482182406E-4	1.0052271813429835E-4	3.0211480362537764E-4	9.02552451001515E-9	1.805104408721983E-8	4.512764721412809E-9	1.2737114822686477E-4	3.423826361608019E-4
15.0	2.3478244765629357E-4	3.0156815440289503E-4	1.0066438494060802E-4	3.0211480362537764E-4	8.99387717753302E-9	1.7987654746608563E-8	4.496988392995249E-9	1.2746534966283796E-4	3.420995456497492E-4
16.0	3.690286606445606E-4	3.0199315482182406E-4	3.0156815440289503E-4	5.035246727089627E-4	9.044618734839918E-9	4.522339471645969E-9	1.8089177261227814E-8	2.614092582244873E-4	4.7664806306463385E-4
17.0	1.341382519169991E-4	1.0070493454179255E-4	1.0066438494060802E-4	2.010454362685967E-4	2.2382859329743603E-9	1.1191432405322066E-9	4.476571317858667E-9	8.060135112226903E-5	1.8767515271172916E-4
18.0	1.6758508582593378E-4	1.0066438494060802E-4	0.0	4.020908725371934E-4	2.9185368399778542E-8	1.6281570599134414E-8	5.499296400106679E-8	-2.5735469422414687E-5	3.609056410742822E-4
19.0	6.706236769163546E-5	1.0052271813429835E-4	0.0	1.0066438494060802E-4	2.248683925118057E-9	4.497361160408111E-9	1.1243453074730302E-9	1.3401257730654312E-5	1.207234776526166E-4
20.0	0.0	0.0	0.0	0.0	0.0	0.0	0.0	0.0	0.0
21.0	1.0052271813429835E-4	0.0	0.0	3.0156815440289503E-4	2.0209633722215187E-8	1.0104816861107594E-8	4.041926744443037E-8	-6.0347134963645264E-5	2.6139257123224195E-4
22.0	6.71366230278617E-5	0.0	0.0	2.014098690835851E-4	9.014652303170418E-9	4.50732615158521E-9	1.802930460634084E-8	-4.0304350360412434E-5	1.7457759641613583E-4
23.0	6.706236769163546E-5	1.0052271813429835E-4	0.0	1.0066438494060802E-4	2.248683925118057E-9	4.497361160408111E-9	1.1243453074730302E-9	1.3401257730654312E-5	1.207234776526166E-4
24.0	3.3507572711432785E-5	0.0	0.0	1.0052271813429835E-4	2.2455148580239095E-9	1.122757429011955E-9	4.491029716047818E-9	-2.0115711654548415E-5	8.713085707741399E-5
25.0	0.0	0.0	0.0	0.0	0.0	0.0	0.0	0.0	0.0
26.0	0.0	0.0	0.0	0.0	0.0	0.0	0.0	0.0	0.0
27.0	0.0	0.0	0.0	0.0	0.0	0.0	0.0	0.0	0.0
28.0	1.0069141800806438E-4	1.0066438494060802E-4	0.0	2.014098690835851E-4	6.760989592771182E-9	5.069381195630743E-9	1.014420638705206E-8	7.64480313216865E-6	1.937380328839601E-4
29.0	1.0070493454179255E-4	0.0	0.0	3.0211480362537764E-4	2.0282967682133443E-8	1.0141483841066722E-8	4.0565935364266886E-8	-6.0456525540618665E-5	2.618663946242038E-4
30.0	3.356831151393085E-5	0.0	0.0	1.0070493454179255E-4	2.2536630757926045E-9	1.1268315378963024E-9	4.50732615158521E-9	-2.0152175180206217E-5	8.728879820806792E-5
31.0	6.707588422536364E-5	1.0052271813429835E-4	0.0	1.0070493454179255E-4	2.2495926561103864E-9	4.499174244614387E-9	1.1248018618583858E-9	1.340393268108662E-5	1.2074783576964066E-4
32.0	6.707588422536364E-5	1.0052271813429835E-4	0.0	1.0070493454179255E-4	2.2495926561103864E-9	4.499174244614387E-9	1.1248018618583858E-9	1.340393268108662E-5	1.2074783576964066E-4
33.0	0.0	0.0	0.0	0.0	0.0	0.0	0.0	0.0	0.0
34.0	3.355479498020267E-5	0.0	0.0	1.0066438494060802E-4	2.251848532326869E-9	1.1259242661634343E-9	4.503697064653739E-9	-2.0144060754927296E-5	8.725365071533264E-5
35.0	0.0	0.0	0.0	0.0	0.0	0.0	0.0	0.0	0.0
36.0	0.0	0.0	0.0	0.0	0.0	0.0	0.0	0.0	0.0
37.0	3.355479498020267E-5	0.0	0.0	1.0066438494060802E-4	2.251848532326869E-9	1.1259242661634343E-9	4.503697064653739E-9	-2.0144060754927296E-5	8.725365071533264E-5
38.0	6.712310649413353E-5	1.0066438494060802E-4	0.0	1.0070493454179255E-4	2.2527559867564206E-9	4.50551142542279E-9	1.1263782674232362E-9	1.3413432012641632E-5	1.2083278097562542E-4
39.0	3.355479498020267E-5	0.0	0.0	1.0066438494060802E-4	2.251848532326869E-9	1.1259242661634343E-9	4.503697064653739E-9	-2.0144060754927296E-5	8.725365071533264E-5
40.0	3.356831151393085E-5	0.0	0.0	1.0070493454179255E-4	2.2536630757926045E-9	1.1268315378963024E-9	4.50732615158521E-9	-2.0152175180206217E-5	8.728879820806792E-5
41.0	0.0	0.0	0.0	0.0	0.0	0.0	0.0	0.0	0.0
42.0	0.0	0.0	0.0	0.0	0.0	0.0	0.0	0.0	0.0
43.0	0.0	0.0	0.0	0.0	0.0	0.0	0.0	0.0	0.0
44.0	3.356831151393085E-5	0.0	0.0	1.0070493454179255E-4	2.2536630757926045E-9	1.1268315378963024E-9	4.50732615158521E-9	-2.0152175180206217E-5	8.728879820806792E-5
45.0	3.356831151393085E-5	0.0	0.0	1.0070493454179255E-4	2.2536630757926045E-9	1.1268315378963024E-9	4.50732615158521E-9	-2.0152175180206217E-5	8.728879820806792E-5
