0	0.0
1	6.171569635877391E-4
2	0.046286772269080435
3	0.18319275869162724
4	0.22166220942192966
5	0.16766097510800246
6	0.10162518000411438
7	0.0669615305492697
8	0.0396009051635466
9	0.02273194815881506
10	0.016560378522937666
11	0.010903106356716725
12	0.008948775972022217
13	0.006685867105533841
14	0.006583007611602551
15	0.0048343962147706235
16	0.004320098745114174
17	0.0023657683604196666
18	0.0032915038058012754
19	0.0025714873482822463
20	0.0025714873482822463
21	0.001440032915038058
22	0.002160049372557087
23	0.0018514708907632176
24	0.0016457519029006377
25	0.001440032915038058
26	0.0010285949393128986
27	0.001440032915038058
28	5.142974696564493E-4
29	0.0013371734211067683
30	7.20016457519029E-4
31	0.0010285949393128986
32	9.257354453816088E-4
33	5.142974696564493E-4
34	0.0012343139271754782
35	7.20016457519029E-4
36	2.057189878625797E-4
37	4.114379757251594E-4
38	4.114379757251594E-4
39	6.171569635877391E-4
40	6.171569635877391E-4
41	7.20016457519029E-4
42	9.257354453816088E-4
43	3.0857848179386956E-4
44	5.142974696564493E-4
45	6.171569635877391E-4
46	4.114379757251594E-4
47	4.114379757251594E-4
48	5.142974696564493E-4
49	5.142974696564493E-4
50	4.114379757251594E-4
51	3.0857848179386956E-4
52	7.20016457519029E-4
53	8.228759514503189E-4
54	4.114379757251594E-4
55	2.057189878625797E-4
56	3.0857848179386956E-4
57	3.0857848179386956E-4
58	2.057189878625797E-4
59	3.0857848179386956E-4
60	2.057189878625797E-4
61	3.0857848179386956E-4
62	4.114379757251594E-4
63	4.114379757251594E-4
64	5.142974696564493E-4
65	3.0857848179386956E-4
66	3.0857848179386956E-4
67	2.057189878625797E-4
68	3.0857848179386956E-4
69	4.114379757251594E-4
70	0.0
71	2.057189878625797E-4
72	2.057189878625797E-4
73	3.0857848179386956E-4
74	6.171569635877391E-4
75	0.0
76	2.057189878625797E-4
77	3.0857848179386956E-4
78	2.057189878625797E-4
79	2.057189878625797E-4
80	4.114379757251594E-4
81	6.171569635877391E-4
82	1.0285949393128986E-4
83	3.0857848179386956E-4
84	5.142974696564493E-4
85	2.057189878625797E-4
86	5.142974696564493E-4
87	4.114379757251594E-4
88	4.114379757251594E-4
89	3.0857848179386956E-4
90	1.0285949393128986E-4
91	6.171569635877391E-4
92	1.0285949393128986E-4
93	3.0857848179386956E-4
94	2.057189878625797E-4
95	3.0857848179386956E-4
96	6.171569635877391E-4
97	5.142974696564493E-4
98	4.114379757251594E-4
99	2.057189878625797E-4
100	6.171569635877391E-4
101	4.114379757251594E-4
102	1.0285949393128986E-4
103	1.0285949393128986E-4
104	3.0857848179386956E-4
105	4.114379757251594E-4
106	4.114379757251594E-4
107	6.171569635877391E-4
108	3.0857848179386956E-4
109	2.057189878625797E-4
110	1.0285949393128986E-4
111	5.142974696564493E-4
112	1.0285949393128986E-4
113	6.171569635877391E-4
114	3.0857848179386956E-4
115	1.0285949393128986E-4
116	4.114379757251594E-4
117	0.0
118	2.057189878625797E-4
119	8.228759514503189E-4
120	3.0857848179386956E-4
121	3.0857848179386956E-4
122	2.057189878625797E-4
123	4.114379757251594E-4
124	4.114379757251594E-4
125	3.0857848179386956E-4
126	2.057189878625797E-4
127	1.0285949393128986E-4
128	4.114379757251594E-4
129	4.114379757251594E-4
130	7.20016457519029E-4
131	4.114379757251594E-4
132	3.0857848179386956E-4
133	2.057189878625797E-4
134	3.0857848179386956E-4
135	6.171569635877391E-4
136	3.0857848179386956E-4
137	4.114379757251594E-4
138	1.0285949393128986E-4
139	6.171569635877391E-4
140	5.142974696564493E-4
141	4.114379757251594E-4
142	5.142974696564493E-4
143	3.0857848179386956E-4
144	2.057189878625797E-4
145	1.0285949393128986E-4
146	4.114379757251594E-4
147	2.057189878625797E-4
148	4.114379757251594E-4
149	1.0285949393128986E-4
150	3.0857848179386956E-4
151	3.0857848179386956E-4
152	9.257354453816088E-4
153	2.057189878625797E-4
154	1.0285949393128986E-4
155	4.114379757251594E-4
156	2.057189878625797E-4
157	4.114379757251594E-4
158	3.0857848179386956E-4
159	4.114379757251594E-4
160	9.257354453816088E-4
161	1.0285949393128986E-4
162	4.114379757251594E-4
163	3.0857848179386956E-4
164	6.171569635877391E-4
165	4.114379757251594E-4
166	4.114379757251594E-4
167	2.057189878625797E-4
168	3.0857848179386956E-4
169	4.114379757251594E-4
170	0.0
171	5.142974696564493E-4
172	1.0285949393128986E-4
173	2.057189878625797E-4
174	2.057189878625797E-4
175	3.0857848179386956E-4
176	2.057189878625797E-4
177	3.0857848179386956E-4
178	2.057189878625797E-4
179	2.057189878625797E-4
180	2.057189878625797E-4
181	2.057189878625797E-4
182	1.0285949393128986E-4
183	1.0285949393128986E-4
184	3.0857848179386956E-4
185	1.0285949393128986E-4
186	3.0857848179386956E-4
187	2.057189878625797E-4
188	4.114379757251594E-4
189	4.114379757251594E-4
190	4.114379757251594E-4
191	0.0
192	1.0285949393128986E-4
193	1.0285949393128986E-4
194	1.0285949393128986E-4
195	3.0857848179386956E-4
196	4.114379757251594E-4
197	1.0285949393128986E-4
198	4.114379757251594E-4
199	0.0
200	0.0
201	4.114379757251594E-4
202	2.057189878625797E-4
203	1.0285949393128986E-4
204	0.0
205	3.0857848179386956E-4
206	0.0
207	0.0
208	4.114379757251594E-4
209	1.0285949393128986E-4
210	2.057189878625797E-4
211	3.0857848179386956E-4
212	0.0
213	2.057189878625797E-4
214	1.0285949393128986E-4
215	0.0
216	1.0285949393128986E-4
217	3.0857848179386956E-4
218	1.0285949393128986E-4
219	3.0857848179386956E-4
220	2.057189878625797E-4
221	0.0
222	1.0285949393128986E-4
223	3.0857848179386956E-4
224	0.0
225	2.057189878625797E-4
226	1.0285949393128986E-4
227	4.114379757251594E-4
228	2.057189878625797E-4
229	0.0
230	1.0285949393128986E-4
231	0.0
232	0.0
233	0.0
234	1.0285949393128986E-4
235	1.0285949393128986E-4
236	0.0
237	0.0
238	1.0285949393128986E-4
239	0.0
240	2.057189878625797E-4
241	0.0
242	0.0
243	0.0
244	0.0
245	0.0
246	0.0
247	0.0
248	0.0
249	0.0
250	0.0
251	1.0285949393128986E-4
252	0.0
253	2.057189878625797E-4
254	0.0
255	1.0285949393128986E-4
256	1.0285949393128986E-4
257	0.0
258	0.0
259	0.0
260	0.0
261	0.0
262	0.0
263	0.0
264	0.0
265	0.0
266	0.0
267	1.0285949393128986E-4
268	1.0285949393128986E-4
269	0.0
270	1.0285949393128986E-4
271	0.0
272	0.0
273	0.0
274	0.0
275	0.0
276	0.0
277	0.0
278	0.0
279	1.0285949393128986E-4
280	1.0285949393128986E-4
281	0.0
282	0.0
283	0.0
284	0.0
285	0.0
286	0.0
287	0.0
288	0.0
289	1.0285949393128986E-4
290	0.0
291	0.0
292	0.0
293	0.0
294	0.0
295	1.0285949393128986E-4
296	0.0
297	0.0
298	0.0
299	0.0
300	0.0
301	0.0
302	0.0
303	0.0
304	0.0
305	0.0
306	0.0
307	0.0
308	0.0
309	0.0
310	0.0
311	0.0
312	0.0
313	0.0
314	0.0
315	0.0
316	0.0
317	0.0
318	0.0
319	0.0
320	0.0
321	0.0
322	0.0
323	0.0
324	0.0
325	0.0
326	0.0
327	0.0
328	0.0
329	0.0
330	0.0
331	0.0
332	0.0
333	0.0
334	0.0
335	1.0285949393128986E-4
