0	0.0
1	8.730765033286041E-4
2	0.030666812179417222
3	0.04539997817308742
4	0.015715377059914874
5	0.00414711339081087
6	0.0012004801920768306
7	3.2740368874822657E-4
8	5.456728145803776E-4
9	0.004911055331223399
10	0.01997162501364182
11	0.03481392557022809
12	0.09069082178325875
13	0.10225908545236276
14	0.04605478555058387
15	0.012223071046600458
16	0.0034923060133144166
17	0.0021826912583215105
18	0.0032740368874822658
19	0.015933646185747025
20	0.04081632653061224
21	0.0825057295645531
22	0.08643457382953182
23	0.04932882243806613
24	0.021499508894466876
25	0.006220670086216305
26	0.0034923060133144166
27	0.0065480737749645315
28	0.008621630470369967
29	0.02040816326530612
30	0.03252209974899051
31	0.0414711339081087
32	0.022481719960711556
33	0.013750954927425516
34	0.009167303284950344
35	0.0055658627087198514
36	0.004801920768307323
37	0.004474517079559096
38	0.007530284841209211
39	0.011240859980355778
40	0.007748553967041362
41	0.006220670086216305
42	0.005456728145803776
43	0.004801920768307323
44	0.004037978827894795
45	0.0032740368874822658
46	0.0037105751391465678
47	0.002291825821237586
48	0.0028374986358179637
49	0.002291825821237586
50	0.0030557677616501145
51	0.0026192295099858125
52	0.0017461530066572083
53	0.0018552875695732839
54	0.0016370184437411329
55	0.0013096147549929063
56	0.0013096147549929063
57	0.0012004801920768306
58	0.0013096147549929063
59	9.822110662446796E-4
60	0.0014187493179089819
61	9.822110662446796E-4
62	0.0010913456291607553
63	6.548073774964531E-4
64	8.730765033286041E-4
65	0.0015278838808250573
66	5.456728145803776E-4
67	9.822110662446796E-4
68	4.3653825166430207E-4
69	7.639419404125286E-4
70	0.0010913456291607553
71	6.548073774964531E-4
72	5.456728145803776E-4
73	5.456728145803776E-4
74	6.548073774964531E-4
75	6.548073774964531E-4
76	3.2740368874822657E-4
77	1.0913456291607552E-4
78	3.2740368874822657E-4
79	4.3653825166430207E-4
80	5.456728145803776E-4
81	3.2740368874822657E-4
82	2.1826912583215103E-4
83	5.456728145803776E-4
84	2.1826912583215103E-4
85	4.3653825166430207E-4
86	3.2740368874822657E-4
87	1.0913456291607552E-4
88	2.1826912583215103E-4
89	2.1826912583215103E-4
90	3.2740368874822657E-4
91	2.1826912583215103E-4
92	2.1826912583215103E-4
93	1.0913456291607552E-4
94	1.0913456291607552E-4
95	1.0913456291607552E-4
96	4.3653825166430207E-4
97	2.1826912583215103E-4
98	3.2740368874822657E-4
99	1.0913456291607552E-4
100	1.0913456291607552E-4
101	0.0
102	1.0913456291607552E-4
103	5.456728145803776E-4
104	3.2740368874822657E-4
105	1.0913456291607552E-4
106	2.1826912583215103E-4
107	0.0
108	0.0
109	2.1826912583215103E-4
110	1.0913456291607552E-4
111	1.0913456291607552E-4
112	0.0
113	1.0913456291607552E-4
114	2.1826912583215103E-4
115	0.0
116	1.0913456291607552E-4
117	3.2740368874822657E-4
118	0.0
119	0.0
120	0.0
121	1.0913456291607552E-4
122	0.0
123	1.0913456291607552E-4
124	0.0
125	0.0
126	0.0
127	0.0
128	1.0913456291607552E-4
129	0.0
130	0.0
131	1.0913456291607552E-4
132	1.0913456291607552E-4
133	0.0
134	0.0
135	2.1826912583215103E-4
136	0.0
137	3.2740368874822657E-4
138	0.0
139	2.1826912583215103E-4
140	2.1826912583215103E-4
141	2.1826912583215103E-4
142	0.0
143	1.0913456291607552E-4
144	1.0913456291607552E-4
145	1.0913456291607552E-4
146	0.0
147	0.0
148	0.0
149	0.0
150	0.0
151	1.0913456291607552E-4
152	0.0
153	0.0
154	0.0
155	0.0
156	1.0913456291607552E-4
157	0.0
158	2.1826912583215103E-4
159	0.0
160	0.0
161	0.0
162	0.0
163	0.0
164	0.0
165	1.0913456291607552E-4
166	0.0
167	0.0
168	0.0
169	0.0
170	0.0
171	0.0
172	0.0
173	0.0
174	0.0
175	0.0
176	0.0
177	0.0
178	0.0
179	0.0
180	0.0
181	0.0
182	0.0
183	0.0
184	0.0
185	0.0
186	0.0
187	0.0
188	0.0
189	0.0
190	1.0913456291607552E-4
191	0.0
192	2.1826912583215103E-4
193	0.0
194	0.0
195	0.0
196	1.0913456291607552E-4
197	0.0
198	0.0
199	1.0913456291607552E-4
200	0.0
201	0.0
202	0.0
203	0.0
204	0.0
205	0.0
206	0.0
207	0.0
208	0.0
209	0.0
210	0.0
211	0.0
212	0.0
213	0.0
214	0.0
215	0.0
216	0.0
217	0.0
218	0.0
219	0.0
220	0.0
221	0.0
222	0.0
223	1.0913456291607552E-4
224	0.0
225	1.0913456291607552E-4
226	0.0
227	0.0
228	0.0
229	0.0
230	0.0
231	0.0
232	1.0913456291607552E-4
233	0.0
234	0.0
235	0.0
236	0.0
237	0.0
238	0.0
239	0.0
240	0.0
241	0.0
242	0.0
243	0.0
244	0.0
245	0.0
246	0.0
247	0.0
248	0.0
249	0.0
250	1.0913456291607552E-4
251	0.0
252	0.0
253	0.0
254	0.0
255	0.0
256	0.0
257	0.0
258	0.0
259	0.0
260	0.0
261	0.0
262	0.0
263	0.0
264	0.0
265	0.0
266	0.0
267	0.0
268	0.0
269	0.0
270	0.0
271	0.0
272	0.0
273	0.0
274	1.0913456291607552E-4
275	0.0
276	0.0
277	1.0913456291607552E-4
278	0.0
279	0.0
280	0.0
281	0.0
282	0.0
283	0.0
284	0.0
285	0.0
286	0.0
287	0.0
288	1.0913456291607552E-4
289	0.0
290	0.0
291	0.0
292	0.0
293	0.0
294	0.0
295	0.0
296	0.0
297	0.0
298	0.0
299	0.0
300	0.0
301	0.0
302	0.0
303	0.0
304	0.0
305	0.0
306	0.0
307	0.0
308	0.0
309	1.0913456291607552E-4
310	0.0
311	0.0
312	0.0
313	0.0
314	0.0
315	0.0
316	0.0
317	0.0
318	0.0
319	0.0
320	0.0
321	0.0
322	0.0
323	0.0
324	0.0
325	0.0
326	0.0
327	0.0
328	0.0
329	0.0
330	0.0
331	0.0
332	0.0
333	0.0
334	0.0
335	0.0
336	0.0
337	0.0
338	0.0
339	0.0
340	0.0
341	0.0
342	0.0
343	0.0
344	0.0
345	0.0
346	0.0
347	0.0
348	0.0
349	0.0
350	0.0
351	0.0
352	0.0
353	0.0
354	0.0
355	0.0
356	0.0
357	0.0
358	0.0
359	0.0
360	0.0
361	0.0
362	0.0
363	0.0
364	0.0
365	0.0
366	0.0
367	0.0
368	0.0
369	0.0
370	0.0
371	0.0
372	0.0
373	0.0
374	0.0
375	0.0
376	0.0
377	0.0
378	0.0
379	0.0
380	0.0
381	0.0
382	0.0
383	0.0
384	0.0
385	0.0
386	0.0
387	0.0
388	0.0
389	0.0
390	0.0
391	0.0
392	0.0
393	0.0
394	0.0
395	0.0
396	0.0
397	0.0
398	0.0
399	0.0
400	0.0
401	0.0
402	0.0
403	0.0
404	0.0
405	0.0
406	0.0
407	0.0
408	0.0
409	0.0
410	0.0
411	0.0
412	0.0
413	0.0
414	0.0
415	0.0
416	0.0
417	0.0
418	0.0
419	0.0
420	0.0
421	0.0
422	1.0913456291607552E-4
