0.0	0.0	0.0	0.0	0.0	0.0	0.0	0.0	0.0	0.0
1.0	0.001542975871301502	0.0014108636501058147	0.0014064697609001407	0.0018115942028985507	3.6081121745382965E-8	1.80437785830834E-8	7.215580806998209E-8	0.0013280268561862401	0.0017579248864167637
2.0	0.10609157222830141	0.10541166985790587	0.1021537842190016	0.11070926260799678	1.2430502027395322E-5	7.984220819727414E-6	2.1323064442731136E-5	0.10210187647597302	0.11008126798062981
3.0	0.33901006205954287	0.3404661442636126	0.3338708052000403	0.34269323671497587	1.4032637331792222E-5	2.641196106794413E-5	7.84297546371627E-6	0.33477104568095484	0.3432490784381309
4.0	0.28252980373414643	0.28310227044404257	0.2764694041867955	0.28801773657160135	2.239118921196222E-5	3.6728442673531435E-5	1.5222562481177613E-5	0.27717511754736657	0.2878844899209263
5.0	0.15322085799103105	0.15338103396150357	0.1514694041867955	0.15481213582479406	1.8751373047044958E-6	3.0675904283711915E-6	1.278910742871148E-6	0.15167128520369547	0.15477043077836664
6.0	0.06886412798848755	0.0694346467802076	0.0667068515169781	0.07045088566827697	2.499044466868223E-6	4.653841774528289E-6	1.42164581303819E-6	0.0670752429331229	0.0706530130438522
7.0	0.02348114852603876	0.022946859903381644	0.02230259192284509	0.02519399375188955	1.5360995889840272E-6	8.372299996161241E-7	2.9338387677198335E-6	0.02207864122587463	0.024883655826202892
8.0	0.009459880115892058	0.009876045550740703	0.008237894313843681	0.010265700483091788	7.719298112548282E-7	1.4932493004078164E-6	4.112700666783341E-7	0.008465655868397804	0.010454104363386313
9.0	0.004394377941357913	0.004333366925325002	0.003817560779586096	0.005032206119162641	2.4775505553118733E-7	1.682201910959314E-7	4.0682478440169916E-7	0.0038311208001608073	0.0049576350825550185
10.0	0.002549327328727823	0.0023178474251738385	0.0022101667671287923	0.0031199677938808373	1.6474779092119348E-7	8.430641614676585E-8	3.2563054047004874E-7	0.002090018023501357	0.0030086366339542887
11.0	0.0019116130906161068	0.001908780389793048	0.0012093117000906983	0.002616747181964573	3.301497847032342E-7	2.4661763366393763E-7	4.972140867818273E-7	0.0012614071199381109	0.0025618190612941025
12.0	8.72010726964223E-4	9.041591320072332E-4	7.054318250529074E-4	0.001006441223832528	1.561786966568285E-8	2.7748530561979707E-8	9.55253921753442E-9	7.305921896271312E-4	0.0010134292643013147
13.0	5.367457449449622E-4	5.03879875037791E-4	4.018485031143259E-4	7.045088566827697E-4	1.5807297639406785E-8	9.638715629134135E-9	2.8144461659952087E-8	3.944721650462976E-4	6.790193248436268E-4
14.0	5.367185087303156E-4	3.023279250226746E-4	3.013863773357444E-4	0.001006441223832528	1.103198622935049E-7	5.516007889876021E-8	2.2063942908299426E-7	1.6086180598899673E-4	9.125752114716346E-4
15.0	3.3528169667938274E-4	4.018485031143259E-4	1.007759750075582E-4	5.03220611916264E-4	2.920918415557028E-8	5.499293349682324E-8	1.6317309484943798E-8	1.4188228108905684E-4	5.286811122697086E-4
16.0	5.36883790674865E-4	4.031039000302328E-4	1.0046212577858148E-4	0.001107085346215781	1.7783024755767132E-7	1.0418046436586688E-7	3.251298139412802E-7	5.96861799594333E-5	0.0010140814013902969
17.0	3.018822231693925E-4	3.0193236714975844E-4	3.013863773357444E-4	3.023279250226746E-4	1.4900921717739568E-13	2.4586309074614373E-13	1.0058228039302164E-13	3.0144540367627254E-4	3.023190426625124E-4
18.0	2.3480285624067926E-4	2.015519500151164E-4	2.0092425155716296E-4	3.0193236714975844E-4	2.2532512850051096E-9	1.1266913100615743E-9	4.5063712348921806E-9	1.8108727769194528E-4	2.885184347894132E-4
19.0	6.709608158883521E-5	0.0	0.0	2.0128824476650564E-4	9.003768329151262E-9	4.501884164575631E-9	1.8007536658302525E-8	-4.028001198459092E-5	1.7447217516226133E-4
20.0	3.3544697862393204E-4	2.015519500151164E-4	2.0092425155716296E-4	6.038647342995169E-4	3.602411144851799E-8	1.8012121391818004E-8	7.204809156191796E-8	1.2066784669174864E-4	5.502261105561155E-4
21.0	2.014640482655795E-4	2.0128824476650564E-4	0.0	4.031039000302328E-4	2.7082141156699126E-8	2.0293896825213014E-8	4.065862981967135E-8	1.523949432815749E-5	3.876886022030015E-4
22.0	1.3419216317767042E-4	0.0	0.0	4.0257648953301127E-4	3.601507331660505E-8	1.8007536658302525E-8	7.20301466332101E-8	-8.056002396918184E-5	3.4894435032452266E-4
23.0	6.709608158883521E-5	0.0	0.0	2.0128824476650564E-4	9.003768329151262E-9	4.501884164575631E-9	1.8007536658302525E-8	-4.028001198459092E-5	1.7447217516226133E-4
24.0	1.0062740772313082E-4	1.0064412238325282E-4	1.0046212577858148E-4	1.007759750075582E-4	1.655657968637635E-14	2.731812119401149E-14	1.1175808932558782E-14	1.0048180122542419E-4	1.0077301422083746E-4
25.0	2.012108645714932E-4	2.0092425155716296E-4	1.007759750075582E-4	3.0193236714975844E-4	6.744023423454432E-9	5.0436245943699025E-9	1.014482108162349E-8	1.0828106959424072E-4	2.941406595487457E-4
26.0	1.0068807325802128E-4	1.007759750075582E-4	0.0	2.0128824476650564E-4	6.752830110222233E-9	1.013808809641266E-8	5.06020111712702E-9	7.697621863931475E-6	1.936785246521111E-4
27.0	1.0056674218824039E-4	1.007759750075582E-4	0.0	2.0092425155716296E-4	6.728447699820691E-9	1.011366963435601E-8	5.035836732553031E-9	7.744322691599433E-6	1.9338916168488133E-4
28.0	3.359199166918606E-5	0.0	0.0	1.007759750075582E-4	2.256843808605332E-9	1.1284219043026659E-9	4.513687617210665E-9	-2.0166391165922383E-5	8.73503745042945E-5
29.0	1.3419216317767042E-4	0.0	0.0	4.0257648953301127E-4	3.601507331660505E-8	1.8007536658302525E-8	7.20301466332101E-8	-8.056002396918184E-5	3.4894435032452266E-4
30.0	3.359199166918606E-5	0.0	0.0	1.007759750075582E-4	2.256843808605332E-9	1.1284219043026659E-9	4.513687617210665E-9	-2.0166391165922383E-5	8.73503745042945E-5
31.0	0.0	0.0	0.0	0.0	0.0	0.0	0.0	0.0	0.0
32.0	6.714003246360368E-5	1.0064412238325282E-4	0.0	1.007759750075582E-4	2.2538948771259665E-9	4.507783959213755E-9	1.1269503360820722E-9	1.3416783120427889E-5	1.2086328180677946E-4
33.0	1.0068807325802128E-4	1.007759750075582E-4	0.0	2.0128824476650564E-4	6.752830110222233E-9	1.013808809641266E-8	5.06020111712702E-9	7.697621863931475E-6	1.936785246521111E-4
34.0	0.0	0.0	0.0	0.0	0.0	0.0	0.0	0.0	0.0
35.0	1.3419216317767042E-4	0.0	0.0	4.0257648953301127E-4	3.601507331660505E-8	1.8007536658302525E-8	7.20301466332101E-8	-8.056002396918184E-5	3.4894435032452266E-4
36.0	1.678720565963934E-4	2.0128824476650564E-4	0.0	3.023279250226746E-4	1.5792016523996166E-8	2.818102738590271E-8	9.597511093042892E-9	2.5667262164110323E-5	3.100768510286765E-4
37.0	3.359199166918606E-5	0.0	0.0	1.007759750075582E-4	2.256843808605332E-9	1.1284219043026659E-9	4.513687617210665E-9	-2.0166391165922383E-5	8.73503745042945E-5
38.0	3.348737525952716E-5	0.0	0.0	1.0046212577858148E-4	2.2428086035447837E-9	1.1214043017723918E-9	4.485617207089567E-9	-2.0103586451622237E-5	8.707833697067655E-5
39.0	0.0	0.0	0.0	0.0	0.0	0.0	0.0	0.0	0.0
40.0	1.0073202413278974E-4	1.0064412238325282E-4	0.0	2.015519500151164E-4	6.7705352891747814E-9	5.0734742063032535E-9	1.0164657454917838E-8	7.619747164078745E-6	1.9384430110150076E-4
41.0	6.707936692871323E-5	1.0046212577858148E-4	0.0	1.007759750075582E-4	2.2498371506682276E-9	4.499641467556946E-9	1.1249349922238683E-9	1.3404498824521723E-5	1.2075423503290474E-4
42.0	1.0068807325802128E-4	1.007759750075582E-4	0.0	2.0128824476650564E-4	6.752830110222233E-9	1.013808809641266E-8	5.06020111712702E-9	7.697621863931475E-6	1.936785246521111E-4
43.0	3.359199166918606E-5	0.0	0.0	1.007759750075582E-4	2.256843808605332E-9	1.1284219043026659E-9	4.513687617210665E-9	-2.0166391165922383E-5	8.73503745042945E-5
44.0	0.0	0.0	0.0	0.0	0.0	0.0	0.0	0.0	0.0
45.0	2.0128824476650564E-4	0.0	0.0	6.038647342995169E-4	8.103391496236136E-8	4.0516957481180684E-8	1.6206782992472268E-7	-1.2084003595377269E-4	5.234165254867839E-4
46.0	3.3548040794417606E-5	0.0	0.0	1.0064412238325282E-4	2.2509420822878156E-9	1.1254710411439078E-9	4.501884164575631E-9	-2.014000599229546E-5	8.723608758113066E-5
47.0	6.707936692871323E-5	1.0046212577858148E-4	0.0	1.007759750075582E-4	2.2498371506682276E-9	4.499641467556946E-9	1.1249349922238683E-9	1.3404498824521723E-5	1.2075423503290474E-4
48.0	3.3548040794417606E-5	0.0	0.0	1.0064412238325282E-4	2.2509420822878156E-9	1.1254710411439078E-9	4.501884164575631E-9	-2.014000599229546E-5	8.723608758113066E-5
49.0	3.348737525952716E-5	0.0	0.0	1.0046212577858148E-4	2.2428086035447837E-9	1.1214043017723918E-9	4.485617207089567E-9	-2.0103586451622237E-5	8.707833697067655E-5
50.0	1.3419216317767042E-4	0.0	0.0	4.0257648953301127E-4	3.601507331660505E-8	1.8007536658302525E-8	7.20301466332101E-8	-8.056002396918184E-5	3.4894435032452266E-4
51.0	3.3548040794417606E-5	0.0	0.0	1.0064412238325282E-4	2.2509420822878156E-9	1.1254710411439078E-9	4.501884164575631E-9	-2.014000599229546E-5	8.723608758113066E-5
52.0	3.359199166918606E-5	0.0	0.0	1.007759750075582E-4	2.256843808605332E-9	1.1284219043026659E-9	4.513687617210665E-9	-2.0166391165922383E-5	8.73503745042945E-5
53.0	0.0	0.0	0.0	0.0	0.0	0.0	0.0	0.0	0.0
54.0	0.0	0.0	0.0	0.0	0.0	0.0	0.0	0.0	0.0
55.0	6.714003246360368E-5	1.0064412238325282E-4	0.0	1.007759750075582E-4	2.2538948771259665E-9	4.507783959213755E-9	1.1269503360820722E-9	1.3416783120427889E-5	1.2086328180677946E-4
56.0	0.0	0.0	0.0	0.0	0.0	0.0	0.0	0.0	0.0
57.0	3.348737525952716E-5	0.0	0.0	1.0046212577858148E-4	2.2428086035447837E-9	1.1214043017723918E-9	4.485617207089567E-9	-2.0103586451622237E-5	8.707833697067655E-5
58.0	3.348737525952716E-5	0.0	0.0	1.0046212577858148E-4	2.2428086035447837E-9	1.1214043017723918E-9	4.485617207089567E-9	-2.0103586451622237E-5	8.707833697067655E-5
59.0	6.703541605394477E-5	1.0046212577858148E-4	0.0	1.0064412238325282E-4	2.246879023223423E-9	4.4937470055254755E-9	1.1234450320723969E-9	1.3395845910206346E-5	1.2067498619768319E-4
60.0	0.0	0.0	0.0	0.0	0.0	0.0	0.0	0.0	0.0
61.0	0.0	0.0	0.0	0.0	0.0	0.0	0.0	0.0	0.0
62.0	0.0	0.0	0.0	0.0	0.0	0.0	0.0	0.0	0.0
63.0	3.3548040794417606E-5	0.0	0.0	1.0064412238325282E-4	2.2509420822878156E-9	1.1254710411439078E-9	4.501884164575631E-9	-2.014000599229546E-5	8.723608758113066E-5
64.0	0.0	0.0	0.0	0.0	0.0	0.0	0.0	0.0	0.0
65.0	3.3548040794417606E-5	0.0	0.0	1.0064412238325282E-4	2.2509420822878156E-9	1.1254710411439078E-9	4.501884164575631E-9	-2.014000599229546E-5	8.723608758113066E-5
66.0	0.0	0.0	0.0	0.0	0.0	0.0	0.0	0.0	0.0
67.0	3.3548040794417606E-5	0.0	0.0	1.0064412238325282E-4	2.2509420822878156E-9	1.1254710411439078E-9	4.501884164575631E-9	-2.014000599229546E-5	8.723608758113066E-5
68.0	0.0	0.0	0.0	0.0	0.0	0.0	0.0	0.0	0.0
69.0	0.0	0.0	0.0	0.0	0.0	0.0	0.0	0.0	0.0
70.0	3.359199166918606E-5	0.0	0.0	1.007759750075582E-4	2.256843808605332E-9	1.1284219043026659E-9	4.513687617210665E-9	-2.0166391165922383E-5	8.73503745042945E-5
71.0	3.3548040794417606E-5	0.0	0.0	1.0064412238325282E-4	2.2509420822878156E-9	1.1254710411439078E-9	4.501884164575631E-9	-2.014000599229546E-5	8.723608758113066E-5
72.0	0.0	0.0	0.0	0.0	0.0	0.0	0.0	0.0	0.0
73.0	1.0052279131347193E-4	1.0064412238325282E-4	0.0	2.0092425155716296E-4	6.728433171248597E-9	1.0104831573451826E-8	5.040233970146983E-9	7.700472031471985E-6	1.9334511059547187E-4
74.0	0.0	0.0	0.0	0.0	0.0	0.0	0.0	0.0	0.0
75.0	0.0	0.0	0.0	0.0	0.0	0.0	0.0	0.0	0.0
76.0	0.0	0.0	0.0	0.0	0.0	0.0	0.0	0.0	0.0
77.0	0.0	0.0	0.0	0.0	0.0	0.0	0.0	0.0	0.0
78.0	0.0	0.0	0.0	0.0	0.0	0.0	0.0	0.0	0.0
79.0	6.707936692871323E-5	1.0046212577858148E-4	0.0	1.007759750075582E-4	2.2498371506682276E-9	4.499641467556946E-9	1.1249349922238683E-9	1.3404498824521723E-5	1.2075423503290474E-4
80.0	0.0	0.0	0.0	0.0	0.0	0.0	0.0	0.0	0.0
81.0	0.0	0.0	0.0	0.0	0.0	0.0	0.0	0.0	0.0
82.0	0.0	0.0	0.0	0.0	0.0	0.0	0.0	0.0	0.0
83.0	6.714003246360368E-5	1.0064412238325282E-4	0.0	1.007759750075582E-4	2.2538948771259665E-9	4.507783959213755E-9	1.1269503360820722E-9	1.3416783120427889E-5	1.2086328180677946E-4
84.0	0.0	0.0	0.0	0.0	0.0	0.0	0.0	0.0	0.0
85.0	0.0	0.0	0.0	0.0	0.0	0.0	0.0	0.0	0.0
86.0	3.3548040794417606E-5	0.0	0.0	1.0064412238325282E-4	2.2509420822878156E-9	1.1254710411439078E-9	4.501884164575631E-9	-2.014000599229546E-5	8.723608758113066E-5
87.0	0.0	0.0	0.0	0.0	0.0	0.0	0.0	0.0	0.0
88.0	0.0	0.0	0.0	0.0	0.0	0.0	0.0	0.0	0.0
89.0	0.0	0.0	0.0	0.0	0.0	0.0	0.0	0.0	0.0
90.0	0.0	0.0	0.0	0.0	0.0	0.0	0.0	0.0	0.0
91.0	0.0	0.0	0.0	0.0	0.0	0.0	0.0	0.0	0.0
92.0	0.0	0.0	0.0	0.0	0.0	0.0	0.0	0.0	0.0
93.0	0.0	0.0	0.0	0.0	0.0	0.0	0.0	0.0	0.0
94.0	0.0	0.0	0.0	0.0	0.0	0.0	0.0	0.0	0.0
95.0	0.0	0.0	0.0	0.0	0.0	0.0	0.0	0.0	0.0
96.0	0.0	0.0	0.0	0.0	0.0	0.0	0.0	0.0	0.0
97.0	3.359199166918606E-5	0.0	0.0	1.007759750075582E-4	2.256843808605332E-9	1.1284219043026659E-9	4.513687617210665E-9	-2.0166391165922383E-5	8.73503745042945E-5
