0.0	0.0	0.0	0.0	0.0	0.0	0.0	0.0	0.0	0.0
1.0	0.0	0.0	0.0	0.0	0.0	0.0	0.0	0.0	0.0
2.0	0.023333333333333334	0.02	0.02	0.03	2.2222222222222213E-5	1.1111111111111115E-5	4.444444444444441E-5	0.017998889004605525	0.028667777662061144
3.0	0.08333333333333333	0.09	0.06	0.1	2.8888888888888893E-4	5.444444444444443E-4	1.6111111111111127E-4	0.06409972077999712	0.10256694588666954
4.0	0.11666666666666665	0.12	0.09	0.14	4.2222222222222243E-4	7.111111111111106E-4	2.777777777777784E-4	0.09341436291779845	0.13991897041553486
5.0	0.10666666666666665	0.11	0.06	0.15	0.0013555555555555554	0.002177777777777776	9.444444444444452E-4	0.06500332457707818	0.14833000875625513
6.0	0.07	0.07	0.05	0.09	2.6666666666666657E-4	4.000000000000002E-4	3.999999999999996E-4	0.051520942784991565	0.08847905721500846
7.0	0.08333333333333333	0.08	0.07	0.1	1.5555555555555556E-4	9.444444444444428E-5	2.777777777777781E-4	0.06921972025680065	0.09744694640986601
8.0	0.06333333333333334	0.06	0.05	0.08	1.5555555555555556E-4	9.44444444444445E-5	2.7777777777777767E-4	0.049219720256800666	0.07744694640986602
9.0	0.04	0.05	0.01	0.06	4.666666666666666E-4	9.0E-4	2.4999999999999995E-4	0.015554505073076916	0.06444549492692309
10.0	0.02666666666666667	0.03	0.01	0.04	1.5555555555555556E-4	2.777777777777779E-4	9.444444444444443E-5	0.012553053590133995	0.04078027974319934
11.0	0.043333333333333335	0.04	0.03	0.06	1.5555555555555554E-4	9.444444444444448E-5	2.7777777777777767E-4	0.02921972025680066	0.05744694640986601
12.0	0.02	0.02	0.01	0.03	6.666666666666666E-5	1.0E-4	9.999999999999996E-5	0.01076047139249578	0.02923952860750422
13.0	0.03	0.04	0.01	0.04	1.9999999999999998E-4	3.9999999999999986E-4	1.0000000000000005E-4	0.013996667013816567	0.046003332986183434
14.0	0.016666666666666666	0.02	0.01	0.02	2.2222222222222223E-5	4.444444444444444E-5	1.1111111111111115E-5	0.011332222337938857	0.022001110995394476
15.0	0.03333333333333333	0.03	0.01	0.06	4.222222222222221E-4	2.777777777777777E-4	7.11111111111111E-4	0.010081029584465145	0.05658563708220152
16.0	0.006666666666666667	0.01	0.0	0.01	2.2222222222222223E-5	4.444444444444445E-5	1.111111111111111E-5	0.0013322223379388567	0.012001110995394478
17.0	0.03	0.03	0.01	0.05	2.666666666666667E-4	3.9999999999999986E-4	4.000000000000002E-4	0.011520942784991554	0.04847905721500845
18.0	0.02	0.02	0.01	0.03	6.666666666666666E-5	1.0E-4	9.999999999999996E-5	0.01076047139249578	0.02923952860750422
19.0	0.0033333333333333335	0.0	0.0	0.01	2.2222222222222223E-5	1.1111111111111113E-5	4.444444444444444E-5	-0.002001110995394477	0.008667777662061144
20.0	0.02	0.02	0.0	0.04	2.666666666666667E-4	4.0E-4	4.0E-4	0.0015209427849915552	0.038479057215008446
21.0	0.01	0.01	0.0	0.02	6.666666666666667E-5	1.0E-4	1.0E-4	7.604713924957776E-4	0.019239528607504223
22.0	0.013333333333333334	0.0	0.0	0.04	3.5555555555555557E-4	1.777777777777778E-4	7.11111111111111E-4	-0.008004443981577907	0.034671110648244574
23.0	0.006666666666666667	0.0	0.0	0.02	8.888888888888889E-5	4.444444444444445E-5	1.7777777777777776E-4	-0.004002221990788954	0.017335555324122287
24.0	0.0033333333333333335	0.0	0.0	0.01	2.2222222222222223E-5	1.1111111111111113E-5	4.444444444444444E-5	-0.002001110995394477	0.008667777662061144
25.0	0.0033333333333333335	0.0	0.0	0.01	2.2222222222222223E-5	1.1111111111111113E-5	4.444444444444444E-5	-0.002001110995394477	0.008667777662061144
26.0	0.016666666666666666	0.01	0.0	0.04	2.888888888888889E-4	1.611111111111111E-4	5.444444444444445E-4	-0.002566945886669534	0.03590027922000287
27.0	0.013333333333333334	0.01	0.01	0.02	2.2222222222222223E-5	1.1111111111111115E-5	4.444444444444444E-5	0.007998889004605523	0.018667777662061145
28.0	0.0033333333333333335	0.0	0.0	0.01	2.2222222222222223E-5	1.1111111111111113E-5	4.444444444444444E-5	-0.002001110995394477	0.008667777662061144
29.0	0.006666666666666667	0.01	0.0	0.01	2.2222222222222223E-5	4.444444444444445E-5	1.111111111111111E-5	0.0013322223379388567	0.012001110995394478
30.0	0.006666666666666667	0.01	0.0	0.01	2.2222222222222223E-5	4.444444444444445E-5	1.111111111111111E-5	0.0013322223379388567	0.012001110995394478
31.0	0.0	0.0	0.0	0.0	0.0	0.0	0.0	0.0	0.0
32.0	0.0033333333333333335	0.0	0.0	0.01	2.2222222222222223E-5	1.1111111111111113E-5	4.444444444444444E-5	-0.002001110995394477	0.008667777662061144
33.0	0.0033333333333333335	0.0	0.0	0.01	2.2222222222222223E-5	1.1111111111111113E-5	4.444444444444444E-5	-0.002001110995394477	0.008667777662061144
34.0	0.01	0.01	0.0	0.02	6.666666666666667E-5	1.0E-4	1.0E-4	7.604713924957776E-4	0.019239528607504223
35.0	0.0	0.0	0.0	0.0	0.0	0.0	0.0	0.0	0.0
36.0	0.0033333333333333335	0.0	0.0	0.01	2.2222222222222223E-5	1.1111111111111113E-5	4.444444444444444E-5	-0.002001110995394477	0.008667777662061144
37.0	0.0	0.0	0.0	0.0	0.0	0.0	0.0	0.0	0.0
38.0	0.0	0.0	0.0	0.0	0.0	0.0	0.0	0.0	0.0
39.0	0.0	0.0	0.0	0.0	0.0	0.0	0.0	0.0	0.0
40.0	0.0	0.0	0.0	0.0	0.0	0.0	0.0	0.0	0.0
41.0	0.0033333333333333335	0.0	0.0	0.01	2.2222222222222223E-5	1.1111111111111113E-5	4.444444444444444E-5	-0.002001110995394477	0.008667777662061144
42.0	0.006666666666666667	0.01	0.0	0.01	2.2222222222222223E-5	4.444444444444445E-5	1.111111111111111E-5	0.0013322223379388567	0.012001110995394478
43.0	0.0	0.0	0.0	0.0	0.0	0.0	0.0	0.0	0.0
44.0	0.0	0.0	0.0	0.0	0.0	0.0	0.0	0.0	0.0
45.0	0.0033333333333333335	0.0	0.0	0.01	2.2222222222222223E-5	1.1111111111111113E-5	4.444444444444444E-5	-0.002001110995394477	0.008667777662061144
46.0	0.0	0.0	0.0	0.0	0.0	0.0	0.0	0.0	0.0
47.0	0.006666666666666667	0.01	0.0	0.01	2.2222222222222223E-5	4.444444444444445E-5	1.111111111111111E-5	0.0013322223379388567	0.012001110995394478
48.0	0.006666666666666667	0.01	0.0	0.01	2.2222222222222223E-5	4.444444444444445E-5	1.111111111111111E-5	0.0013322223379388567	0.012001110995394478
49.0	0.0	0.0	0.0	0.0	0.0	0.0	0.0	0.0	0.0
50.0	0.0	0.0	0.0	0.0	0.0	0.0	0.0	0.0	0.0
51.0	0.0	0.0	0.0	0.0	0.0	0.0	0.0	0.0	0.0
52.0	0.0033333333333333335	0.0	0.0	0.01	2.2222222222222223E-5	1.1111111111111113E-5	4.444444444444444E-5	-0.002001110995394477	0.008667777662061144
53.0	0.0	0.0	0.0	0.0	0.0	0.0	0.0	0.0	0.0
54.0	0.0	0.0	0.0	0.0	0.0	0.0	0.0	0.0	0.0
55.0	0.0033333333333333335	0.0	0.0	0.01	2.2222222222222223E-5	1.1111111111111113E-5	4.444444444444444E-5	-0.002001110995394477	0.008667777662061144
56.0	0.0	0.0	0.0	0.0	0.0	0.0	0.0	0.0	0.0
57.0	0.0	0.0	0.0	0.0	0.0	0.0	0.0	0.0	0.0
58.0	0.0	0.0	0.0	0.0	0.0	0.0	0.0	0.0	0.0
59.0	0.0	0.0	0.0	0.0	0.0	0.0	0.0	0.0	0.0
60.0	0.0033333333333333335	0.0	0.0	0.01	2.2222222222222223E-5	1.1111111111111113E-5	4.444444444444444E-5	-0.002001110995394477	0.008667777662061144
61.0	0.0	0.0	0.0	0.0	0.0	0.0	0.0	0.0	0.0
62.0	0.0	0.0	0.0	0.0	0.0	0.0	0.0	0.0	0.0
63.0	0.0	0.0	0.0	0.0	0.0	0.0	0.0	0.0	0.0
64.0	0.0	0.0	0.0	0.0	0.0	0.0	0.0	0.0	0.0
65.0	0.0	0.0	0.0	0.0	0.0	0.0	0.0	0.0	0.0
66.0	0.0	0.0	0.0	0.0	0.0	0.0	0.0	0.0	0.0
67.0	0.0	0.0	0.0	0.0	0.0	0.0	0.0	0.0	0.0
68.0	0.0	0.0	0.0	0.0	0.0	0.0	0.0	0.0	0.0
69.0	0.006666666666666667	0.01	0.0	0.01	2.2222222222222223E-5	4.444444444444445E-5	1.111111111111111E-5	0.0013322223379388567	0.012001110995394478
70.0	0.0	0.0	0.0	0.0	0.0	0.0	0.0	0.0	0.0
71.0	0.0	0.0	0.0	0.0	0.0	0.0	0.0	0.0	0.0
72.0	0.0	0.0	0.0	0.0	0.0	0.0	0.0	0.0	0.0
73.0	0.0	0.0	0.0	0.0	0.0	0.0	0.0	0.0	0.0
74.0	0.0	0.0	0.0	0.0	0.0	0.0	0.0	0.0	0.0
75.0	0.0	0.0	0.0	0.0	0.0	0.0	0.0	0.0	0.0
76.0	0.0	0.0	0.0	0.0	0.0	0.0	0.0	0.0	0.0
77.0	0.0	0.0	0.0	0.0	0.0	0.0	0.0	0.0	0.0
78.0	0.0	0.0	0.0	0.0	0.0	0.0	0.0	0.0	0.0
79.0	0.0	0.0	0.0	0.0	0.0	0.0	0.0	0.0	0.0
80.0	0.0	0.0	0.0	0.0	0.0	0.0	0.0	0.0	0.0
81.0	0.0	0.0	0.0	0.0	0.0	0.0	0.0	0.0	0.0
82.0	0.0	0.0	0.0	0.0	0.0	0.0	0.0	0.0	0.0
83.0	0.0	0.0	0.0	0.0	0.0	0.0	0.0	0.0	0.0
84.0	0.0	0.0	0.0	0.0	0.0	0.0	0.0	0.0	0.0
85.0	0.0	0.0	0.0	0.0	0.0	0.0	0.0	0.0	0.0
86.0	0.0	0.0	0.0	0.0	0.0	0.0	0.0	0.0	0.0
87.0	0.0	0.0	0.0	0.0	0.0	0.0	0.0	0.0	0.0
88.0	0.0	0.0	0.0	0.0	0.0	0.0	0.0	0.0	0.0
89.0	0.0033333333333333335	0.0	0.0	0.01	2.2222222222222223E-5	1.1111111111111113E-5	4.444444444444444E-5	-0.002001110995394477	0.008667777662061144
90.0	0.0	0.0	0.0	0.0	0.0	0.0	0.0	0.0	0.0
91.0	0.0033333333333333335	0.0	0.0	0.01	2.2222222222222223E-5	1.1111111111111113E-5	4.444444444444444E-5	-0.002001110995394477	0.008667777662061144
92.0	0.0	0.0	0.0	0.0	0.0	0.0	0.0	0.0	0.0
93.0	0.0	0.0	0.0	0.0	0.0	0.0	0.0	0.0	0.0
94.0	0.0	0.0	0.0	0.0	0.0	0.0	0.0	0.0	0.0
95.0	0.0	0.0	0.0	0.0	0.0	0.0	0.0	0.0	0.0
96.0	0.0	0.0	0.0	0.0	0.0	0.0	0.0	0.0	0.0
97.0	0.0	0.0	0.0	0.0	0.0	0.0	0.0	0.0	0.0
98.0	0.0	0.0	0.0	0.0	0.0	0.0	0.0	0.0	0.0
99.0	0.0	0.0	0.0	0.0	0.0	0.0	0.0	0.0	0.0
100.0	0.0	0.0	0.0	0.0	0.0	0.0	0.0	0.0	0.0
101.0	0.0	0.0	0.0	0.0	0.0	0.0	0.0	0.0	0.0
102.0	0.0	0.0	0.0	0.0	0.0	0.0	0.0	0.0	0.0
103.0	0.0	0.0	0.0	0.0	0.0	0.0	0.0	0.0	0.0
104.0	0.0	0.0	0.0	0.0	0.0	0.0	0.0	0.0	0.0
105.0	0.0	0.0	0.0	0.0	0.0	0.0	0.0	0.0	0.0
106.0	0.0033333333333333335	0.0	0.0	0.01	2.2222222222222223E-5	1.1111111111111113E-5	4.444444444444444E-5	-0.002001110995394477	0.008667777662061144
107.0	0.0	0.0	0.0	0.0	0.0	0.0	0.0	0.0	0.0
108.0	0.0	0.0	0.0	0.0	0.0	0.0	0.0	0.0	0.0
109.0	0.0	0.0	0.0	0.0	0.0	0.0	0.0	0.0	0.0
110.0	0.0	0.0	0.0	0.0	0.0	0.0	0.0	0.0	0.0
111.0	0.0	0.0	0.0	0.0	0.0	0.0	0.0	0.0	0.0
112.0	0.0	0.0	0.0	0.0	0.0	0.0	0.0	0.0	0.0
113.0	0.0	0.0	0.0	0.0	0.0	0.0	0.0	0.0	0.0
114.0	0.0	0.0	0.0	0.0	0.0	0.0	0.0	0.0	0.0
115.0	0.0	0.0	0.0	0.0	0.0	0.0	0.0	0.0	0.0
116.0	0.0	0.0	0.0	0.0	0.0	0.0	0.0	0.0	0.0
117.0	0.0	0.0	0.0	0.0	0.0	0.0	0.0	0.0	0.0
118.0	0.0	0.0	0.0	0.0	0.0	0.0	0.0	0.0	0.0
119.0	0.0	0.0	0.0	0.0	0.0	0.0	0.0	0.0	0.0
120.0	0.0	0.0	0.0	0.0	0.0	0.0	0.0	0.0	0.0
121.0	0.0	0.0	0.0	0.0	0.0	0.0	0.0	0.0	0.0
122.0	0.0	0.0	0.0	0.0	0.0	0.0	0.0	0.0	0.0
123.0	0.0	0.0	0.0	0.0	0.0	0.0	0.0	0.0	0.0
124.0	0.0	0.0	0.0	0.0	0.0	0.0	0.0	0.0	0.0
125.0	0.0	0.0	0.0	0.0	0.0	0.0	0.0	0.0	0.0
126.0	0.0	0.0	0.0	0.0	0.0	0.0	0.0	0.0	0.0
127.0	0.0	0.0	0.0	0.0	0.0	0.0	0.0	0.0	0.0
128.0	0.0	0.0	0.0	0.0	0.0	0.0	0.0	0.0	0.0
129.0	0.0	0.0	0.0	0.0	0.0	0.0	0.0	0.0	0.0
130.0	0.0	0.0	0.0	0.0	0.0	0.0	0.0	0.0	0.0
131.0	0.0	0.0	0.0	0.0	0.0	0.0	0.0	0.0	0.0
132.0	0.0	0.0	0.0	0.0	0.0	0.0	0.0	0.0	0.0
133.0	0.0	0.0	0.0	0.0	0.0	0.0	0.0	0.0	0.0
134.0	0.0	0.0	0.0	0.0	0.0	0.0	0.0	0.0	0.0
135.0	0.0	0.0	0.0	0.0	0.0	0.0	0.0	0.0	0.0
136.0	0.0	0.0	0.0	0.0	0.0	0.0	0.0	0.0	0.0
137.0	0.0	0.0	0.0	0.0	0.0	0.0	0.0	0.0	0.0
138.0	0.0	0.0	0.0	0.0	0.0	0.0	0.0	0.0	0.0
139.0	0.0	0.0	0.0	0.0	0.0	0.0	0.0	0.0	0.0
140.0	0.0	0.0	0.0	0.0	0.0	0.0	0.0	0.0	0.0
141.0	0.0	0.0	0.0	0.0	0.0	0.0	0.0	0.0	0.0
142.0	0.0	0.0	0.0	0.0	0.0	0.0	0.0	0.0	0.0
143.0	0.0	0.0	0.0	0.0	0.0	0.0	0.0	0.0	0.0
144.0	0.0	0.0	0.0	0.0	0.0	0.0	0.0	0.0	0.0
145.0	0.0	0.0	0.0	0.0	0.0	0.0	0.0	0.0	0.0
146.0	0.0	0.0	0.0	0.0	0.0	0.0	0.0	0.0	0.0
147.0	0.0	0.0	0.0	0.0	0.0	0.0	0.0	0.0	0.0
148.0	0.0	0.0	0.0	0.0	0.0	0.0	0.0	0.0	0.0
149.0	0.0	0.0	0.0	0.0	0.0	0.0	0.0	0.0	0.0
150.0	0.0	0.0	0.0	0.0	0.0	0.0	0.0	0.0	0.0
151.0	0.0	0.0	0.0	0.0	0.0	0.0	0.0	0.0	0.0
152.0	0.0	0.0	0.0	0.0	0.0	0.0	0.0	0.0	0.0
153.0	0.0033333333333333335	0.0	0.0	0.01	2.2222222222222223E-5	1.1111111111111113E-5	4.444444444444444E-5	-0.002001110995394477	0.008667777662061144
154.0	0.0	0.0	0.0	0.0	0.0	0.0	0.0	0.0	0.0
155.0	0.0	0.0	0.0	0.0	0.0	0.0	0.0	0.0	0.0
156.0	0.0	0.0	0.0	0.0	0.0	0.0	0.0	0.0	0.0
157.0	0.0	0.0	0.0	0.0	0.0	0.0	0.0	0.0	0.0
158.0	0.0	0.0	0.0	0.0	0.0	0.0	0.0	0.0	0.0
159.0	0.0	0.0	0.0	0.0	0.0	0.0	0.0	0.0	0.0
160.0	0.0	0.0	0.0	0.0	0.0	0.0	0.0	0.0	0.0
161.0	0.0	0.0	0.0	0.0	0.0	0.0	0.0	0.0	0.0
162.0	0.0	0.0	0.0	0.0	0.0	0.0	0.0	0.0	0.0
163.0	0.0	0.0	0.0	0.0	0.0	0.0	0.0	0.0	0.0
164.0	0.0	0.0	0.0	0.0	0.0	0.0	0.0	0.0	0.0
165.0	0.0	0.0	0.0	0.0	0.0	0.0	0.0	0.0	0.0
166.0	0.0	0.0	0.0	0.0	0.0	0.0	0.0	0.0	0.0
167.0	0.0	0.0	0.0	0.0	0.0	0.0	0.0	0.0	0.0
168.0	0.0	0.0	0.0	0.0	0.0	0.0	0.0	0.0	0.0
169.0	0.0	0.0	0.0	0.0	0.0	0.0	0.0	0.0	0.0
170.0	0.0	0.0	0.0	0.0	0.0	0.0	0.0	0.0	0.0
171.0	0.0	0.0	0.0	0.0	0.0	0.0	0.0	0.0	0.0
172.0	0.0	0.0	0.0	0.0	0.0	0.0	0.0	0.0	0.0
173.0	0.0	0.0	0.0	0.0	0.0	0.0	0.0	0.0	0.0
174.0	0.0	0.0	0.0	0.0	0.0	0.0	0.0	0.0	0.0
175.0	0.0	0.0	0.0	0.0	0.0	0.0	0.0	0.0	0.0
176.0	0.0	0.0	0.0	0.0	0.0	0.0	0.0	0.0	0.0
177.0	0.0033333333333333335	0.0	0.0	0.01	2.2222222222222223E-5	1.1111111111111113E-5	4.444444444444444E-5	-0.002001110995394477	0.008667777662061144
