0.0	0.0	0.0	0.0	0.0	0.0	0.0	0.0	0.0	0.0
1.0	0.0	0.0	0.0	0.0	0.0	0.0	0.0	0.0	0.0
2.0	0.012349397590361447	0.012048192771084338	0.0	0.025	1.0421202883824456E-4	7.629917259399043E-5	1.600377413267528E-4	7.974723542085241E-4	0.02390132282651437
3.0	0.09606608251186564	0.09090909090909091	0.07228915662650602	0.125	4.7636944938638025E-4	2.9596838347448683E-4	8.371715812101671E-4	0.07136776356257465	0.12076440146115663
4.0	0.10053851770719241	0.10843373493975904	0.06818181818181818	0.125	5.692181917620365E-4	0.0010469560041753531	3.3034928555537814E-4	0.07354031649875978	0.12753671891562504
5.0	0.11167853231106244	0.09090909090909091	0.0875	0.1566265060240964	0.0010120971539248702	5.079855604335097E-4	0.002020320340907591	0.07567819700467128	0.14767886761745358
6.0	0.08750912741876597	0.07954545454545454	0.0625	0.12048192771084337	5.920273663274693E-4	3.444382699405941E-4	0.0010872055591012195	0.05997531589860283	0.11504293893892911
7.0	0.07136728733114274	0.075	0.04819277108433735	0.09090909090909091	3.1071229722901033E-4	5.370582032734469E-4	1.97539344206792E-4	0.05142042157036914	0.09131415309191634
8.0	0.02848667396860168	0.024096385542168676	0.011363636363636364	0.05	2.5843208207385624E-4	1.5623652464416394E-4	4.628231969332408E-4	0.010295167832541675	0.04667818010466168
9.0	0.08674698795180724	0.075	0.060240963855421686	0.125	7.679513233657523E-4	4.2028051966903814E-4	0.0014632929307591804	0.05538798178217088	0.1181059941214436
10.0	0.023562431544359257	0.024096385542168676	0.0125	0.03409090909090909	7.783711266453845E-5	1.2237739167363473E-4	5.5566973159990305E-5	0.013578794064093678	0.033546069024624835
11.0	0.027729098211025923	0.025	0.024096385542168676	0.03409090909090909	2.0372405350433548E-5	1.0322289189950414E-5	4.0472637671399816E-5	0.02262150150304197	0.032836694919009875
12.0	0.020153340635268347	0.024096385542168676	0.011363636363636364	0.025	3.87655371061064E-5	7.725890118274553E-5	1.951885506778683E-5	0.013107734738758137	0.027198946531778557
13.0	0.04045728368017525	0.03614457831325301	0.022727272727272728	0.0625	2.7294468624273056E-4	1.664763579859617E-4	4.858813427562682E-4	0.021761969591077294	0.059152597769273216
14.0	0.02848667396860168	0.024096385542168676	0.011363636363636364	0.05	2.5843208207385624E-4	1.5623652464416394E-4	4.628231969332408E-4	0.010295167832541675	0.04667818010466168
15.0	0.03151697699890471	0.025	0.024096385542168676	0.045454545454545456	9.72639937425696E-5	4.876808338601843E-5	1.9425581445567193E-4	0.02035678945027968	0.04267716454752974
16.0	0.019623950346841914	0.022727272727272728	0.0	0.03614457831325301	2.2255372847225467E-4	3.8509942721531685E-4	1.412808791007236E-4	0.002742378507515523	0.0365055221861683
17.0	0.01977455275648047	0.022727272727272728	0.0125	0.024096385542168676	2.677197055339417E-5	5.2919117806817584E-5	1.369839692668246E-5	0.013919435277501956	0.025629670235458982
18.0	0.011970609711573566	0.012048192771084338	0.011363636363636364	0.0125	2.1822995123645716E-7	3.684166451060955E-7	1.4313660430163795E-7	0.011441978718450771	0.01249924070469636
19.0	0.011742424242424243	0.0125	0.0	0.022727272727272728	8.63751147842057E-5	1.3788452708907257E-4	6.0620408631772265E-5	0.0012254753668392623	0.022259373118009226
20.0	0.007803943044906901	0.011363636363636364	0.0	0.012048192771084338	3.052886643657174E-5	6.0901527048150794E-5	1.5342536130782215E-5	0.0015514850401769737	0.014056401049636829
21.0	0.012198795180722893	0.0125	0.0	0.024096385542168676	9.681799487105047E-5	1.488106038612281E-4	7.082169037596167E-5	0.0010642242550483964	0.023333366106397392
22.0	0.015758488499452356	0.0125	0.012048192771084338	0.022727272727272728	2.43159984356424E-5	1.2192020846504608E-5	4.8563953613917984E-5	0.01017839472513984	0.02133858227376487
23.0	0.011363636363636362	0.0	0.0	0.03409090909090909	2.5826446280991736E-4	1.2913223140495865E-4	5.165289256198347E-4	-0.006821969302481174	0.029549242029753897
24.0	0.003787878787878788	0.0	0.0	0.011363636363636364	2.8696051423324157E-5	1.4348025711662077E-5	5.739210284664831E-5	-0.0022739897674937245	0.009849747343251301
25.0	0.007803943044906901	0.011363636363636364	0.0	0.012048192771084338	3.052886643657174E-5	6.0901527048150794E-5	1.5342536130782215E-5	0.0015514850401769737	0.014056401049636829
26.0	0.004166666666666667	0.0	0.0	0.0125	3.4722222222222236E-5	1.736111111111111E-5	6.944444444444447E-5	-0.002501388744243097	0.01083472207757643
27.0	0.0	0.0	0.0	0.0	0.0	0.0	0.0	0.0	0.0
28.0	0.004166666666666667	0.0	0.0	0.0125	3.4722222222222236E-5	1.736111111111111E-5	6.944444444444447E-5	-0.002501388744243097	0.01083472207757643
29.0	0.0	0.0	0.0	0.0	0.0	0.0	0.0	0.0	0.0
30.0	0.004016064257028113	0.0	0.0	0.012048192771084338	3.225754423315753E-5	1.6128772116578768E-5	6.451508846631504E-5	-0.0024109771028849114	0.010443105616941138
31.0	0.003787878787878788	0.0	0.0	0.011363636363636364	2.8696051423324157E-5	1.4348025711662077E-5	5.739210284664831E-5	-0.0022739897674937245	0.009849747343251301
32.0	0.0	0.0	0.0	0.0	0.0	0.0	0.0	0.0	0.0
33.0	0.003787878787878788	0.0	0.0	0.011363636363636364	2.8696051423324157E-5	1.4348025711662077E-5	5.739210284664831E-5	-0.0022739897674937245	0.009849747343251301
34.0	0.0	0.0	0.0	0.0	0.0	0.0	0.0	0.0	0.0
35.0	0.00818273092369478	0.012048192771084338	0.0	0.0125	3.351256431347882E-5	6.695708536959082E-5	1.679030378542282E-5	0.0016318565019945172	0.014733605345395043
36.0	0.0	0.0	0.0	0.0	0.0	0.0	0.0	0.0	0.0
37.0	0.004166666666666667	0.0	0.0	0.0125	3.4722222222222236E-5	1.736111111111111E-5	6.944444444444447E-5	-0.002501388744243097	0.01083472207757643
38.0	0.004166666666666667	0.0	0.0	0.0125	3.4722222222222236E-5	1.736111111111111E-5	6.944444444444447E-5	-0.002501388744243097	0.01083472207757643
39.0	0.004016064257028113	0.0	0.0	0.012048192771084338	3.225754423315753E-5	1.6128772116578768E-5	6.451508846631504E-5	-0.0024109771028849114	0.010443105616941138
40.0	0.0	0.0	0.0	0.0	0.0	0.0	0.0	0.0	0.0
41.0	0.003787878787878788	0.0	0.0	0.011363636363636364	2.8696051423324157E-5	1.4348025711662077E-5	5.739210284664831E-5	-0.0022739897674937245	0.009849747343251301
42.0	0.007803943044906901	0.011363636363636364	0.0	0.012048192771084338	3.052886643657174E-5	6.0901527048150794E-5	1.5342536130782215E-5	0.0015514850401769737	0.014056401049636829
43.0	0.003787878787878788	0.0	0.0	0.011363636363636364	2.8696051423324157E-5	1.4348025711662077E-5	5.739210284664831E-5	-0.0022739897674937245	0.009849747343251301
44.0	0.0	0.0	0.0	0.0	0.0	0.0	0.0	0.0	0.0
45.0	0.003787878787878788	0.0	0.0	0.011363636363636364	2.8696051423324157E-5	1.4348025711662077E-5	5.739210284664831E-5	-0.0022739897674937245	0.009849747343251301
46.0	0.0	0.0	0.0	0.0	0.0	0.0	0.0	0.0	0.0
47.0	0.0	0.0	0.0	0.0	0.0	0.0	0.0	0.0	0.0
48.0	0.0	0.0	0.0	0.0	0.0	0.0	0.0	0.0	0.0
49.0	0.0	0.0	0.0	0.0	0.0	0.0	0.0	0.0	0.0
50.0	0.0	0.0	0.0	0.0	0.0	0.0	0.0	0.0	0.0
51.0	0.004166666666666667	0.0	0.0	0.0125	3.4722222222222236E-5	1.736111111111111E-5	6.944444444444447E-5	-0.002501388744243097	0.01083472207757643
52.0	0.007803943044906901	0.011363636363636364	0.0	0.012048192771084338	3.052886643657174E-5	6.0901527048150794E-5	1.5342536130782215E-5	0.0015514850401769737	0.014056401049636829
53.0	0.0	0.0	0.0	0.0	0.0	0.0	0.0	0.0	0.0
54.0	0.0	0.0	0.0	0.0	0.0	0.0	0.0	0.0	0.0
55.0	0.0	0.0	0.0	0.0	0.0	0.0	0.0	0.0	0.0
56.0	0.007954545454545455	0.011363636363636364	0.0	0.0125	3.185261707988981E-5	6.327479338842976E-5	1.6141528925619832E-5	0.0015679706350744133	0.014341120274016498
57.0	0.0	0.0	0.0	0.0	0.0	0.0	0.0	0.0	0.0
58.0	0.0	0.0	0.0	0.0	0.0	0.0	0.0	0.0	0.0
59.0	0.0	0.0	0.0	0.0	0.0	0.0	0.0	0.0	0.0
60.0	0.0	0.0	0.0	0.0	0.0	0.0	0.0	0.0	0.0
61.0	0.0	0.0	0.0	0.0	0.0	0.0	0.0	0.0	0.0
62.0	0.0	0.0	0.0	0.0	0.0	0.0	0.0	0.0	0.0
63.0	0.0	0.0	0.0	0.0	0.0	0.0	0.0	0.0	0.0
64.0	0.0	0.0	0.0	0.0	0.0	0.0	0.0	0.0	0.0
65.0	0.0	0.0	0.0	0.0	0.0	0.0	0.0	0.0	0.0
66.0	0.003787878787878788	0.0	0.0	0.011363636363636364	2.8696051423324157E-5	1.4348025711662077E-5	5.739210284664831E-5	-0.0022739897674937245	0.009849747343251301
67.0	0.0	0.0	0.0	0.0	0.0	0.0	0.0	0.0	0.0
68.0	0.004016064257028113	0.0	0.0	0.012048192771084338	3.225754423315753E-5	1.6128772116578768E-5	6.451508846631504E-5	-0.0024109771028849114	0.010443105616941138
69.0	0.0	0.0	0.0	0.0	0.0	0.0	0.0	0.0	0.0
70.0	0.004016064257028113	0.0	0.0	0.012048192771084338	3.225754423315753E-5	1.6128772116578768E-5	6.451508846631504E-5	-0.0024109771028849114	0.010443105616941138
71.0	0.0	0.0	0.0	0.0	0.0	0.0	0.0	0.0	0.0
72.0	0.0	0.0	0.0	0.0	0.0	0.0	0.0	0.0	0.0
73.0	0.0	0.0	0.0	0.0	0.0	0.0	0.0	0.0	0.0
74.0	0.0	0.0	0.0	0.0	0.0	0.0	0.0	0.0	0.0
75.0	0.0	0.0	0.0	0.0	0.0	0.0	0.0	0.0	0.0
76.0	0.0	0.0	0.0	0.0	0.0	0.0	0.0	0.0	0.0
77.0	0.0	0.0	0.0	0.0	0.0	0.0	0.0	0.0	0.0
78.0	0.0	0.0	0.0	0.0	0.0	0.0	0.0	0.0	0.0
79.0	0.0	0.0	0.0	0.0	0.0	0.0	0.0	0.0	0.0
80.0	0.0	0.0	0.0	0.0	0.0	0.0	0.0	0.0	0.0
81.0	0.0	0.0	0.0	0.0	0.0	0.0	0.0	0.0	0.0
82.0	0.0	0.0	0.0	0.0	0.0	0.0	0.0	0.0	0.0
83.0	0.0	0.0	0.0	0.0	0.0	0.0	0.0	0.0	0.0
84.0	0.0	0.0	0.0	0.0	0.0	0.0	0.0	0.0	0.0
85.0	0.0	0.0	0.0	0.0	0.0	0.0	0.0	0.0	0.0
86.0	0.0	0.0	0.0	0.0	0.0	0.0	0.0	0.0	0.0
87.0	0.0	0.0	0.0	0.0	0.0	0.0	0.0	0.0	0.0
88.0	0.0	0.0	0.0	0.0	0.0	0.0	0.0	0.0	0.0
89.0	0.0	0.0	0.0	0.0	0.0	0.0	0.0	0.0	0.0
90.0	0.0	0.0	0.0	0.0	0.0	0.0	0.0	0.0	0.0
91.0	0.0	0.0	0.0	0.0	0.0	0.0	0.0	0.0	0.0
92.0	0.0	0.0	0.0	0.0	0.0	0.0	0.0	0.0	0.0
93.0	0.0	0.0	0.0	0.0	0.0	0.0	0.0	0.0	0.0
94.0	0.0	0.0	0.0	0.0	0.0	0.0	0.0	0.0	0.0
95.0	0.0	0.0	0.0	0.0	0.0	0.0	0.0	0.0	0.0
96.0	0.004166666666666667	0.0	0.0	0.0125	3.4722222222222236E-5	1.736111111111111E-5	6.944444444444447E-5	-0.002501388744243097	0.01083472207757643
97.0	0.0	0.0	0.0	0.0	0.0	0.0	0.0	0.0	0.0
98.0	0.0	0.0	0.0	0.0	0.0	0.0	0.0	0.0	0.0
99.0	0.0	0.0	0.0	0.0	0.0	0.0	0.0	0.0	0.0
100.0	0.004016064257028113	0.0	0.0	0.012048192771084338	3.225754423315753E-5	1.6128772116578768E-5	6.451508846631504E-5	-0.0024109771028849114	0.010443105616941138
101.0	0.0	0.0	0.0	0.0	0.0	0.0	0.0	0.0	0.0
102.0	0.0	0.0	0.0	0.0	0.0	0.0	0.0	0.0	0.0
103.0	0.0	0.0	0.0	0.0	0.0	0.0	0.0	0.0	0.0
104.0	0.0	0.0	0.0	0.0	0.0	0.0	0.0	0.0	0.0
105.0	0.0	0.0	0.0	0.0	0.0	0.0	0.0	0.0	0.0
106.0	0.0	0.0	0.0	0.0	0.0	0.0	0.0	0.0	0.0
107.0	0.0	0.0	0.0	0.0	0.0	0.0	0.0	0.0	0.0
108.0	0.0	0.0	0.0	0.0	0.0	0.0	0.0	0.0	0.0
109.0	0.004016064257028113	0.0	0.0	0.012048192771084338	3.225754423315753E-5	1.6128772116578768E-5	6.451508846631504E-5	-0.0024109771028849114	0.010443105616941138
110.0	0.0	0.0	0.0	0.0	0.0	0.0	0.0	0.0	0.0
111.0	0.0	0.0	0.0	0.0	0.0	0.0	0.0	0.0	0.0
112.0	0.0	0.0	0.0	0.0	0.0	0.0	0.0	0.0	0.0
113.0	0.0	0.0	0.0	0.0	0.0	0.0	0.0	0.0	0.0
114.0	0.0	0.0	0.0	0.0	0.0	0.0	0.0	0.0	0.0
115.0	0.0	0.0	0.0	0.0	0.0	0.0	0.0	0.0	0.0
116.0	0.0	0.0	0.0	0.0	0.0	0.0	0.0	0.0	0.0
117.0	0.0	0.0	0.0	0.0	0.0	0.0	0.0	0.0	0.0
118.0	0.0	0.0	0.0	0.0	0.0	0.0	0.0	0.0	0.0
119.0	0.0	0.0	0.0	0.0	0.0	0.0	0.0	0.0	0.0
120.0	0.0	0.0	0.0	0.0	0.0	0.0	0.0	0.0	0.0
121.0	0.0	0.0	0.0	0.0	0.0	0.0	0.0	0.0	0.0
122.0	0.004166666666666667	0.0	0.0	0.0125	3.4722222222222236E-5	1.736111111111111E-5	6.944444444444447E-5	-0.002501388744243097	0.01083472207757643
123.0	0.0	0.0	0.0	0.0	0.0	0.0	0.0	0.0	0.0
124.0	0.0	0.0	0.0	0.0	0.0	0.0	0.0	0.0	0.0
125.0	0.0	0.0	0.0	0.0	0.0	0.0	0.0	0.0	0.0
126.0	0.0	0.0	0.0	0.0	0.0	0.0	0.0	0.0	0.0
127.0	0.0	0.0	0.0	0.0	0.0	0.0	0.0	0.0	0.0
128.0	0.0	0.0	0.0	0.0	0.0	0.0	0.0	0.0	0.0
129.0	0.0	0.0	0.0	0.0	0.0	0.0	0.0	0.0	0.0
130.0	0.0	0.0	0.0	0.0	0.0	0.0	0.0	0.0	0.0
131.0	0.0	0.0	0.0	0.0	0.0	0.0	0.0	0.0	0.0
132.0	0.0	0.0	0.0	0.0	0.0	0.0	0.0	0.0	0.0
133.0	0.0	0.0	0.0	0.0	0.0	0.0	0.0	0.0	0.0
134.0	0.0	0.0	0.0	0.0	0.0	0.0	0.0	0.0	0.0
135.0	0.0	0.0	0.0	0.0	0.0	0.0	0.0	0.0	0.0
136.0	0.0	0.0	0.0	0.0	0.0	0.0	0.0	0.0	0.0
137.0	0.0	0.0	0.0	0.0	0.0	0.0	0.0	0.0	0.0
138.0	0.0	0.0	0.0	0.0	0.0	0.0	0.0	0.0	0.0
139.0	0.0	0.0	0.0	0.0	0.0	0.0	0.0	0.0	0.0
140.0	0.0	0.0	0.0	0.0	0.0	0.0	0.0	0.0	0.0
141.0	0.0	0.0	0.0	0.0	0.0	0.0	0.0	0.0	0.0
142.0	0.0	0.0	0.0	0.0	0.0	0.0	0.0	0.0	0.0
143.0	0.0	0.0	0.0	0.0	0.0	0.0	0.0	0.0	0.0
144.0	0.0	0.0	0.0	0.0	0.0	0.0	0.0	0.0	0.0
145.0	0.0	0.0	0.0	0.0	0.0	0.0	0.0	0.0	0.0
146.0	0.0	0.0	0.0	0.0	0.0	0.0	0.0	0.0	0.0
147.0	0.0	0.0	0.0	0.0	0.0	0.0	0.0	0.0	0.0
148.0	0.0	0.0	0.0	0.0	0.0	0.0	0.0	0.0	0.0
149.0	0.0	0.0	0.0	0.0	0.0	0.0	0.0	0.0	0.0
150.0	0.0	0.0	0.0	0.0	0.0	0.0	0.0	0.0	0.0
151.0	0.0	0.0	0.0	0.0	0.0	0.0	0.0	0.0	0.0
152.0	0.0	0.0	0.0	0.0	0.0	0.0	0.0	0.0	0.0
153.0	0.0	0.0	0.0	0.0	0.0	0.0	0.0	0.0	0.0
154.0	0.0	0.0	0.0	0.0	0.0	0.0	0.0	0.0	0.0
155.0	0.0	0.0	0.0	0.0	0.0	0.0	0.0	0.0	0.0
156.0	0.0	0.0	0.0	0.0	0.0	0.0	0.0	0.0	0.0
157.0	0.0	0.0	0.0	0.0	0.0	0.0	0.0	0.0	0.0
158.0	0.0	0.0	0.0	0.0	0.0	0.0	0.0	0.0	0.0
159.0	0.0	0.0	0.0	0.0	0.0	0.0	0.0	0.0	0.0
160.0	0.0	0.0	0.0	0.0	0.0	0.0	0.0	0.0	0.0
161.0	0.0	0.0	0.0	0.0	0.0	0.0	0.0	0.0	0.0
162.0	0.0	0.0	0.0	0.0	0.0	0.0	0.0	0.0	0.0
163.0	0.0	0.0	0.0	0.0	0.0	0.0	0.0	0.0	0.0
164.0	0.0	0.0	0.0	0.0	0.0	0.0	0.0	0.0	0.0
165.0	0.0	0.0	0.0	0.0	0.0	0.0	0.0	0.0	0.0
166.0	0.0	0.0	0.0	0.0	0.0	0.0	0.0	0.0	0.0
167.0	0.0	0.0	0.0	0.0	0.0	0.0	0.0	0.0	0.0
168.0	0.0	0.0	0.0	0.0	0.0	0.0	0.0	0.0	0.0
169.0	0.0	0.0	0.0	0.0	0.0	0.0	0.0	0.0	0.0
170.0	0.0	0.0	0.0	0.0	0.0	0.0	0.0	0.0	0.0
171.0	0.0	0.0	0.0	0.0	0.0	0.0	0.0	0.0	0.0
172.0	0.0	0.0	0.0	0.0	0.0	0.0	0.0	0.0	0.0
173.0	0.0	0.0	0.0	0.0	0.0	0.0	0.0	0.0	0.0
174.0	0.0	0.0	0.0	0.0	0.0	0.0	0.0	0.0	0.0
175.0	0.0	0.0	0.0	0.0	0.0	0.0	0.0	0.0	0.0
176.0	0.0	0.0	0.0	0.0	0.0	0.0	0.0	0.0	0.0
177.0	0.0	0.0	0.0	0.0	0.0	0.0	0.0	0.0	0.0
178.0	0.0	0.0	0.0	0.0	0.0	0.0	0.0	0.0	0.0
179.0	0.0	0.0	0.0	0.0	0.0	0.0	0.0	0.0	0.0
180.0	0.0	0.0	0.0	0.0	0.0	0.0	0.0	0.0	0.0
181.0	0.0	0.0	0.0	0.0	0.0	0.0	0.0	0.0	0.0
182.0	0.0	0.0	0.0	0.0	0.0	0.0	0.0	0.0	0.0
183.0	0.0	0.0	0.0	0.0	0.0	0.0	0.0	0.0	0.0
184.0	0.0	0.0	0.0	0.0	0.0	0.0	0.0	0.0	0.0
185.0	0.0	0.0	0.0	0.0	0.0	0.0	0.0	0.0	0.0
186.0	0.0	0.0	0.0	0.0	0.0	0.0	0.0	0.0	0.0
187.0	0.0	0.0	0.0	0.0	0.0	0.0	0.0	0.0	0.0
188.0	0.0	0.0	0.0	0.0	0.0	0.0	0.0	0.0	0.0
189.0	0.0	0.0	0.0	0.0	0.0	0.0	0.0	0.0	0.0
190.0	0.0	0.0	0.0	0.0	0.0	0.0	0.0	0.0	0.0
191.0	0.0	0.0	0.0	0.0	0.0	0.0	0.0	0.0	0.0
192.0	0.0	0.0	0.0	0.0	0.0	0.0	0.0	0.0	0.0
193.0	0.0	0.0	0.0	0.0	0.0	0.0	0.0	0.0	0.0
194.0	0.0	0.0	0.0	0.0	0.0	0.0	0.0	0.0	0.0
195.0	0.0	0.0	0.0	0.0	0.0	0.0	0.0	0.0	0.0
196.0	0.0	0.0	0.0	0.0	0.0	0.0	0.0	0.0	0.0
197.0	0.0	0.0	0.0	0.0	0.0	0.0	0.0	0.0	0.0
198.0	0.0	0.0	0.0	0.0	0.0	0.0	0.0	0.0	0.0
199.0	0.0	0.0	0.0	0.0	0.0	0.0	0.0	0.0	0.0
200.0	0.0	0.0	0.0	0.0	0.0	0.0	0.0	0.0	0.0
201.0	0.0	0.0	0.0	0.0	0.0	0.0	0.0	0.0	0.0
202.0	0.0	0.0	0.0	0.0	0.0	0.0	0.0	0.0	0.0
203.0	0.0	0.0	0.0	0.0	0.0	0.0	0.0	0.0	0.0
204.0	0.0	0.0	0.0	0.0	0.0	0.0	0.0	0.0	0.0
205.0	0.0	0.0	0.0	0.0	0.0	0.0	0.0	0.0	0.0
206.0	0.0	0.0	0.0	0.0	0.0	0.0	0.0	0.0	0.0
207.0	0.0	0.0	0.0	0.0	0.0	0.0	0.0	0.0	0.0
208.0	0.0	0.0	0.0	0.0	0.0	0.0	0.0	0.0	0.0
209.0	0.0	0.0	0.0	0.0	0.0	0.0	0.0	0.0	0.0
210.0	0.0	0.0	0.0	0.0	0.0	0.0	0.0	0.0	0.0
211.0	0.0	0.0	0.0	0.0	0.0	0.0	0.0	0.0	0.0
212.0	0.0	0.0	0.0	0.0	0.0	0.0	0.0	0.0	0.0
213.0	0.0	0.0	0.0	0.0	0.0	0.0	0.0	0.0	0.0
214.0	0.0	0.0	0.0	0.0	0.0	0.0	0.0	0.0	0.0
215.0	0.0	0.0	0.0	0.0	0.0	0.0	0.0	0.0	0.0
216.0	0.0	0.0	0.0	0.0	0.0	0.0	0.0	0.0	0.0
217.0	0.0	0.0	0.0	0.0	0.0	0.0	0.0	0.0	0.0
218.0	0.0	0.0	0.0	0.0	0.0	0.0	0.0	0.0	0.0
219.0	0.0	0.0	0.0	0.0	0.0	0.0	0.0	0.0	0.0
220.0	0.0	0.0	0.0	0.0	0.0	0.0	0.0	0.0	0.0
221.0	0.0	0.0	0.0	0.0	0.0	0.0	0.0	0.0	0.0
222.0	0.0	0.0	0.0	0.0	0.0	0.0	0.0	0.0	0.0
223.0	0.0	0.0	0.0	0.0	0.0	0.0	0.0	0.0	0.0
224.0	0.0	0.0	0.0	0.0	0.0	0.0	0.0	0.0	0.0
225.0	0.0	0.0	0.0	0.0	0.0	0.0	0.0	0.0	0.0
226.0	0.0	0.0	0.0	0.0	0.0	0.0	0.0	0.0	0.0
227.0	0.0	0.0	0.0	0.0	0.0	0.0	0.0	0.0	0.0
228.0	0.0	0.0	0.0	0.0	0.0	0.0	0.0	0.0	0.0
229.0	0.0	0.0	0.0	0.0	0.0	0.0	0.0	0.0	0.0
230.0	0.0	0.0	0.0	0.0	0.0	0.0	0.0	0.0	0.0
231.0	0.0	0.0	0.0	0.0	0.0	0.0	0.0	0.0	0.0
232.0	0.0	0.0	0.0	0.0	0.0	0.0	0.0	0.0	0.0
233.0	0.0	0.0	0.0	0.0	0.0	0.0	0.0	0.0	0.0
234.0	0.0	0.0	0.0	0.0	0.0	0.0	0.0	0.0	0.0
235.0	0.0	0.0	0.0	0.0	0.0	0.0	0.0	0.0	0.0
236.0	0.0	0.0	0.0	0.0	0.0	0.0	0.0	0.0	0.0
237.0	0.0	0.0	0.0	0.0	0.0	0.0	0.0	0.0	0.0
238.0	0.0	0.0	0.0	0.0	0.0	0.0	0.0	0.0	0.0
239.0	0.0	0.0	0.0	0.0	0.0	0.0	0.0	0.0	0.0
240.0	0.0	0.0	0.0	0.0	0.0	0.0	0.0	0.0	0.0
241.0	0.0	0.0	0.0	0.0	0.0	0.0	0.0	0.0	0.0
242.0	0.0	0.0	0.0	0.0	0.0	0.0	0.0	0.0	0.0
243.0	0.0	0.0	0.0	0.0	0.0	0.0	0.0	0.0	0.0
244.0	0.0	0.0	0.0	0.0	0.0	0.0	0.0	0.0	0.0
245.0	0.0	0.0	0.0	0.0	0.0	0.0	0.0	0.0	0.0
246.0	0.0	0.0	0.0	0.0	0.0	0.0	0.0	0.0	0.0
247.0	0.0	0.0	0.0	0.0	0.0	0.0	0.0	0.0	0.0
248.0	0.0	0.0	0.0	0.0	0.0	0.0	0.0	0.0	0.0
249.0	0.0	0.0	0.0	0.0	0.0	0.0	0.0	0.0	0.0
250.0	0.0	0.0	0.0	0.0	0.0	0.0	0.0	0.0	0.0
251.0	0.0	0.0	0.0	0.0	0.0	0.0	0.0	0.0	0.0
252.0	0.0	0.0	0.0	0.0	0.0	0.0	0.0	0.0	0.0
253.0	0.0	0.0	0.0	0.0	0.0	0.0	0.0	0.0	0.0
254.0	0.0	0.0	0.0	0.0	0.0	0.0	0.0	0.0	0.0
255.0	0.0	0.0	0.0	0.0	0.0	0.0	0.0	0.0	0.0
256.0	0.0	0.0	0.0	0.0	0.0	0.0	0.0	0.0	0.0
257.0	0.0	0.0	0.0	0.0	0.0	0.0	0.0	0.0	0.0
258.0	0.0	0.0	0.0	0.0	0.0	0.0	0.0	0.0	0.0
259.0	0.0	0.0	0.0	0.0	0.0	0.0	0.0	0.0	0.0
260.0	0.0	0.0	0.0	0.0	0.0	0.0	0.0	0.0	0.0
261.0	0.0	0.0	0.0	0.0	0.0	0.0	0.0	0.0	0.0
262.0	0.0	0.0	0.0	0.0	0.0	0.0	0.0	0.0	0.0
263.0	0.0	0.0	0.0	0.0	0.0	0.0	0.0	0.0	0.0
264.0	0.0	0.0	0.0	0.0	0.0	0.0	0.0	0.0	0.0
265.0	0.0	0.0	0.0	0.0	0.0	0.0	0.0	0.0	0.0
266.0	0.0	0.0	0.0	0.0	0.0	0.0	0.0	0.0	0.0
267.0	0.0	0.0	0.0	0.0	0.0	0.0	0.0	0.0	0.0
268.0	0.003787878787878788	0.0	0.0	0.011363636363636364	2.8696051423324157E-5	1.4348025711662077E-5	5.739210284664831E-5	-0.0022739897674937245	0.009849747343251301
