0.0	0.0	0.0	0.0	0.0	0.0	0.0	0.0	0.0	0.0
1.0	0.0018333333333333333	0.0019	0.0017	0.0019	8.888888888888895E-9	1.7777777777777794E-8	4.444444444444448E-9	0.0017266444467587772	0.0019400222199078894
2.0	0.11149999999999999	0.113	0.1064	0.1151	1.3740000000000007E-5	2.6009999999999932E-5	7.605000000000045E-6	0.10730541682642958	0.1156945831735704
3.0	0.34	0.3445	0.3288	0.3467	6.352666666666676E-5	1.2544000000000097E-4	3.2569999999999656E-5	0.3309806865991794	0.34901931340082065
4.0	0.27116666666666667	0.2728	0.2671	0.2736	8.375555555555547E-6	1.6537777777777748E-5	4.2944444444444464E-6	0.2678917349003433	0.27444159843299004
5.0	0.14536666666666667	0.1472	0.1409	0.148	1.0082222222222214E-5	1.995111111111118E-5	5.1477777777777315E-6	0.1417735313185856	0.14895980201474773
6.0	0.06743333333333333	0.0675	0.0661	0.0687	1.1288888888888815E-6	1.7777777777777564E-6	8.04444444444444E-7	0.06623101064293285	0.06863565602373381
7.0	0.027033333333333336	0.025	0.0229	0.0332	1.9748888888888888E-5	1.060944444444446E-5	3.8027777777777744E-5	0.022004505386533157	0.03206216128013352
8.0	0.011566666666666664	0.0109	0.0091	0.0147	5.448888888888888E-6	3.264444444444436E-6	9.81777777777779E-6	0.008925173934923522	0.014208159398409807
9.0	0.007533333333333334	0.0066	0.0058	0.0102	3.6622222222222235E-6	1.9377777777777796E-6	7.111111111111113E-6	0.005367785451242145	0.009698881215424521
10.0	0.0039000000000000003	0.0038	0.0032	0.0047	3.800000000000001E-7	2.500000000000001E-7	6.399999999999999E-7	0.0032024308875339543	0.004597569112466046
11.0	0.0024333333333333334	0.0022	0.0019	0.0032	3.0888888888888897E-7	1.6944444444444445E-7	5.87777777777778E-7	0.0018044116223720097	0.003062255044294657
12.0	0.0013333333333333333	0.0013	0.001	0.0017	8.22222222222222E-8	5.611111111111109E-8	1.344444444444444E-7	0.0010088517525058596	0.001657814914160807
13.0	0.0012666666666666666	0.0012	0.001	0.0016	6.222222222222224E-8	3.7777777777777754E-8	1.1111111111111121E-7	9.84394405136013E-4	0.0015489389281973201
14.0	9.333333333333333E-4	0.001	6.0E-4	0.0012	6.22222222222222E-8	1.1111111111111114E-7	3.7777777777777754E-8	6.510610718026799E-4	0.0012156055948639869
15.0	5.333333333333333E-4	6.0E-4	4.0E-4	6.0E-4	8.888888888888882E-9	1.777777777777775E-8	4.444444444444448E-9	4.266444467587771E-4	6.400222199078894E-4
16.0	4.666666666666666E-4	5.0E-4	3.0E-4	6.0E-4	1.5555555555555554E-8	2.7777777777777767E-8	9.444444444444449E-9	3.255305359013399E-4	6.078027974319933E-4
17.0	6.0E-4	6.0E-4	6.0E-4	6.0E-4	0.0	0.0	0.0	6.0E-4	6.0E-4
18.0	3.0E-4	3.0E-4	1.0E-4	5.0E-4	2.6666666666666667E-8	3.9999999999999994E-8	4.0000000000000014E-8	1.1520942784991553E-4	4.847905721500844E-4
19.0	3.0E-4	3.0E-4	1.0E-4	5.0E-4	2.6666666666666667E-8	3.9999999999999994E-8	4.0000000000000014E-8	1.1520942784991553E-4	4.847905721500844E-4
20.0	1.6666666666666666E-4	2.0E-4	1.0E-4	2.0E-4	2.222222222222222E-9	4.4444444444444434E-9	1.111111111111112E-9	1.1332222337938856E-4	2.2001110995394476E-4
21.0	2.0E-4	1.0E-4	1.0E-4	4.0E-4	1.9999999999999997E-8	1.0E-8	4.0E-8	3.996667013816569E-5	3.600333298618343E-4
22.0	1.6666666666666666E-4	1.0E-4	1.0E-4	3.0E-4	8.888888888888887E-9	4.4444444444444434E-9	1.7777777777777774E-8	5.997778009211047E-5	2.733555532412229E-4
23.0	1.9999999999999998E-4	2.0E-4	1.0E-4	3.0E-4	6.666666666666664E-9	9.999999999999995E-9	4.999999999999999E-9	1.0760471392495777E-4	2.923952860750422E-4
24.0	1.3333333333333334E-4	2.0E-4	0.0	2.0E-4	8.888888888888892E-9	1.777777777777778E-8	4.444444444444445E-9	2.664444675877712E-5	2.4002221990788956E-4
25.0	6.666666666666667E-5	1.0E-4	0.0	1.0E-4	2.222222222222223E-9	4.444444444444445E-9	1.1111111111111113E-9	1.332222337938856E-5	1.2001110995394478E-4
26.0	3.3333333333333335E-5	0.0	0.0	1.0E-4	2.2222222222222225E-9	1.1111111111111113E-9	4.444444444444445E-9	-2.001110995394477E-5	8.667777662061145E-5
27.0	2.666666666666667E-4	3.0E-4	1.0E-4	4.0E-4	1.5555555555555557E-8	2.7777777777777784E-8	9.444444444444445E-9	1.2553053590133993E-4	4.0780279743199345E-4
28.0	1.0E-4	1.0E-4	0.0	2.0E-4	6.666666666666667E-9	1.0E-8	1.0E-8	7.604713924957784E-6	1.9239528607504223E-4
29.0	3.3333333333333335E-5	0.0	0.0	1.0E-4	2.2222222222222225E-9	1.1111111111111113E-9	4.444444444444445E-9	-2.001110995394477E-5	8.667777662061145E-5
30.0	6.666666666666667E-5	0.0	0.0	2.0E-4	8.88888888888889E-9	4.444444444444445E-9	1.777777777777778E-8	-4.002221990788954E-5	1.733555532412229E-4
31.0	6.666666666666667E-5	1.0E-4	0.0	1.0E-4	2.222222222222223E-9	4.444444444444445E-9	1.1111111111111113E-9	1.332222337938856E-5	1.2001110995394478E-4
32.0	0.0	0.0	0.0	0.0	0.0	0.0	0.0	0.0	0.0
33.0	3.3333333333333335E-5	0.0	0.0	1.0E-4	2.222222222222223E-9	1.1111111111111113E-9	4.444444444444445E-9	-2.0011109953944775E-5	8.667777662061145E-5
34.0	6.666666666666667E-5	0.0	0.0	2.0E-4	8.88888888888889E-9	4.444444444444445E-9	1.777777777777778E-8	-4.002221990788954E-5	1.733555532412229E-4
35.0	0.0	0.0	0.0	0.0	0.0	0.0	0.0	0.0	0.0
36.0	1.6666666666666666E-4	1.0E-4	1.0E-4	3.0E-4	8.888888888888887E-9	4.4444444444444434E-9	1.7777777777777774E-8	5.997778009211047E-5	2.733555532412229E-4
37.0	0.0	0.0	0.0	0.0	0.0	0.0	0.0	0.0	0.0
38.0	3.3333333333333335E-5	0.0	0.0	1.0E-4	2.222222222222223E-9	1.1111111111111113E-9	4.444444444444445E-9	-2.0011109953944775E-5	8.667777662061145E-5
39.0	3.3333333333333335E-5	0.0	0.0	1.0E-4	2.2222222222222225E-9	1.1111111111111113E-9	4.444444444444445E-9	-2.001110995394477E-5	8.667777662061145E-5
40.0	6.666666666666667E-5	0.0	0.0	2.0E-4	8.88888888888889E-9	4.444444444444445E-9	1.777777777777778E-8	-4.002221990788954E-5	1.733555532412229E-4
41.0	0.0	0.0	0.0	0.0	0.0	0.0	0.0	0.0	0.0
42.0	3.3333333333333335E-5	0.0	0.0	1.0E-4	2.2222222222222225E-9	1.1111111111111113E-9	4.444444444444445E-9	-2.001110995394477E-5	8.667777662061145E-5
43.0	0.0	0.0	0.0	0.0	0.0	0.0	0.0	0.0	0.0
44.0	0.0	0.0	0.0	0.0	0.0	0.0	0.0	0.0	0.0
45.0	3.3333333333333335E-5	0.0	0.0	1.0E-4	2.222222222222223E-9	1.1111111111111113E-9	4.444444444444445E-9	-2.0011109953944775E-5	8.667777662061145E-5
46.0	0.0	0.0	0.0	0.0	0.0	0.0	0.0	0.0	0.0
47.0	0.0	0.0	0.0	0.0	0.0	0.0	0.0	0.0	0.0
48.0	0.0	0.0	0.0	0.0	0.0	0.0	0.0	0.0	0.0
49.0	0.0	0.0	0.0	0.0	0.0	0.0	0.0	0.0	0.0
50.0	6.666666666666667E-5	1.0E-4	0.0	1.0E-4	2.222222222222223E-9	4.444444444444445E-9	1.1111111111111113E-9	1.332222337938856E-5	1.2001110995394478E-4
51.0	6.666666666666667E-5	1.0E-4	0.0	1.0E-4	2.2222222222222225E-9	4.444444444444445E-9	1.1111111111111113E-9	1.3322223379388567E-5	1.2001110995394477E-4
52.0	0.0	0.0	0.0	0.0	0.0	0.0	0.0	0.0	0.0
53.0	6.666666666666667E-5	1.0E-4	0.0	1.0E-4	2.222222222222223E-9	4.444444444444445E-9	1.1111111111111113E-9	1.332222337938856E-5	1.2001110995394478E-4
54.0	3.3333333333333335E-5	0.0	0.0	1.0E-4	2.2222222222222225E-9	1.1111111111111113E-9	4.444444444444445E-9	-2.001110995394477E-5	8.667777662061145E-5
55.0	0.0	0.0	0.0	0.0	0.0	0.0	0.0	0.0	0.0
56.0	0.0	0.0	0.0	0.0	0.0	0.0	0.0	0.0	0.0
57.0	0.0	0.0	0.0	0.0	0.0	0.0	0.0	0.0	0.0
58.0	3.3333333333333335E-5	0.0	0.0	1.0E-4	2.222222222222223E-9	1.1111111111111113E-9	4.444444444444445E-9	-2.0011109953944775E-5	8.667777662061145E-5
59.0	3.3333333333333335E-5	0.0	0.0	1.0E-4	2.2222222222222225E-9	1.1111111111111113E-9	4.444444444444445E-9	-2.001110995394477E-5	8.667777662061145E-5
60.0	0.0	0.0	0.0	0.0	0.0	0.0	0.0	0.0	0.0
61.0	0.0	0.0	0.0	0.0	0.0	0.0	0.0	0.0	0.0
62.0	3.3333333333333335E-5	0.0	0.0	1.0E-4	2.2222222222222225E-9	1.1111111111111113E-9	4.444444444444445E-9	-2.001110995394477E-5	8.667777662061145E-5
63.0	0.0	0.0	0.0	0.0	0.0	0.0	0.0	0.0	0.0
64.0	3.3333333333333335E-5	0.0	0.0	1.0E-4	2.222222222222223E-9	1.1111111111111113E-9	4.444444444444445E-9	-2.0011109953944775E-5	8.667777662061145E-5
65.0	0.0	0.0	0.0	0.0	0.0	0.0	0.0	0.0	0.0
66.0	0.0	0.0	0.0	0.0	0.0	0.0	0.0	0.0	0.0
67.0	0.0	0.0	0.0	0.0	0.0	0.0	0.0	0.0	0.0
68.0	0.0	0.0	0.0	0.0	0.0	0.0	0.0	0.0	0.0
69.0	0.0	0.0	0.0	0.0	0.0	0.0	0.0	0.0	0.0
70.0	0.0	0.0	0.0	0.0	0.0	0.0	0.0	0.0	0.0
71.0	0.0	0.0	0.0	0.0	0.0	0.0	0.0	0.0	0.0
72.0	0.0	0.0	0.0	0.0	0.0	0.0	0.0	0.0	0.0
73.0	0.0	0.0	0.0	0.0	0.0	0.0	0.0	0.0	0.0
74.0	0.0	0.0	0.0	0.0	0.0	0.0	0.0	0.0	0.0
75.0	3.3333333333333335E-5	0.0	0.0	1.0E-4	2.222222222222223E-9	1.1111111111111113E-9	4.444444444444445E-9	-2.0011109953944775E-5	8.667777662061145E-5
76.0	0.0	0.0	0.0	0.0	0.0	0.0	0.0	0.0	0.0
77.0	0.0	0.0	0.0	0.0	0.0	0.0	0.0	0.0	0.0
78.0	0.0	0.0	0.0	0.0	0.0	0.0	0.0	0.0	0.0
79.0	3.3333333333333335E-5	0.0	0.0	1.0E-4	2.2222222222222225E-9	1.1111111111111113E-9	4.444444444444445E-9	-2.001110995394477E-5	8.667777662061145E-5
80.0	0.0	0.0	0.0	0.0	0.0	0.0	0.0	0.0	0.0
81.0	0.0	0.0	0.0	0.0	0.0	0.0	0.0	0.0	0.0
82.0	0.0	0.0	0.0	0.0	0.0	0.0	0.0	0.0	0.0
83.0	0.0	0.0	0.0	0.0	0.0	0.0	0.0	0.0	0.0
84.0	0.0	0.0	0.0	0.0	0.0	0.0	0.0	0.0	0.0
85.0	3.3333333333333335E-5	0.0	0.0	1.0E-4	2.2222222222222225E-9	1.1111111111111113E-9	4.444444444444445E-9	-2.001110995394477E-5	8.667777662061145E-5
86.0	3.3333333333333335E-5	0.0	0.0	1.0E-4	2.2222222222222225E-9	1.1111111111111113E-9	4.444444444444445E-9	-2.001110995394477E-5	8.667777662061145E-5
87.0	0.0	0.0	0.0	0.0	0.0	0.0	0.0	0.0	0.0
88.0	0.0	0.0	0.0	0.0	0.0	0.0	0.0	0.0	0.0
89.0	3.3333333333333335E-5	0.0	0.0	1.0E-4	2.222222222222223E-9	1.1111111111111113E-9	4.444444444444445E-9	-2.0011109953944775E-5	8.667777662061145E-5
90.0	0.0	0.0	0.0	0.0	0.0	0.0	0.0	0.0	0.0
91.0	0.0	0.0	0.0	0.0	0.0	0.0	0.0	0.0	0.0
92.0	0.0	0.0	0.0	0.0	0.0	0.0	0.0	0.0	0.0
93.0	0.0	0.0	0.0	0.0	0.0	0.0	0.0	0.0	0.0
94.0	0.0	0.0	0.0	0.0	0.0	0.0	0.0	0.0	0.0
95.0	0.0	0.0	0.0	0.0	0.0	0.0	0.0	0.0	0.0
96.0	0.0	0.0	0.0	0.0	0.0	0.0	0.0	0.0	0.0
97.0	0.0	0.0	0.0	0.0	0.0	0.0	0.0	0.0	0.0
98.0	0.0	0.0	0.0	0.0	0.0	0.0	0.0	0.0	0.0
99.0	0.0	0.0	0.0	0.0	0.0	0.0	0.0	0.0	0.0
100.0	0.0	0.0	0.0	0.0	0.0	0.0	0.0	0.0	0.0
101.0	0.0	0.0	0.0	0.0	0.0	0.0	0.0	0.0	0.0
102.0	0.0	0.0	0.0	0.0	0.0	0.0	0.0	0.0	0.0
103.0	0.0	0.0	0.0	0.0	0.0	0.0	0.0	0.0	0.0
104.0	3.3333333333333335E-5	0.0	0.0	1.0E-4	2.222222222222223E-9	1.1111111111111113E-9	4.444444444444445E-9	-2.0011109953944775E-5	8.667777662061145E-5
105.0	6.666666666666667E-5	0.0	0.0	2.0E-4	8.888888888888892E-9	4.444444444444445E-9	1.777777777777778E-8	-4.002221990788955E-5	1.733555532412229E-4
106.0	0.0	0.0	0.0	0.0	0.0	0.0	0.0	0.0	0.0
107.0	0.0	0.0	0.0	0.0	0.0	0.0	0.0	0.0	0.0
108.0	0.0	0.0	0.0	0.0	0.0	0.0	0.0	0.0	0.0
109.0	0.0	0.0	0.0	0.0	0.0	0.0	0.0	0.0	0.0
110.0	0.0	0.0	0.0	0.0	0.0	0.0	0.0	0.0	0.0
111.0	0.0	0.0	0.0	0.0	0.0	0.0	0.0	0.0	0.0
112.0	0.0	0.0	0.0	0.0	0.0	0.0	0.0	0.0	0.0
113.0	0.0	0.0	0.0	0.0	0.0	0.0	0.0	0.0	0.0
114.0	3.3333333333333335E-5	0.0	0.0	1.0E-4	2.2222222222222225E-9	1.1111111111111113E-9	4.444444444444445E-9	-2.001110995394477E-5	8.667777662061145E-5
115.0	0.0	0.0	0.0	0.0	0.0	0.0	0.0	0.0	0.0
116.0	0.0	0.0	0.0	0.0	0.0	0.0	0.0	0.0	0.0
117.0	0.0	0.0	0.0	0.0	0.0	0.0	0.0	0.0	0.0
118.0	0.0	0.0	0.0	0.0	0.0	0.0	0.0	0.0	0.0
119.0	0.0	0.0	0.0	0.0	0.0	0.0	0.0	0.0	0.0
120.0	0.0	0.0	0.0	0.0	0.0	0.0	0.0	0.0	0.0
121.0	0.0	0.0	0.0	0.0	0.0	0.0	0.0	0.0	0.0
122.0	0.0	0.0	0.0	0.0	0.0	0.0	0.0	0.0	0.0
123.0	0.0	0.0	0.0	0.0	0.0	0.0	0.0	0.0	0.0
124.0	0.0	0.0	0.0	0.0	0.0	0.0	0.0	0.0	0.0
125.0	0.0	0.0	0.0	0.0	0.0	0.0	0.0	0.0	0.0
126.0	0.0	0.0	0.0	0.0	0.0	0.0	0.0	0.0	0.0
127.0	0.0	0.0	0.0	0.0	0.0	0.0	0.0	0.0	0.0
128.0	0.0	0.0	0.0	0.0	0.0	0.0	0.0	0.0	0.0
129.0	3.3333333333333335E-5	0.0	0.0	1.0E-4	2.222222222222223E-9	1.1111111111111113E-9	4.444444444444445E-9	-2.0011109953944775E-5	8.667777662061145E-5
130.0	3.3333333333333335E-5	0.0	0.0	1.0E-4	2.222222222222223E-9	1.1111111111111113E-9	4.444444444444445E-9	-2.0011109953944775E-5	8.667777662061145E-5
131.0	0.0	0.0	0.0	0.0	0.0	0.0	0.0	0.0	0.0
132.0	0.0	0.0	0.0	0.0	0.0	0.0	0.0	0.0	0.0
133.0	0.0	0.0	0.0	0.0	0.0	0.0	0.0	0.0	0.0
134.0	0.0	0.0	0.0	0.0	0.0	0.0	0.0	0.0	0.0
135.0	0.0	0.0	0.0	0.0	0.0	0.0	0.0	0.0	0.0
136.0	3.3333333333333335E-5	0.0	0.0	1.0E-4	2.222222222222223E-9	1.1111111111111113E-9	4.444444444444445E-9	-2.0011109953944775E-5	8.667777662061145E-5
137.0	0.0	0.0	0.0	0.0	0.0	0.0	0.0	0.0	0.0
138.0	0.0	0.0	0.0	0.0	0.0	0.0	0.0	0.0	0.0
139.0	0.0	0.0	0.0	0.0	0.0	0.0	0.0	0.0	0.0
140.0	0.0	0.0	0.0	0.0	0.0	0.0	0.0	0.0	0.0
141.0	0.0	0.0	0.0	0.0	0.0	0.0	0.0	0.0	0.0
142.0	0.0	0.0	0.0	0.0	0.0	0.0	0.0	0.0	0.0
143.0	0.0	0.0	0.0	0.0	0.0	0.0	0.0	0.0	0.0
144.0	0.0	0.0	0.0	0.0	0.0	0.0	0.0	0.0	0.0
145.0	0.0	0.0	0.0	0.0	0.0	0.0	0.0	0.0	0.0
146.0	3.3333333333333335E-5	0.0	0.0	1.0E-4	2.222222222222223E-9	1.1111111111111113E-9	4.444444444444445E-9	-2.0011109953944775E-5	8.667777662061145E-5
147.0	0.0	0.0	0.0	0.0	0.0	0.0	0.0	0.0	0.0
148.0	0.0	0.0	0.0	0.0	0.0	0.0	0.0	0.0	0.0
149.0	0.0	0.0	0.0	0.0	0.0	0.0	0.0	0.0	0.0
150.0	0.0	0.0	0.0	0.0	0.0	0.0	0.0	0.0	0.0
151.0	6.666666666666667E-5	1.0E-4	0.0	1.0E-4	2.2222222222222225E-9	4.444444444444445E-9	1.1111111111111113E-9	1.3322223379388567E-5	1.2001110995394477E-4
152.0	0.0	0.0	0.0	0.0	0.0	0.0	0.0	0.0	0.0
153.0	0.0	0.0	0.0	0.0	0.0	0.0	0.0	0.0	0.0
154.0	0.0	0.0	0.0	0.0	0.0	0.0	0.0	0.0	0.0
155.0	0.0	0.0	0.0	0.0	0.0	0.0	0.0	0.0	0.0
156.0	0.0	0.0	0.0	0.0	0.0	0.0	0.0	0.0	0.0
157.0	0.0	0.0	0.0	0.0	0.0	0.0	0.0	0.0	0.0
158.0	0.0	0.0	0.0	0.0	0.0	0.0	0.0	0.0	0.0
159.0	0.0	0.0	0.0	0.0	0.0	0.0	0.0	0.0	0.0
160.0	0.0	0.0	0.0	0.0	0.0	0.0	0.0	0.0	0.0
161.0	0.0	0.0	0.0	0.0	0.0	0.0	0.0	0.0	0.0
162.0	0.0	0.0	0.0	0.0	0.0	0.0	0.0	0.0	0.0
163.0	0.0	0.0	0.0	0.0	0.0	0.0	0.0	0.0	0.0
164.0	0.0	0.0	0.0	0.0	0.0	0.0	0.0	0.0	0.0
165.0	0.0	0.0	0.0	0.0	0.0	0.0	0.0	0.0	0.0
166.0	3.3333333333333335E-5	0.0	0.0	1.0E-4	2.2222222222222225E-9	1.1111111111111113E-9	4.444444444444445E-9	-2.001110995394477E-5	8.667777662061145E-5
167.0	0.0	0.0	0.0	0.0	0.0	0.0	0.0	0.0	0.0
168.0	0.0	0.0	0.0	0.0	0.0	0.0	0.0	0.0	0.0
169.0	3.3333333333333335E-5	0.0	0.0	1.0E-4	2.222222222222223E-9	1.1111111111111113E-9	4.444444444444445E-9	-2.0011109953944775E-5	8.667777662061145E-5
170.0	0.0	0.0	0.0	0.0	0.0	0.0	0.0	0.0	0.0
171.0	0.0	0.0	0.0	0.0	0.0	0.0	0.0	0.0	0.0
172.0	0.0	0.0	0.0	0.0	0.0	0.0	0.0	0.0	0.0
173.0	0.0	0.0	0.0	0.0	0.0	0.0	0.0	0.0	0.0
174.0	3.3333333333333335E-5	0.0	0.0	1.0E-4	2.222222222222223E-9	1.1111111111111113E-9	4.444444444444445E-9	-2.0011109953944775E-5	8.667777662061145E-5
175.0	0.0	0.0	0.0	0.0	0.0	0.0	0.0	0.0	0.0
176.0	0.0	0.0	0.0	0.0	0.0	0.0	0.0	0.0	0.0
177.0	3.3333333333333335E-5	0.0	0.0	1.0E-4	2.2222222222222225E-9	1.1111111111111113E-9	4.444444444444445E-9	-2.001110995394477E-5	8.667777662061145E-5
178.0	3.3333333333333335E-5	0.0	0.0	1.0E-4	2.222222222222223E-9	1.1111111111111113E-9	4.444444444444445E-9	-2.0011109953944775E-5	8.667777662061145E-5
179.0	3.3333333333333335E-5	0.0	0.0	1.0E-4	2.2222222222222225E-9	1.1111111111111113E-9	4.444444444444445E-9	-2.001110995394477E-5	8.667777662061145E-5
180.0	0.0	0.0	0.0	0.0	0.0	0.0	0.0	0.0	0.0
181.0	0.0	0.0	0.0	0.0	0.0	0.0	0.0	0.0	0.0
182.0	0.0	0.0	0.0	0.0	0.0	0.0	0.0	0.0	0.0
183.0	0.0	0.0	0.0	0.0	0.0	0.0	0.0	0.0	0.0
184.0	0.0	0.0	0.0	0.0	0.0	0.0	0.0	0.0	0.0
185.0	0.0	0.0	0.0	0.0	0.0	0.0	0.0	0.0	0.0
186.0	0.0	0.0	0.0	0.0	0.0	0.0	0.0	0.0	0.0
187.0	3.3333333333333335E-5	0.0	0.0	1.0E-4	2.222222222222223E-9	1.1111111111111113E-9	4.444444444444445E-9	-2.0011109953944775E-5	8.667777662061145E-5
188.0	0.0	0.0	0.0	0.0	0.0	0.0	0.0	0.0	0.0
189.0	0.0	0.0	0.0	0.0	0.0	0.0	0.0	0.0	0.0
190.0	0.0	0.0	0.0	0.0	0.0	0.0	0.0	0.0	0.0
191.0	0.0	0.0	0.0	0.0	0.0	0.0	0.0	0.0	0.0
192.0	0.0	0.0	0.0	0.0	0.0	0.0	0.0	0.0	0.0
193.0	6.666666666666667E-5	1.0E-4	0.0	1.0E-4	2.2222222222222225E-9	4.444444444444445E-9	1.1111111111111113E-9	1.3322223379388567E-5	1.2001110995394477E-4
194.0	6.666666666666667E-5	1.0E-4	0.0	1.0E-4	2.222222222222223E-9	4.444444444444445E-9	1.1111111111111113E-9	1.332222337938856E-5	1.2001110995394478E-4
195.0	0.0	0.0	0.0	0.0	0.0	0.0	0.0	0.0	0.0
196.0	6.666666666666667E-5	1.0E-4	0.0	1.0E-4	2.222222222222223E-9	4.444444444444445E-9	1.1111111111111113E-9	1.332222337938856E-5	1.2001110995394478E-4
197.0	0.0	0.0	0.0	0.0	0.0	0.0	0.0	0.0	0.0
198.0	0.0	0.0	0.0	0.0	0.0	0.0	0.0	0.0	0.0
199.0	0.0	0.0	0.0	0.0	0.0	0.0	0.0	0.0	0.0
200.0	0.0	0.0	0.0	0.0	0.0	0.0	0.0	0.0	0.0
201.0	0.0	0.0	0.0	0.0	0.0	0.0	0.0	0.0	0.0
202.0	3.3333333333333335E-5	0.0	0.0	1.0E-4	2.222222222222223E-9	1.1111111111111113E-9	4.444444444444445E-9	-2.0011109953944775E-5	8.667777662061145E-5
203.0	0.0	0.0	0.0	0.0	0.0	0.0	0.0	0.0	0.0
204.0	0.0	0.0	0.0	0.0	0.0	0.0	0.0	0.0	0.0
205.0	3.3333333333333335E-5	0.0	0.0	1.0E-4	2.222222222222223E-9	1.1111111111111113E-9	4.444444444444445E-9	-2.0011109953944775E-5	8.667777662061145E-5
206.0	0.0	0.0	0.0	0.0	0.0	0.0	0.0	0.0	0.0
207.0	0.0	0.0	0.0	0.0	0.0	0.0	0.0	0.0	0.0
208.0	0.0	0.0	0.0	0.0	0.0	0.0	0.0	0.0	0.0
209.0	0.0	0.0	0.0	0.0	0.0	0.0	0.0	0.0	0.0
210.0	3.3333333333333335E-5	0.0	0.0	1.0E-4	2.222222222222223E-9	1.1111111111111113E-9	4.444444444444445E-9	-2.0011109953944775E-5	8.667777662061145E-5
211.0	0.0	0.0	0.0	0.0	0.0	0.0	0.0	0.0	0.0
212.0	0.0	0.0	0.0	0.0	0.0	0.0	0.0	0.0	0.0
213.0	3.3333333333333335E-5	0.0	0.0	1.0E-4	2.222222222222223E-9	1.1111111111111113E-9	4.444444444444445E-9	-2.0011109953944775E-5	8.667777662061145E-5
214.0	0.0	0.0	0.0	0.0	0.0	0.0	0.0	0.0	0.0
215.0	0.0	0.0	0.0	0.0	0.0	0.0	0.0	0.0	0.0
216.0	3.3333333333333335E-5	0.0	0.0	1.0E-4	2.222222222222223E-9	1.1111111111111113E-9	4.444444444444445E-9	-2.0011109953944775E-5	8.667777662061145E-5
217.0	3.3333333333333335E-5	0.0	0.0	1.0E-4	2.222222222222223E-9	1.1111111111111113E-9	4.444444444444445E-9	-2.0011109953944775E-5	8.667777662061145E-5
218.0	0.0	0.0	0.0	0.0	0.0	0.0	0.0	0.0	0.0
219.0	0.0	0.0	0.0	0.0	0.0	0.0	0.0	0.0	0.0
220.0	0.0	0.0	0.0	0.0	0.0	0.0	0.0	0.0	0.0
221.0	0.0	0.0	0.0	0.0	0.0	0.0	0.0	0.0	0.0
222.0	3.3333333333333335E-5	0.0	0.0	1.0E-4	2.222222222222223E-9	1.1111111111111113E-9	4.444444444444445E-9	-2.0011109953944775E-5	8.667777662061145E-5
223.0	0.0	0.0	0.0	0.0	0.0	0.0	0.0	0.0	0.0
224.0	3.3333333333333335E-5	0.0	0.0	1.0E-4	2.2222222222222225E-9	1.1111111111111113E-9	4.444444444444445E-9	-2.001110995394477E-5	8.667777662061145E-5
225.0	0.0	0.0	0.0	0.0	0.0	0.0	0.0	0.0	0.0
226.0	0.0	0.0	0.0	0.0	0.0	0.0	0.0	0.0	0.0
227.0	0.0	0.0	0.0	0.0	0.0	0.0	0.0	0.0	0.0
228.0	6.666666666666667E-5	1.0E-4	0.0	1.0E-4	2.222222222222223E-9	4.444444444444445E-9	1.1111111111111113E-9	1.332222337938856E-5	1.2001110995394478E-4
229.0	0.0	0.0	0.0	0.0	0.0	0.0	0.0	0.0	0.0
230.0	0.0	0.0	0.0	0.0	0.0	0.0	0.0	0.0	0.0
231.0	0.0	0.0	0.0	0.0	0.0	0.0	0.0	0.0	0.0
232.0	0.0	0.0	0.0	0.0	0.0	0.0	0.0	0.0	0.0
233.0	0.0	0.0	0.0	0.0	0.0	0.0	0.0	0.0	0.0
234.0	3.3333333333333335E-5	0.0	0.0	1.0E-4	2.2222222222222225E-9	1.1111111111111113E-9	4.444444444444445E-9	-2.001110995394477E-5	8.667777662061145E-5
235.0	0.0	0.0	0.0	0.0	0.0	0.0	0.0	0.0	0.0
236.0	0.0	0.0	0.0	0.0	0.0	0.0	0.0	0.0	0.0
237.0	0.0	0.0	0.0	0.0	0.0	0.0	0.0	0.0	0.0
238.0	0.0	0.0	0.0	0.0	0.0	0.0	0.0	0.0	0.0
239.0	0.0	0.0	0.0	0.0	0.0	0.0	0.0	0.0	0.0
240.0	0.0	0.0	0.0	0.0	0.0	0.0	0.0	0.0	0.0
241.0	0.0	0.0	0.0	0.0	0.0	0.0	0.0	0.0	0.0
242.0	3.3333333333333335E-5	0.0	0.0	1.0E-4	2.2222222222222225E-9	1.1111111111111113E-9	4.444444444444445E-9	-2.001110995394477E-5	8.667777662061145E-5
243.0	6.666666666666667E-5	0.0	0.0	2.0E-4	8.88888888888889E-9	4.444444444444445E-9	1.777777777777778E-8	-4.002221990788954E-5	1.733555532412229E-4
244.0	0.0	0.0	0.0	0.0	0.0	0.0	0.0	0.0	0.0
245.0	0.0	0.0	0.0	0.0	0.0	0.0	0.0	0.0	0.0
246.0	3.3333333333333335E-5	0.0	0.0	1.0E-4	2.222222222222223E-9	1.1111111111111113E-9	4.444444444444445E-9	-2.0011109953944775E-5	8.667777662061145E-5
247.0	0.0	0.0	0.0	0.0	0.0	0.0	0.0	0.0	0.0
248.0	0.0	0.0	0.0	0.0	0.0	0.0	0.0	0.0	0.0
249.0	3.3333333333333335E-5	0.0	0.0	1.0E-4	2.222222222222223E-9	1.1111111111111113E-9	4.444444444444445E-9	-2.0011109953944775E-5	8.667777662061145E-5
250.0	3.3333333333333335E-5	0.0	0.0	1.0E-4	2.222222222222223E-9	1.1111111111111113E-9	4.444444444444445E-9	-2.0011109953944775E-5	8.667777662061145E-5
251.0	0.0	0.0	0.0	0.0	0.0	0.0	0.0	0.0	0.0
252.0	3.3333333333333335E-5	0.0	0.0	1.0E-4	2.222222222222223E-9	1.1111111111111113E-9	4.444444444444445E-9	-2.0011109953944775E-5	8.667777662061145E-5
253.0	3.3333333333333335E-5	0.0	0.0	1.0E-4	2.2222222222222225E-9	1.1111111111111113E-9	4.444444444444445E-9	-2.001110995394477E-5	8.667777662061145E-5
254.0	0.0	0.0	0.0	0.0	0.0	0.0	0.0	0.0	0.0
255.0	0.0	0.0	0.0	0.0	0.0	0.0	0.0	0.0	0.0
256.0	3.3333333333333335E-5	0.0	0.0	1.0E-4	2.222222222222223E-9	1.1111111111111113E-9	4.444444444444445E-9	-2.0011109953944775E-5	8.667777662061145E-5
257.0	0.0	0.0	0.0	0.0	0.0	0.0	0.0	0.0	0.0
258.0	0.0	0.0	0.0	0.0	0.0	0.0	0.0	0.0	0.0
259.0	6.666666666666667E-5	1.0E-4	0.0	1.0E-4	2.222222222222223E-9	4.444444444444445E-9	1.1111111111111113E-9	1.332222337938856E-5	1.2001110995394478E-4
260.0	0.0	0.0	0.0	0.0	0.0	0.0	0.0	0.0	0.0
261.0	0.0	0.0	0.0	0.0	0.0	0.0	0.0	0.0	0.0
262.0	6.666666666666667E-5	1.0E-4	0.0	1.0E-4	2.222222222222223E-9	4.444444444444445E-9	1.1111111111111113E-9	1.332222337938856E-5	1.2001110995394478E-4
263.0	0.0	0.0	0.0	0.0	0.0	0.0	0.0	0.0	0.0
264.0	0.0	0.0	0.0	0.0	0.0	0.0	0.0	0.0	0.0
265.0	0.0	0.0	0.0	0.0	0.0	0.0	0.0	0.0	0.0
266.0	0.0	0.0	0.0	0.0	0.0	0.0	0.0	0.0	0.0
267.0	3.3333333333333335E-5	0.0	0.0	1.0E-4	2.2222222222222225E-9	1.1111111111111113E-9	4.444444444444445E-9	-2.001110995394477E-5	8.667777662061145E-5
268.0	3.3333333333333335E-5	0.0	0.0	1.0E-4	2.2222222222222225E-9	1.1111111111111113E-9	4.444444444444445E-9	-2.001110995394477E-5	8.667777662061145E-5
269.0	0.0	0.0	0.0	0.0	0.0	0.0	0.0	0.0	0.0
270.0	0.0	0.0	0.0	0.0	0.0	0.0	0.0	0.0	0.0
271.0	3.3333333333333335E-5	0.0	0.0	1.0E-4	2.2222222222222225E-9	1.1111111111111113E-9	4.444444444444445E-9	-2.001110995394477E-5	8.667777662061145E-5
272.0	6.666666666666667E-5	0.0	0.0	2.0E-4	8.88888888888889E-9	4.444444444444445E-9	1.777777777777778E-8	-4.002221990788954E-5	1.733555532412229E-4
273.0	0.0	0.0	0.0	0.0	0.0	0.0	0.0	0.0	0.0
274.0	0.0	0.0	0.0	0.0	0.0	0.0	0.0	0.0	0.0
275.0	0.0	0.0	0.0	0.0	0.0	0.0	0.0	0.0	0.0
276.0	0.0	0.0	0.0	0.0	0.0	0.0	0.0	0.0	0.0
277.0	0.0	0.0	0.0	0.0	0.0	0.0	0.0	0.0	0.0
278.0	0.0	0.0	0.0	0.0	0.0	0.0	0.0	0.0	0.0
279.0	0.0	0.0	0.0	0.0	0.0	0.0	0.0	0.0	0.0
280.0	0.0	0.0	0.0	0.0	0.0	0.0	0.0	0.0	0.0
281.0	3.3333333333333335E-5	0.0	0.0	1.0E-4	2.2222222222222225E-9	1.1111111111111113E-9	4.444444444444445E-9	-2.001110995394477E-5	8.667777662061145E-5
282.0	0.0	0.0	0.0	0.0	0.0	0.0	0.0	0.0	0.0
283.0	0.0	0.0	0.0	0.0	0.0	0.0	0.0	0.0	0.0
284.0	0.0	0.0	0.0	0.0	0.0	0.0	0.0	0.0	0.0
285.0	0.0	0.0	0.0	0.0	0.0	0.0	0.0	0.0	0.0
286.0	0.0	0.0	0.0	0.0	0.0	0.0	0.0	0.0	0.0
287.0	0.0	0.0	0.0	0.0	0.0	0.0	0.0	0.0	0.0
288.0	0.0	0.0	0.0	0.0	0.0	0.0	0.0	0.0	0.0
289.0	0.0	0.0	0.0	0.0	0.0	0.0	0.0	0.0	0.0
290.0	0.0	0.0	0.0	0.0	0.0	0.0	0.0	0.0	0.0
291.0	0.0	0.0	0.0	0.0	0.0	0.0	0.0	0.0	0.0
292.0	0.0	0.0	0.0	0.0	0.0	0.0	0.0	0.0	0.0
293.0	0.0	0.0	0.0	0.0	0.0	0.0	0.0	0.0	0.0
294.0	0.0	0.0	0.0	0.0	0.0	0.0	0.0	0.0	0.0
295.0	0.0	0.0	0.0	0.0	0.0	0.0	0.0	0.0	0.0
296.0	0.0	0.0	0.0	0.0	0.0	0.0	0.0	0.0	0.0
297.0	0.0	0.0	0.0	0.0	0.0	0.0	0.0	0.0	0.0
298.0	3.3333333333333335E-5	0.0	0.0	1.0E-4	2.222222222222223E-9	1.1111111111111113E-9	4.444444444444445E-9	-2.0011109953944775E-5	8.667777662061145E-5
299.0	0.0	0.0	0.0	0.0	0.0	0.0	0.0	0.0	0.0
300.0	3.3333333333333335E-5	0.0	0.0	1.0E-4	2.2222222222222225E-9	1.1111111111111113E-9	4.444444444444445E-9	-2.001110995394477E-5	8.667777662061145E-5
301.0	0.0	0.0	0.0	0.0	0.0	0.0	0.0	0.0	0.0
302.0	0.0	0.0	0.0	0.0	0.0	0.0	0.0	0.0	0.0
303.0	0.0	0.0	0.0	0.0	0.0	0.0	0.0	0.0	0.0
304.0	0.0	0.0	0.0	0.0	0.0	0.0	0.0	0.0	0.0
305.0	0.0	0.0	0.0	0.0	0.0	0.0	0.0	0.0	0.0
306.0	0.0	0.0	0.0	0.0	0.0	0.0	0.0	0.0	0.0
307.0	3.3333333333333335E-5	0.0	0.0	1.0E-4	2.2222222222222225E-9	1.1111111111111113E-9	4.444444444444445E-9	-2.001110995394477E-5	8.667777662061145E-5
308.0	0.0	0.0	0.0	0.0	0.0	0.0	0.0	0.0	0.0
309.0	0.0	0.0	0.0	0.0	0.0	0.0	0.0	0.0	0.0
310.0	0.0	0.0	0.0	0.0	0.0	0.0	0.0	0.0	0.0
311.0	0.0	0.0	0.0	0.0	0.0	0.0	0.0	0.0	0.0
312.0	0.0	0.0	0.0	0.0	0.0	0.0	0.0	0.0	0.0
313.0	0.0	0.0	0.0	0.0	0.0	0.0	0.0	0.0	0.0
314.0	0.0	0.0	0.0	0.0	0.0	0.0	0.0	0.0	0.0
315.0	0.0	0.0	0.0	0.0	0.0	0.0	0.0	0.0	0.0
316.0	0.0	0.0	0.0	0.0	0.0	0.0	0.0	0.0	0.0
317.0	0.0	0.0	0.0	0.0	0.0	0.0	0.0	0.0	0.0
318.0	3.3333333333333335E-5	0.0	0.0	1.0E-4	2.222222222222223E-9	1.1111111111111113E-9	4.444444444444445E-9	-2.0011109953944775E-5	8.667777662061145E-5
319.0	0.0	0.0	0.0	0.0	0.0	0.0	0.0	0.0	0.0
320.0	0.0	0.0	0.0	0.0	0.0	0.0	0.0	0.0	0.0
321.0	0.0	0.0	0.0	0.0	0.0	0.0	0.0	0.0	0.0
322.0	0.0	0.0	0.0	0.0	0.0	0.0	0.0	0.0	0.0
323.0	0.0	0.0	0.0	0.0	0.0	0.0	0.0	0.0	0.0
324.0	0.0	0.0	0.0	0.0	0.0	0.0	0.0	0.0	0.0
325.0	0.0	0.0	0.0	0.0	0.0	0.0	0.0	0.0	0.0
326.0	0.0	0.0	0.0	0.0	0.0	0.0	0.0	0.0	0.0
327.0	0.0	0.0	0.0	0.0	0.0	0.0	0.0	0.0	0.0
328.0	0.0	0.0	0.0	0.0	0.0	0.0	0.0	0.0	0.0
329.0	0.0	0.0	0.0	0.0	0.0	0.0	0.0	0.0	0.0
330.0	0.0	0.0	0.0	0.0	0.0	0.0	0.0	0.0	0.0
331.0	0.0	0.0	0.0	0.0	0.0	0.0	0.0	0.0	0.0
332.0	0.0	0.0	0.0	0.0	0.0	0.0	0.0	0.0	0.0
333.0	0.0	0.0	0.0	0.0	0.0	0.0	0.0	0.0	0.0
334.0	0.0	0.0	0.0	0.0	0.0	0.0	0.0	0.0	0.0
335.0	0.0	0.0	0.0	0.0	0.0	0.0	0.0	0.0	0.0
336.0	0.0	0.0	0.0	0.0	0.0	0.0	0.0	0.0	0.0
337.0	0.0	0.0	0.0	0.0	0.0	0.0	0.0	0.0	0.0
338.0	0.0	0.0	0.0	0.0	0.0	0.0	0.0	0.0	0.0
339.0	0.0	0.0	0.0	0.0	0.0	0.0	0.0	0.0	0.0
340.0	0.0	0.0	0.0	0.0	0.0	0.0	0.0	0.0	0.0
341.0	0.0	0.0	0.0	0.0	0.0	0.0	0.0	0.0	0.0
342.0	0.0	0.0	0.0	0.0	0.0	0.0	0.0	0.0	0.0
343.0	0.0	0.0	0.0	0.0	0.0	0.0	0.0	0.0	0.0
344.0	0.0	0.0	0.0	0.0	0.0	0.0	0.0	0.0	0.0
345.0	0.0	0.0	0.0	0.0	0.0	0.0	0.0	0.0	0.0
346.0	0.0	0.0	0.0	0.0	0.0	0.0	0.0	0.0	0.0
347.0	3.3333333333333335E-5	0.0	0.0	1.0E-4	2.2222222222222225E-9	1.1111111111111113E-9	4.444444444444445E-9	-2.001110995394477E-5	8.667777662061145E-5
348.0	0.0	0.0	0.0	0.0	0.0	0.0	0.0	0.0	0.0
349.0	0.0	0.0	0.0	0.0	0.0	0.0	0.0	0.0	0.0
350.0	0.0	0.0	0.0	0.0	0.0	0.0	0.0	0.0	0.0
351.0	0.0	0.0	0.0	0.0	0.0	0.0	0.0	0.0	0.0
352.0	0.0	0.0	0.0	0.0	0.0	0.0	0.0	0.0	0.0
353.0	0.0	0.0	0.0	0.0	0.0	0.0	0.0	0.0	0.0
354.0	0.0	0.0	0.0	0.0	0.0	0.0	0.0	0.0	0.0
355.0	0.0	0.0	0.0	0.0	0.0	0.0	0.0	0.0	0.0
356.0	0.0	0.0	0.0	0.0	0.0	0.0	0.0	0.0	0.0
357.0	0.0	0.0	0.0	0.0	0.0	0.0	0.0	0.0	0.0
358.0	0.0	0.0	0.0	0.0	0.0	0.0	0.0	0.0	0.0
359.0	0.0	0.0	0.0	0.0	0.0	0.0	0.0	0.0	0.0
360.0	0.0	0.0	0.0	0.0	0.0	0.0	0.0	0.0	0.0
361.0	0.0	0.0	0.0	0.0	0.0	0.0	0.0	0.0	0.0
362.0	0.0	0.0	0.0	0.0	0.0	0.0	0.0	0.0	0.0
363.0	3.3333333333333335E-5	0.0	0.0	1.0E-4	2.222222222222223E-9	1.1111111111111113E-9	4.444444444444445E-9	-2.0011109953944775E-5	8.667777662061145E-5
364.0	0.0	0.0	0.0	0.0	0.0	0.0	0.0	0.0	0.0
365.0	0.0	0.0	0.0	0.0	0.0	0.0	0.0	0.0	0.0
366.0	0.0	0.0	0.0	0.0	0.0	0.0	0.0	0.0	0.0
367.0	0.0	0.0	0.0	0.0	0.0	0.0	0.0	0.0	0.0
368.0	3.3333333333333335E-5	0.0	0.0	1.0E-4	2.222222222222223E-9	1.1111111111111113E-9	4.444444444444445E-9	-2.0011109953944775E-5	8.667777662061145E-5
