0.0	0.0	0.0	0.0	0.0	0.0	0.0	0.0	0.0	0.0
1.0	0.0015431237893523168	0.0014102951546287902	0.0014067524115755627	0.0018123238018525976	3.6236415203132514E-8	1.8120299439623102E-8	7.246864673015133E-8	0.0013277126996932235	0.00175853487901141
2.0	0.111364925718131	0.11296818364881192	0.10607434270172257	0.11505225080385852	1.4719023644545337E-5	2.799026865350934E-5	8.083401140063338E-6	0.10702347430057929	0.11570637713568271
3.0	0.3402047208977035	0.3452572347266881	0.3290017125012592	0.3463552154651631	6.295462551574422E-5	1.2550739713080105E-4	3.167823970821579E-5	0.3312261076161088	0.34918333417929814
4.0	0.2712741695995598	0.27269064168429535	0.26721707611759965	0.27391479099678456	8.479760683893292E-6	1.6460007521363535E-5	4.489637265158172E-6	0.2679789281494662	0.2745694110496534
5.0	0.14555360906866469	0.14737584365870857	0.14107717041800644	0.1482078131292791	1.0134613696547175E-5	2.0038502993107042E-5	5.182669048267242E-6	0.14195115009472964	0.14915606804259973
6.0	0.06722311551674015	0.06769416742218193	0.06604913411196134	0.06792604501607717	6.980773724749858E-7	1.3782323387664333E-6	3.579998893292621E-7	0.06627764666759706	0.06816858436588324
7.0	0.02707437286886148	0.025070479258960936	0.022909967845659164	0.03324267150196434	1.9801922274737174E-5	1.0678929398536448E-5	3.8047908027138625E-5	0.022038797277444268	0.03210994846027869
8.0	0.011607413255867624	0.010952572347266881	0.009162303664921465	0.014707363755414525	5.3390235423183405E-6	3.2036887636569705E-6	9.609693099641081E-6	0.008992686192981318	0.01422214031875393
9.0	0.007582183460257324	0.006631832797427652	0.005839710028191704	0.010275007555152614	3.7302272166146587E-6	1.9696900218976682E-6	7.25130160604864E-6	0.005396621680809693	0.009767745239704955
10.0	0.00389175931175363	0.0038260169150221507	0.003215434083601286	0.004633826936637453	3.3746741228801254E-7	2.308689384816597E-7	5.506643599007182E-7	0.003234387065344837	0.004549131558162423
11.0	0.0024490503906652076	0.0022106109324758843	0.0019130084575110754	0.003223531782008663	3.1467191828617725E-7	1.7209716466061862E-7	5.998214255372947E-7	0.0018142686325550734	0.0030838321487753418
12.0	0.0013083110855271413	0.0013062700964630225	9.061619009262988E-4	0.0017125012591921024	1.0836594293293127E-7	8.086406615574119E-8	1.6336969648731142E-7	9.357977272113403E-4	0.0016808244438429423
13.0	0.0012414408649729749	0.0012082158679017317	9.043408360128617E-4	0.0016117658910043315	8.396031828680609E-8	5.737016497764663E-8	1.37140624905125E-7	9.135476106301454E-4	0.0015693341193158043
14.0	9.390155156872945E-4	0.0010068465565847766	6.044122091266244E-4	0.0012057877813504824	6.257595486588006E-8	1.119593727613338E-7	3.78842459181532E-8	6.55942033935786E-4	0.001222088997438803
15.0	5.368164678425503E-4	6.041079339508659E-4	4.0192926045016077E-4	6.044122091266244E-4	9.097294789622521E-9	1.8194558718117494E-8	4.548662825375034E-9	4.288841315328451E-4	6.447488041522554E-4
16.0	4.6957520469229297E-4	5.024115755627009E-4	3.022061045633122E-4	6.041079339508659E-4	1.5729899390561416E-8	2.8012415677984798E-8	9.588641246849725E-9	3.276503636686245E-4	6.115000457159615E-4
17.0	6.038046779175771E-4	6.041079339508659E-4	6.028938906752412E-4	6.044122091266244E-4	4.3019726416475895E-13	8.295334008018306E-13	2.305291958462232E-13	6.030624637054578E-4	6.045468921296964E-4
18.0	3.018685306059265E-4	3.014469453376206E-4	1.0073536818777072E-4	5.034232782923883E-4	2.7026347691139986E-8	2.0227363379233343E-8	4.0624316314953275E-8	1.1583590148737339E-4	4.8790115972447963E-4
19.0	3.017336369086349E-4	3.0205396697543293E-4	1.0073536818777072E-4	5.024115755627009E-4	2.6890680567527175E-8	4.040030402878472E-8	2.0135868836898397E-8	1.1616851943571793E-4	4.8729875438155185E-4
20.0	1.677741209350123E-4	2.013693113169553E-4	1.0048231511254019E-4	2.0147073637554144E-4	2.2640952799317313E-9	4.5281871308492925E-9	1.1320493544729505E-9	1.1392944175688696E-4	2.2161880011313767E-4
21.0	2.0111642809880306E-4	1.0073536818777072E-4	1.0068465565847765E-4	4.0192926045016077E-4	2.016289724711402E-8	1.0081449052183784E-8	4.03257936369745E-8	4.04326951900098E-5	3.618001610075963E-4
22.0	1.6775721675858129E-4	1.0073536818777072E-4	1.0048231511254019E-4	3.0205396697543293E-4	9.017819232046868E-9	4.508920288666582E-9	1.8035617118807442E-8	6.029737253474846E-5	2.752170609824141E-4
23.0	2.0118387494744887E-4	2.013693113169553E-4	1.0073536818777072E-4	3.014469453376206E-4	6.714206726986924E-9	1.0089902510249107E-8	5.0263588353558335E-9	1.0845973827960141E-4	2.9390801161529635E-4
24.0	1.3428001589749892E-4	2.013693113169553E-4	0.0	2.0147073637554144E-4	9.015563049223365E-9	1.8031122669432562E-8	4.5077832391187676E-9	2.6833615290969385E-5	2.4172641650402845E-4
25.0	6.705565692367262E-5	1.0048231511254019E-4	0.0	1.0068465565847765E-4	2.24823738634873E-9	4.496461125465284E-9	1.124125516790453E-9	1.3399875180548602E-5	1.2071143866679664E-4
26.0	3.3561551886159215E-5	0.0	0.0	1.0068465565847765E-4	2.252755530014715E-9	1.1263777650073572E-9	4.5055110600294305E-9	-2.0148117150568642E-5	8.727122092288707E-5
27.0	2.6827334022398356E-4	3.022061045633122E-4	1.0068465565847765E-4	4.0192926045016077E-4	1.5700434900537098E-8	2.808596719439664E-8	9.507668753607329E-9	1.2648148489382795E-4	4.1006519555413916E-4
28.0	1.0065101716269388E-4	1.0048231511254019E-4	0.0	2.0147073637554144E-4	6.765090499474682E-9	5.065327858133312E-9	1.0164615782157423E-8	7.5761876565702655E-6	1.937258466688175E-4
29.0	3.3561551886159215E-5	0.0	0.0	1.0068465565847765E-4	2.252755530014715E-9	1.1263777650073572E-9	4.5055110600294305E-9	-2.0148117150568642E-5	8.727122092288707E-5
30.0	6.712310377231843E-5	0.0	0.0	2.013693113169553E-4	9.01102212005886E-9	4.505511060029429E-9	1.8022044240117722E-8	-4.0296234301137284E-5	1.7454244184577413E-4
31.0	6.714000794874946E-5	1.0068465565847765E-4	0.0	1.0073536818777072E-4	2.2538907623058413E-9	4.5077806673581404E-9	1.1269458097796919E-9	1.3416807645484692E-5	1.2086320825201422E-4
32.0	0.0	0.0	0.0	0.0	0.0	0.0	0.0	0.0	0.0
33.0	3.357845606259024E-5	0.0	0.0	1.0073536818777072E-4	2.2550254230946064E-9	1.1275127115473034E-9	4.510050846189212E-9	-2.0158265290565895E-5	8.731517741574637E-5
34.0	6.712310377231843E-5	0.0	0.0	2.013693113169553E-4	9.01102212005886E-9	4.505511060029429E-9	1.8022044240117722E-8	-4.0296234301137284E-5	1.7454244184577413E-4
35.0	0.0	0.0	0.0	0.0	0.0	0.0	0.0	0.0	0.0
36.0	1.6775721675858129E-4	1.0073536818777072E-4	1.0048231511254019E-4	3.0205396697543293E-4	9.017819232046868E-9	4.508920288666582E-9	1.8035617118807442E-8	6.029737253474846E-5	2.752170609824141E-4
37.0	0.0	0.0	0.0	0.0	0.0	0.0	0.0	0.0	0.0
38.0	3.34941050375134E-5	0.0	0.0	1.0048231511254019E-4	2.243710144527961E-9	1.1218550722639804E-9	4.4874202890559214E-9	-2.0107626561439677E-5	8.709583663646646E-5
39.0	3.3561551886159215E-5	0.0	0.0	1.0068465565847765E-4	2.252755530014715E-9	1.1263777650073572E-9	4.5055110600294305E-9	-2.0148117150568642E-5	8.727122092288707E-5
40.0	6.712310377231843E-5	0.0	0.0	2.013693113169553E-4	9.01102212005886E-9	4.505511060029429E-9	1.8022044240117722E-8	-4.0296234301137284E-5	1.7454244184577413E-4
41.0	0.0	0.0	0.0	0.0	0.0	0.0	0.0	0.0	0.0
42.0	3.3561551886159215E-5	0.0	0.0	1.0068465565847765E-4	2.252755530014715E-9	1.1263777650073572E-9	4.5055110600294305E-9	-2.0148117150568642E-5	8.727122092288707E-5
43.0	0.0	0.0	0.0	0.0	0.0	0.0	0.0	0.0	0.0
44.0	0.0	0.0	0.0	0.0	0.0	0.0	0.0	0.0	0.0
45.0	3.357845606259024E-5	0.0	0.0	1.0073536818777072E-4	2.2550254230946064E-9	1.1275127115473034E-9	4.510050846189212E-9	-2.0158265290565895E-5	8.731517741574637E-5
46.0	0.0	0.0	0.0	0.0	0.0	0.0	0.0	0.0	0.0
47.0	0.0	0.0	0.0	0.0	0.0	0.0	0.0	0.0	0.0
48.0	0.0	0.0	0.0	0.0	0.0	0.0	0.0	0.0	0.0
49.0	0.0	0.0	0.0	0.0	0.0	0.0	0.0	0.0	0.0
50.0	6.714000794874946E-5	1.0068465565847765E-4	0.0	1.0073536818777072E-4	2.2538907623058413E-9	4.5077806673581404E-9	1.1269458097796919E-9	1.3416807645484692E-5	1.2086320825201422E-4
51.0	6.707256110010365E-5	1.0048231511254019E-4	0.0	1.0073536818777072E-4	2.249374898906715E-9	4.498728452527137E-9	1.1246981220965041E-9	1.3403207301000137E-5	1.2074191489920715E-4
52.0	0.0	0.0	0.0	0.0	0.0	0.0	0.0	0.0	0.0
53.0	6.705565692367262E-5	1.0048231511254019E-4	0.0	1.0068465565847765E-4	2.24823738634873E-9	4.496461125465284E-9	1.124125516790453E-9	1.3399875180548602E-5	1.2071143866679664E-4
54.0	3.3561551886159215E-5	0.0	0.0	1.0068465565847765E-4	2.252755530014715E-9	1.1263777650073572E-9	4.5055110600294305E-9	-2.0148117150568642E-5	8.727122092288707E-5
55.0	0.0	0.0	0.0	0.0	0.0	0.0	0.0	0.0	0.0
56.0	0.0	0.0	0.0	0.0	0.0	0.0	0.0	0.0	0.0
57.0	0.0	0.0	0.0	0.0	0.0	0.0	0.0	0.0	0.0
58.0	3.34941050375134E-5	0.0	0.0	1.0048231511254019E-4	2.243710144527961E-9	1.1218550722639804E-9	4.4874202890559214E-9	-2.0107626561439677E-5	8.709583663646646E-5
59.0	3.3561551886159215E-5	0.0	0.0	1.0068465565847765E-4	2.252755530014715E-9	1.1263777650073572E-9	4.5055110600294305E-9	-2.0148117150568642E-5	8.727122092288707E-5
60.0	0.0	0.0	0.0	0.0	0.0	0.0	0.0	0.0	0.0
61.0	0.0	0.0	0.0	0.0	0.0	0.0	0.0	0.0	0.0
62.0	3.3561551886159215E-5	0.0	0.0	1.0068465565847765E-4	2.252755530014715E-9	1.1263777650073572E-9	4.5055110600294305E-9	-2.0148117150568642E-5	8.727122092288707E-5
63.0	0.0	0.0	0.0	0.0	0.0	0.0	0.0	0.0	0.0
64.0	3.34941050375134E-5	0.0	0.0	1.0048231511254019E-4	2.243710144527961E-9	1.1218550722639804E-9	4.4874202890559214E-9	-2.0107626561439677E-5	8.709583663646646E-5
65.0	0.0	0.0	0.0	0.0	0.0	0.0	0.0	0.0	0.0
66.0	0.0	0.0	0.0	0.0	0.0	0.0	0.0	0.0	0.0
67.0	0.0	0.0	0.0	0.0	0.0	0.0	0.0	0.0	0.0
68.0	0.0	0.0	0.0	0.0	0.0	0.0	0.0	0.0	0.0
69.0	0.0	0.0	0.0	0.0	0.0	0.0	0.0	0.0	0.0
70.0	0.0	0.0	0.0	0.0	0.0	0.0	0.0	0.0	0.0
71.0	0.0	0.0	0.0	0.0	0.0	0.0	0.0	0.0	0.0
72.0	0.0	0.0	0.0	0.0	0.0	0.0	0.0	0.0	0.0
73.0	0.0	0.0	0.0	0.0	0.0	0.0	0.0	0.0	0.0
74.0	0.0	0.0	0.0	0.0	0.0	0.0	0.0	0.0	0.0
75.0	3.34941050375134E-5	0.0	0.0	1.0048231511254019E-4	2.243710144527961E-9	1.1218550722639804E-9	4.4874202890559214E-9	-2.0107626561439677E-5	8.709583663646646E-5
76.0	0.0	0.0	0.0	0.0	0.0	0.0	0.0	0.0	0.0
77.0	0.0	0.0	0.0	0.0	0.0	0.0	0.0	0.0	0.0
78.0	0.0	0.0	0.0	0.0	0.0	0.0	0.0	0.0	0.0
79.0	3.3561551886159215E-5	0.0	0.0	1.0068465565847765E-4	2.252755530014715E-9	1.1263777650073572E-9	4.5055110600294305E-9	-2.0148117150568642E-5	8.727122092288707E-5
80.0	0.0	0.0	0.0	0.0	0.0	0.0	0.0	0.0	0.0
81.0	0.0	0.0	0.0	0.0	0.0	0.0	0.0	0.0	0.0
82.0	0.0	0.0	0.0	0.0	0.0	0.0	0.0	0.0	0.0
83.0	0.0	0.0	0.0	0.0	0.0	0.0	0.0	0.0	0.0
84.0	0.0	0.0	0.0	0.0	0.0	0.0	0.0	0.0	0.0
85.0	3.3561551886159215E-5	0.0	0.0	1.0068465565847765E-4	2.252755530014715E-9	1.1263777650073572E-9	4.5055110600294305E-9	-2.0148117150568642E-5	8.727122092288707E-5
86.0	3.3561551886159215E-5	0.0	0.0	1.0068465565847765E-4	2.252755530014715E-9	1.1263777650073572E-9	4.5055110600294305E-9	-2.0148117150568642E-5	8.727122092288707E-5
87.0	0.0	0.0	0.0	0.0	0.0	0.0	0.0	0.0	0.0
88.0	0.0	0.0	0.0	0.0	0.0	0.0	0.0	0.0	0.0
89.0	3.357845606259024E-5	0.0	0.0	1.0073536818777072E-4	2.2550254230946064E-9	1.1275127115473034E-9	4.510050846189212E-9	-2.0158265290565895E-5	8.731517741574637E-5
90.0	0.0	0.0	0.0	0.0	0.0	0.0	0.0	0.0	0.0
91.0	0.0	0.0	0.0	0.0	0.0	0.0	0.0	0.0	0.0
92.0	0.0	0.0	0.0	0.0	0.0	0.0	0.0	0.0	0.0
93.0	0.0	0.0	0.0	0.0	0.0	0.0	0.0	0.0	0.0
94.0	0.0	0.0	0.0	0.0	0.0	0.0	0.0	0.0	0.0
95.0	0.0	0.0	0.0	0.0	0.0	0.0	0.0	0.0	0.0
96.0	0.0	0.0	0.0	0.0	0.0	0.0	0.0	0.0	0.0
97.0	0.0	0.0	0.0	0.0	0.0	0.0	0.0	0.0	0.0
98.0	0.0	0.0	0.0	0.0	0.0	0.0	0.0	0.0	0.0
99.0	0.0	0.0	0.0	0.0	0.0	0.0	0.0	0.0	0.0
100.0	0.0	0.0	0.0	0.0	0.0	0.0	0.0	0.0	0.0
101.0	0.0	0.0	0.0	0.0	0.0	0.0	0.0	0.0	0.0
102.0	0.0	0.0	0.0	0.0	0.0	0.0	0.0	0.0	0.0
103.0	0.0	0.0	0.0	0.0	0.0	0.0	0.0	0.0	0.0
104.0	3.357845606259024E-5	0.0	0.0	1.0073536818777072E-4	2.2550254230946064E-9	1.1275127115473034E-9	4.510050846189212E-9	-2.0158265290565895E-5	8.731517741574637E-5
105.0	6.69882100750268E-5	0.0	0.0	2.0096463022508038E-4	8.974840578111845E-9	4.4874202890559214E-9	1.7949681156223686E-8	-4.021525312287935E-5	1.7419167327293293E-4
106.0	0.0	0.0	0.0	0.0	0.0	0.0	0.0	0.0	0.0
107.0	0.0	0.0	0.0	0.0	0.0	0.0	0.0	0.0	0.0
108.0	0.0	0.0	0.0	0.0	0.0	0.0	0.0	0.0	0.0
109.0	0.0	0.0	0.0	0.0	0.0	0.0	0.0	0.0	0.0
110.0	0.0	0.0	0.0	0.0	0.0	0.0	0.0	0.0	0.0
111.0	0.0	0.0	0.0	0.0	0.0	0.0	0.0	0.0	0.0
112.0	0.0	0.0	0.0	0.0	0.0	0.0	0.0	0.0	0.0
113.0	0.0	0.0	0.0	0.0	0.0	0.0	0.0	0.0	0.0
114.0	3.3561551886159215E-5	0.0	0.0	1.0068465565847765E-4	2.252755530014715E-9	1.1263777650073572E-9	4.5055110600294305E-9	-2.0148117150568642E-5	8.727122092288707E-5
115.0	0.0	0.0	0.0	0.0	0.0	0.0	0.0	0.0	0.0
116.0	0.0	0.0	0.0	0.0	0.0	0.0	0.0	0.0	0.0
117.0	0.0	0.0	0.0	0.0	0.0	0.0	0.0	0.0	0.0
118.0	0.0	0.0	0.0	0.0	0.0	0.0	0.0	0.0	0.0
119.0	0.0	0.0	0.0	0.0	0.0	0.0	0.0	0.0	0.0
120.0	0.0	0.0	0.0	0.0	0.0	0.0	0.0	0.0	0.0
121.0	0.0	0.0	0.0	0.0	0.0	0.0	0.0	0.0	0.0
122.0	0.0	0.0	0.0	0.0	0.0	0.0	0.0	0.0	0.0
123.0	0.0	0.0	0.0	0.0	0.0	0.0	0.0	0.0	0.0
124.0	0.0	0.0	0.0	0.0	0.0	0.0	0.0	0.0	0.0
125.0	0.0	0.0	0.0	0.0	0.0	0.0	0.0	0.0	0.0
126.0	0.0	0.0	0.0	0.0	0.0	0.0	0.0	0.0	0.0
127.0	0.0	0.0	0.0	0.0	0.0	0.0	0.0	0.0	0.0
128.0	0.0	0.0	0.0	0.0	0.0	0.0	0.0	0.0	0.0
129.0	3.34941050375134E-5	0.0	0.0	1.0048231511254019E-4	2.243710144527961E-9	1.1218550722639804E-9	4.4874202890559214E-9	-2.0107626561439677E-5	8.709583663646646E-5
130.0	3.34941050375134E-5	0.0	0.0	1.0048231511254019E-4	2.243710144527961E-9	1.1218550722639804E-9	4.4874202890559214E-9	-2.0107626561439677E-5	8.709583663646646E-5
131.0	0.0	0.0	0.0	0.0	0.0	0.0	0.0	0.0	0.0
132.0	0.0	0.0	0.0	0.0	0.0	0.0	0.0	0.0	0.0
133.0	0.0	0.0	0.0	0.0	0.0	0.0	0.0	0.0	0.0
134.0	0.0	0.0	0.0	0.0	0.0	0.0	0.0	0.0	0.0
135.0	0.0	0.0	0.0	0.0	0.0	0.0	0.0	0.0	0.0
136.0	3.34941050375134E-5	0.0	0.0	1.0048231511254019E-4	2.243710144527961E-9	1.1218550722639804E-9	4.4874202890559214E-9	-2.0107626561439677E-5	8.709583663646646E-5
137.0	0.0	0.0	0.0	0.0	0.0	0.0	0.0	0.0	0.0
138.0	0.0	0.0	0.0	0.0	0.0	0.0	0.0	0.0	0.0
139.0	0.0	0.0	0.0	0.0	0.0	0.0	0.0	0.0	0.0
140.0	0.0	0.0	0.0	0.0	0.0	0.0	0.0	0.0	0.0
141.0	0.0	0.0	0.0	0.0	0.0	0.0	0.0	0.0	0.0
142.0	0.0	0.0	0.0	0.0	0.0	0.0	0.0	0.0	0.0
143.0	0.0	0.0	0.0	0.0	0.0	0.0	0.0	0.0	0.0
144.0	0.0	0.0	0.0	0.0	0.0	0.0	0.0	0.0	0.0
145.0	0.0	0.0	0.0	0.0	0.0	0.0	0.0	0.0	0.0
146.0	3.357845606259024E-5	0.0	0.0	1.0073536818777072E-4	2.2550254230946064E-9	1.1275127115473034E-9	4.510050846189212E-9	-2.0158265290565895E-5	8.731517741574637E-5
147.0	0.0	0.0	0.0	0.0	0.0	0.0	0.0	0.0	0.0
148.0	0.0	0.0	0.0	0.0	0.0	0.0	0.0	0.0	0.0
149.0	0.0	0.0	0.0	0.0	0.0	0.0	0.0	0.0	0.0
150.0	0.0	0.0	0.0	0.0	0.0	0.0	0.0	0.0	0.0
151.0	6.707256110010365E-5	1.0048231511254019E-4	0.0	1.0073536818777072E-4	2.249374898906715E-9	4.498728452527137E-9	1.1246981220965041E-9	1.3403207301000137E-5	1.2074191489920715E-4
152.0	0.0	0.0	0.0	0.0	0.0	0.0	0.0	0.0	0.0
153.0	0.0	0.0	0.0	0.0	0.0	0.0	0.0	0.0	0.0
154.0	0.0	0.0	0.0	0.0	0.0	0.0	0.0	0.0	0.0
155.0	0.0	0.0	0.0	0.0	0.0	0.0	0.0	0.0	0.0
156.0	0.0	0.0	0.0	0.0	0.0	0.0	0.0	0.0	0.0
157.0	0.0	0.0	0.0	0.0	0.0	0.0	0.0	0.0	0.0
158.0	0.0	0.0	0.0	0.0	0.0	0.0	0.0	0.0	0.0
159.0	0.0	0.0	0.0	0.0	0.0	0.0	0.0	0.0	0.0
160.0	0.0	0.0	0.0	0.0	0.0	0.0	0.0	0.0	0.0
161.0	0.0	0.0	0.0	0.0	0.0	0.0	0.0	0.0	0.0
162.0	0.0	0.0	0.0	0.0	0.0	0.0	0.0	0.0	0.0
163.0	0.0	0.0	0.0	0.0	0.0	0.0	0.0	0.0	0.0
164.0	0.0	0.0	0.0	0.0	0.0	0.0	0.0	0.0	0.0
165.0	0.0	0.0	0.0	0.0	0.0	0.0	0.0	0.0	0.0
166.0	3.3561551886159215E-5	0.0	0.0	1.0068465565847765E-4	2.252755530014715E-9	1.1263777650073572E-9	4.5055110600294305E-9	-2.0148117150568642E-5	8.727122092288707E-5
167.0	0.0	0.0	0.0	0.0	0.0	0.0	0.0	0.0	0.0
168.0	0.0	0.0	0.0	0.0	0.0	0.0	0.0	0.0	0.0
169.0	3.34941050375134E-5	0.0	0.0	1.0048231511254019E-4	2.243710144527961E-9	1.1218550722639804E-9	4.4874202890559214E-9	-2.0107626561439677E-5	8.709583663646646E-5
170.0	0.0	0.0	0.0	0.0	0.0	0.0	0.0	0.0	0.0
171.0	0.0	0.0	0.0	0.0	0.0	0.0	0.0	0.0	0.0
172.0	0.0	0.0	0.0	0.0	0.0	0.0	0.0	0.0	0.0
173.0	0.0	0.0	0.0	0.0	0.0	0.0	0.0	0.0	0.0
174.0	3.357845606259024E-5	0.0	0.0	1.0073536818777072E-4	2.2550254230946064E-9	1.1275127115473034E-9	4.510050846189212E-9	-2.0158265290565895E-5	8.731517741574637E-5
175.0	0.0	0.0	0.0	0.0	0.0	0.0	0.0	0.0	0.0
176.0	0.0	0.0	0.0	0.0	0.0	0.0	0.0	0.0	0.0
177.0	3.3561551886159215E-5	0.0	0.0	1.0068465565847765E-4	2.252755530014715E-9	1.1263777650073572E-9	4.5055110600294305E-9	-2.0148117150568642E-5	8.727122092288707E-5
178.0	3.34941050375134E-5	0.0	0.0	1.0048231511254019E-4	2.243710144527961E-9	1.1218550722639804E-9	4.4874202890559214E-9	-2.0107626561439677E-5	8.709583663646646E-5
179.0	3.3561551886159215E-5	0.0	0.0	1.0068465565847765E-4	2.252755530014715E-9	1.1263777650073572E-9	4.5055110600294305E-9	-2.0148117150568642E-5	8.727122092288707E-5
180.0	0.0	0.0	0.0	0.0	0.0	0.0	0.0	0.0	0.0
181.0	0.0	0.0	0.0	0.0	0.0	0.0	0.0	0.0	0.0
182.0	0.0	0.0	0.0	0.0	0.0	0.0	0.0	0.0	0.0
183.0	0.0	0.0	0.0	0.0	0.0	0.0	0.0	0.0	0.0
184.0	0.0	0.0	0.0	0.0	0.0	0.0	0.0	0.0	0.0
185.0	0.0	0.0	0.0	0.0	0.0	0.0	0.0	0.0	0.0
186.0	0.0	0.0	0.0	0.0	0.0	0.0	0.0	0.0	0.0
187.0	3.357845606259024E-5	0.0	0.0	1.0073536818777072E-4	2.2550254230946064E-9	1.1275127115473034E-9	4.510050846189212E-9	-2.0158265290565895E-5	8.731517741574637E-5
188.0	0.0	0.0	0.0	0.0	0.0	0.0	0.0	0.0	0.0
189.0	0.0	0.0	0.0	0.0	0.0	0.0	0.0	0.0	0.0
190.0	0.0	0.0	0.0	0.0	0.0	0.0	0.0	0.0	0.0
191.0	0.0	0.0	0.0	0.0	0.0	0.0	0.0	0.0	0.0
192.0	0.0	0.0	0.0	0.0	0.0	0.0	0.0	0.0	0.0
193.0	6.707256110010365E-5	1.0048231511254019E-4	0.0	1.0073536818777072E-4	2.249374898906715E-9	4.498728452527137E-9	1.1246981220965041E-9	1.3403207301000137E-5	1.2074191489920715E-4
194.0	6.714000794874946E-5	1.0068465565847765E-4	0.0	1.0073536818777072E-4	2.2538907623058413E-9	4.5077806673581404E-9	1.1269458097796919E-9	1.3416807645484692E-5	1.2086320825201422E-4
195.0	0.0	0.0	0.0	0.0	0.0	0.0	0.0	0.0	0.0
196.0	6.705565692367262E-5	1.0048231511254019E-4	0.0	1.0068465565847765E-4	2.24823738634873E-9	4.496461125465284E-9	1.124125516790453E-9	1.3399875180548602E-5	1.2071143866679664E-4
197.0	0.0	0.0	0.0	0.0	0.0	0.0	0.0	0.0	0.0
198.0	0.0	0.0	0.0	0.0	0.0	0.0	0.0	0.0	0.0
199.0	0.0	0.0	0.0	0.0	0.0	0.0	0.0	0.0	0.0
200.0	0.0	0.0	0.0	0.0	0.0	0.0	0.0	0.0	0.0
201.0	0.0	0.0	0.0	0.0	0.0	0.0	0.0	0.0	0.0
202.0	3.34941050375134E-5	0.0	0.0	1.0048231511254019E-4	2.243710144527961E-9	1.1218550722639804E-9	4.4874202890559214E-9	-2.0107626561439677E-5	8.709583663646646E-5
203.0	0.0	0.0	0.0	0.0	0.0	0.0	0.0	0.0	0.0
204.0	0.0	0.0	0.0	0.0	0.0	0.0	0.0	0.0	0.0
205.0	3.357845606259024E-5	0.0	0.0	1.0073536818777072E-4	2.2550254230946064E-9	1.1275127115473034E-9	4.510050846189212E-9	-2.0158265290565895E-5	8.731517741574637E-5
206.0	0.0	0.0	0.0	0.0	0.0	0.0	0.0	0.0	0.0
207.0	0.0	0.0	0.0	0.0	0.0	0.0	0.0	0.0	0.0
208.0	0.0	0.0	0.0	0.0	0.0	0.0	0.0	0.0	0.0
209.0	0.0	0.0	0.0	0.0	0.0	0.0	0.0	0.0	0.0
210.0	3.357845606259024E-5	0.0	0.0	1.0073536818777072E-4	2.2550254230946064E-9	1.1275127115473034E-9	4.510050846189212E-9	-2.0158265290565895E-5	8.731517741574637E-5
211.0	0.0	0.0	0.0	0.0	0.0	0.0	0.0	0.0	0.0
212.0	0.0	0.0	0.0	0.0	0.0	0.0	0.0	0.0	0.0
213.0	3.34941050375134E-5	0.0	0.0	1.0048231511254019E-4	2.243710144527961E-9	1.1218550722639804E-9	4.4874202890559214E-9	-2.0107626561439677E-5	8.709583663646646E-5
214.0	0.0	0.0	0.0	0.0	0.0	0.0	0.0	0.0	0.0
215.0	0.0	0.0	0.0	0.0	0.0	0.0	0.0	0.0	0.0
216.0	3.34941050375134E-5	0.0	0.0	1.0048231511254019E-4	2.243710144527961E-9	1.1218550722639804E-9	4.4874202890559214E-9	-2.0107626561439677E-5	8.709583663646646E-5
217.0	3.357845606259024E-5	0.0	0.0	1.0073536818777072E-4	2.2550254230946064E-9	1.1275127115473034E-9	4.510050846189212E-9	-2.0158265290565895E-5	8.731517741574637E-5
218.0	0.0	0.0	0.0	0.0	0.0	0.0	0.0	0.0	0.0
219.0	0.0	0.0	0.0	0.0	0.0	0.0	0.0	0.0	0.0
220.0	0.0	0.0	0.0	0.0	0.0	0.0	0.0	0.0	0.0
221.0	0.0	0.0	0.0	0.0	0.0	0.0	0.0	0.0	0.0
222.0	3.34941050375134E-5	0.0	0.0	1.0048231511254019E-4	2.243710144527961E-9	1.1218550722639804E-9	4.4874202890559214E-9	-2.0107626561439677E-5	8.709583663646646E-5
223.0	0.0	0.0	0.0	0.0	0.0	0.0	0.0	0.0	0.0
224.0	3.3561551886159215E-5	0.0	0.0	1.0068465565847765E-4	2.252755530014715E-9	1.1263777650073572E-9	4.5055110600294305E-9	-2.0148117150568642E-5	8.727122092288707E-5
225.0	0.0	0.0	0.0	0.0	0.0	0.0	0.0	0.0	0.0
226.0	0.0	0.0	0.0	0.0	0.0	0.0	0.0	0.0	0.0
227.0	0.0	0.0	0.0	0.0	0.0	0.0	0.0	0.0	0.0
228.0	6.714000794874946E-5	1.0068465565847765E-4	0.0	1.0073536818777072E-4	2.2538907623058413E-9	4.5077806673581404E-9	1.1269458097796919E-9	1.3416807645484692E-5	1.2086320825201422E-4
229.0	0.0	0.0	0.0	0.0	0.0	0.0	0.0	0.0	0.0
230.0	0.0	0.0	0.0	0.0	0.0	0.0	0.0	0.0	0.0
231.0	0.0	0.0	0.0	0.0	0.0	0.0	0.0	0.0	0.0
232.0	0.0	0.0	0.0	0.0	0.0	0.0	0.0	0.0	0.0
233.0	0.0	0.0	0.0	0.0	0.0	0.0	0.0	0.0	0.0
234.0	3.3561551886159215E-5	0.0	0.0	1.0068465565847765E-4	2.252755530014715E-9	1.1263777650073572E-9	4.5055110600294305E-9	-2.0148117150568642E-5	8.727122092288707E-5
235.0	0.0	0.0	0.0	0.0	0.0	0.0	0.0	0.0	0.0
236.0	0.0	0.0	0.0	0.0	0.0	0.0	0.0	0.0	0.0
237.0	0.0	0.0	0.0	0.0	0.0	0.0	0.0	0.0	0.0
238.0	0.0	0.0	0.0	0.0	0.0	0.0	0.0	0.0	0.0
239.0	0.0	0.0	0.0	0.0	0.0	0.0	0.0	0.0	0.0
240.0	0.0	0.0	0.0	0.0	0.0	0.0	0.0	0.0	0.0
241.0	0.0	0.0	0.0	0.0	0.0	0.0	0.0	0.0	0.0
242.0	3.3561551886159215E-5	0.0	0.0	1.0068465565847765E-4	2.252755530014715E-9	1.1263777650073572E-9	4.5055110600294305E-9	-2.0148117150568642E-5	8.727122092288707E-5
243.0	6.712310377231843E-5	0.0	0.0	2.013693113169553E-4	9.01102212005886E-9	4.505511060029429E-9	1.8022044240117722E-8	-4.0296234301137284E-5	1.7454244184577413E-4
244.0	0.0	0.0	0.0	0.0	0.0	0.0	0.0	0.0	0.0
245.0	0.0	0.0	0.0	0.0	0.0	0.0	0.0	0.0	0.0
246.0	3.34941050375134E-5	0.0	0.0	1.0048231511254019E-4	2.243710144527961E-9	1.1218550722639804E-9	4.4874202890559214E-9	-2.0107626561439677E-5	8.709583663646646E-5
247.0	0.0	0.0	0.0	0.0	0.0	0.0	0.0	0.0	0.0
248.0	0.0	0.0	0.0	0.0	0.0	0.0	0.0	0.0	0.0
249.0	3.357845606259024E-5	0.0	0.0	1.0073536818777072E-4	2.2550254230946064E-9	1.1275127115473034E-9	4.510050846189212E-9	-2.0158265290565895E-5	8.731517741574637E-5
250.0	3.357845606259024E-5	0.0	0.0	1.0073536818777072E-4	2.2550254230946064E-9	1.1275127115473034E-9	4.510050846189212E-9	-2.0158265290565895E-5	8.731517741574637E-5
251.0	0.0	0.0	0.0	0.0	0.0	0.0	0.0	0.0	0.0
252.0	3.357845606259024E-5	0.0	0.0	1.0073536818777072E-4	2.2550254230946064E-9	1.1275127115473034E-9	4.510050846189212E-9	-2.0158265290565895E-5	8.731517741574637E-5
253.0	3.3561551886159215E-5	0.0	0.0	1.0068465565847765E-4	2.252755530014715E-9	1.1263777650073572E-9	4.5055110600294305E-9	-2.0148117150568642E-5	8.727122092288707E-5
254.0	0.0	0.0	0.0	0.0	0.0	0.0	0.0	0.0	0.0
255.0	0.0	0.0	0.0	0.0	0.0	0.0	0.0	0.0	0.0
256.0	3.357845606259024E-5	0.0	0.0	1.0073536818777072E-4	2.2550254230946064E-9	1.1275127115473034E-9	4.510050846189212E-9	-2.0158265290565895E-5	8.731517741574637E-5
257.0	0.0	0.0	0.0	0.0	0.0	0.0	0.0	0.0	0.0
258.0	0.0	0.0	0.0	0.0	0.0	0.0	0.0	0.0	0.0
259.0	6.714000794874946E-5	1.0068465565847765E-4	0.0	1.0073536818777072E-4	2.2538907623058413E-9	4.5077806673581404E-9	1.1269458097796919E-9	1.3416807645484692E-5	1.2086320825201422E-4
260.0	0.0	0.0	0.0	0.0	0.0	0.0	0.0	0.0	0.0
261.0	0.0	0.0	0.0	0.0	0.0	0.0	0.0	0.0	0.0
262.0	6.714000794874946E-5	1.0068465565847765E-4	0.0	1.0073536818777072E-4	2.2538907623058413E-9	4.5077806673581404E-9	1.1269458097796919E-9	1.3416807645484692E-5	1.2086320825201422E-4
263.0	0.0	0.0	0.0	0.0	0.0	0.0	0.0	0.0	0.0
264.0	0.0	0.0	0.0	0.0	0.0	0.0	0.0	0.0	0.0
265.0	0.0	0.0	0.0	0.0	0.0	0.0	0.0	0.0	0.0
266.0	0.0	0.0	0.0	0.0	0.0	0.0	0.0	0.0	0.0
267.0	3.3561551886159215E-5	0.0	0.0	1.0068465565847765E-4	2.252755530014715E-9	1.1263777650073572E-9	4.5055110600294305E-9	-2.0148117150568642E-5	8.727122092288707E-5
268.0	3.3561551886159215E-5	0.0	0.0	1.0068465565847765E-4	2.252755530014715E-9	1.1263777650073572E-9	4.5055110600294305E-9	-2.0148117150568642E-5	8.727122092288707E-5
269.0	0.0	0.0	0.0	0.0	0.0	0.0	0.0	0.0	0.0
270.0	0.0	0.0	0.0	0.0	0.0	0.0	0.0	0.0	0.0
271.0	3.3561551886159215E-5	0.0	0.0	1.0068465565847765E-4	2.252755530014715E-9	1.1263777650073572E-9	4.5055110600294305E-9	-2.0148117150568642E-5	8.727122092288707E-5
272.0	6.712310377231843E-5	0.0	0.0	2.013693113169553E-4	9.01102212005886E-9	4.505511060029429E-9	1.8022044240117722E-8	-4.0296234301137284E-5	1.7454244184577413E-4
273.0	0.0	0.0	0.0	0.0	0.0	0.0	0.0	0.0	0.0
274.0	0.0	0.0	0.0	0.0	0.0	0.0	0.0	0.0	0.0
275.0	0.0	0.0	0.0	0.0	0.0	0.0	0.0	0.0	0.0
276.0	0.0	0.0	0.0	0.0	0.0	0.0	0.0	0.0	0.0
277.0	0.0	0.0	0.0	0.0	0.0	0.0	0.0	0.0	0.0
278.0	0.0	0.0	0.0	0.0	0.0	0.0	0.0	0.0	0.0
279.0	0.0	0.0	0.0	0.0	0.0	0.0	0.0	0.0	0.0
280.0	0.0	0.0	0.0	0.0	0.0	0.0	0.0	0.0	0.0
281.0	3.3561551886159215E-5	0.0	0.0	1.0068465565847765E-4	2.252755530014715E-9	1.1263777650073572E-9	4.5055110600294305E-9	-2.0148117150568642E-5	8.727122092288707E-5
282.0	0.0	0.0	0.0	0.0	0.0	0.0	0.0	0.0	0.0
283.0	0.0	0.0	0.0	0.0	0.0	0.0	0.0	0.0	0.0
284.0	0.0	0.0	0.0	0.0	0.0	0.0	0.0	0.0	0.0
285.0	0.0	0.0	0.0	0.0	0.0	0.0	0.0	0.0	0.0
286.0	0.0	0.0	0.0	0.0	0.0	0.0	0.0	0.0	0.0
287.0	0.0	0.0	0.0	0.0	0.0	0.0	0.0	0.0	0.0
288.0	0.0	0.0	0.0	0.0	0.0	0.0	0.0	0.0	0.0
289.0	0.0	0.0	0.0	0.0	0.0	0.0	0.0	0.0	0.0
290.0	0.0	0.0	0.0	0.0	0.0	0.0	0.0	0.0	0.0
291.0	0.0	0.0	0.0	0.0	0.0	0.0	0.0	0.0	0.0
292.0	0.0	0.0	0.0	0.0	0.0	0.0	0.0	0.0	0.0
293.0	0.0	0.0	0.0	0.0	0.0	0.0	0.0	0.0	0.0
294.0	0.0	0.0	0.0	0.0	0.0	0.0	0.0	0.0	0.0
295.0	0.0	0.0	0.0	0.0	0.0	0.0	0.0	0.0	0.0
296.0	0.0	0.0	0.0	0.0	0.0	0.0	0.0	0.0	0.0
297.0	0.0	0.0	0.0	0.0	0.0	0.0	0.0	0.0	0.0
298.0	3.357845606259024E-5	0.0	0.0	1.0073536818777072E-4	2.2550254230946064E-9	1.1275127115473034E-9	4.510050846189212E-9	-2.0158265290565895E-5	8.731517741574637E-5
299.0	0.0	0.0	0.0	0.0	0.0	0.0	0.0	0.0	0.0
300.0	3.3561551886159215E-5	0.0	0.0	1.0068465565847765E-4	2.252755530014715E-9	1.1263777650073572E-9	4.5055110600294305E-9	-2.0148117150568642E-5	8.727122092288707E-5
301.0	0.0	0.0	0.0	0.0	0.0	0.0	0.0	0.0	0.0
302.0	0.0	0.0	0.0	0.0	0.0	0.0	0.0	0.0	0.0
303.0	0.0	0.0	0.0	0.0	0.0	0.0	0.0	0.0	0.0
304.0	0.0	0.0	0.0	0.0	0.0	0.0	0.0	0.0	0.0
305.0	0.0	0.0	0.0	0.0	0.0	0.0	0.0	0.0	0.0
306.0	0.0	0.0	0.0	0.0	0.0	0.0	0.0	0.0	0.0
307.0	3.3561551886159215E-5	0.0	0.0	1.0068465565847765E-4	2.252755530014715E-9	1.1263777650073572E-9	4.5055110600294305E-9	-2.0148117150568642E-5	8.727122092288707E-5
308.0	0.0	0.0	0.0	0.0	0.0	0.0	0.0	0.0	0.0
309.0	0.0	0.0	0.0	0.0	0.0	0.0	0.0	0.0	0.0
310.0	0.0	0.0	0.0	0.0	0.0	0.0	0.0	0.0	0.0
311.0	0.0	0.0	0.0	0.0	0.0	0.0	0.0	0.0	0.0
312.0	0.0	0.0	0.0	0.0	0.0	0.0	0.0	0.0	0.0
313.0	0.0	0.0	0.0	0.0	0.0	0.0	0.0	0.0	0.0
314.0	0.0	0.0	0.0	0.0	0.0	0.0	0.0	0.0	0.0
315.0	0.0	0.0	0.0	0.0	0.0	0.0	0.0	0.0	0.0
316.0	0.0	0.0	0.0	0.0	0.0	0.0	0.0	0.0	0.0
317.0	0.0	0.0	0.0	0.0	0.0	0.0	0.0	0.0	0.0
318.0	3.357845606259024E-5	0.0	0.0	1.0073536818777072E-4	2.2550254230946064E-9	1.1275127115473034E-9	4.510050846189212E-9	-2.0158265290565895E-5	8.731517741574637E-5
319.0	0.0	0.0	0.0	0.0	0.0	0.0	0.0	0.0	0.0
320.0	0.0	0.0	0.0	0.0	0.0	0.0	0.0	0.0	0.0
321.0	0.0	0.0	0.0	0.0	0.0	0.0	0.0	0.0	0.0
322.0	0.0	0.0	0.0	0.0	0.0	0.0	0.0	0.0	0.0
323.0	0.0	0.0	0.0	0.0	0.0	0.0	0.0	0.0	0.0
324.0	0.0	0.0	0.0	0.0	0.0	0.0	0.0	0.0	0.0
325.0	0.0	0.0	0.0	0.0	0.0	0.0	0.0	0.0	0.0
326.0	0.0	0.0	0.0	0.0	0.0	0.0	0.0	0.0	0.0
327.0	0.0	0.0	0.0	0.0	0.0	0.0	0.0	0.0	0.0
328.0	0.0	0.0	0.0	0.0	0.0	0.0	0.0	0.0	0.0
329.0	0.0	0.0	0.0	0.0	0.0	0.0	0.0	0.0	0.0
330.0	0.0	0.0	0.0	0.0	0.0	0.0	0.0	0.0	0.0
331.0	0.0	0.0	0.0	0.0	0.0	0.0	0.0	0.0	0.0
332.0	0.0	0.0	0.0	0.0	0.0	0.0	0.0	0.0	0.0
333.0	0.0	0.0	0.0	0.0	0.0	0.0	0.0	0.0	0.0
334.0	0.0	0.0	0.0	0.0	0.0	0.0	0.0	0.0	0.0
335.0	0.0	0.0	0.0	0.0	0.0	0.0	0.0	0.0	0.0
336.0	0.0	0.0	0.0	0.0	0.0	0.0	0.0	0.0	0.0
337.0	0.0	0.0	0.0	0.0	0.0	0.0	0.0	0.0	0.0
338.0	0.0	0.0	0.0	0.0	0.0	0.0	0.0	0.0	0.0
339.0	0.0	0.0	0.0	0.0	0.0	0.0	0.0	0.0	0.0
340.0	0.0	0.0	0.0	0.0	0.0	0.0	0.0	0.0	0.0
341.0	0.0	0.0	0.0	0.0	0.0	0.0	0.0	0.0	0.0
342.0	0.0	0.0	0.0	0.0	0.0	0.0	0.0	0.0	0.0
343.0	0.0	0.0	0.0	0.0	0.0	0.0	0.0	0.0	0.0
344.0	0.0	0.0	0.0	0.0	0.0	0.0	0.0	0.0	0.0
345.0	0.0	0.0	0.0	0.0	0.0	0.0	0.0	0.0	0.0
346.0	0.0	0.0	0.0	0.0	0.0	0.0	0.0	0.0	0.0
347.0	3.3561551886159215E-5	0.0	0.0	1.0068465565847765E-4	2.252755530014715E-9	1.1263777650073572E-9	4.5055110600294305E-9	-2.0148117150568642E-5	8.727122092288707E-5
348.0	0.0	0.0	0.0	0.0	0.0	0.0	0.0	0.0	0.0
349.0	0.0	0.0	0.0	0.0	0.0	0.0	0.0	0.0	0.0
350.0	0.0	0.0	0.0	0.0	0.0	0.0	0.0	0.0	0.0
351.0	0.0	0.0	0.0	0.0	0.0	0.0	0.0	0.0	0.0
352.0	0.0	0.0	0.0	0.0	0.0	0.0	0.0	0.0	0.0
353.0	0.0	0.0	0.0	0.0	0.0	0.0	0.0	0.0	0.0
354.0	0.0	0.0	0.0	0.0	0.0	0.0	0.0	0.0	0.0
355.0	0.0	0.0	0.0	0.0	0.0	0.0	0.0	0.0	0.0
356.0	0.0	0.0	0.0	0.0	0.0	0.0	0.0	0.0	0.0
357.0	0.0	0.0	0.0	0.0	0.0	0.0	0.0	0.0	0.0
358.0	0.0	0.0	0.0	0.0	0.0	0.0	0.0	0.0	0.0
359.0	0.0	0.0	0.0	0.0	0.0	0.0	0.0	0.0	0.0
360.0	0.0	0.0	0.0	0.0	0.0	0.0	0.0	0.0	0.0
361.0	0.0	0.0	0.0	0.0	0.0	0.0	0.0	0.0	0.0
362.0	0.0	0.0	0.0	0.0	0.0	0.0	0.0	0.0	0.0
363.0	3.357845606259024E-5	0.0	0.0	1.0073536818777072E-4	2.2550254230946064E-9	1.1275127115473034E-9	4.510050846189212E-9	-2.0158265290565895E-5	8.731517741574637E-5
364.0	0.0	0.0	0.0	0.0	0.0	0.0	0.0	0.0	0.0
365.0	0.0	0.0	0.0	0.0	0.0	0.0	0.0	0.0	0.0
366.0	0.0	0.0	0.0	0.0	0.0	0.0	0.0	0.0	0.0
367.0	0.0	0.0	0.0	0.0	0.0	0.0	0.0	0.0	0.0
368.0	3.357845606259024E-5	0.0	0.0	1.0073536818777072E-4	2.2550254230946064E-9	1.1275127115473034E-9	4.510050846189212E-9	-2.0158265290565895E-5	8.731517741574637E-5
