0	0.0018
1	0.0021
2	0.0389
3	0.0317
4	0.0086
5	0.0016
6	8.0E-4
7	7.0E-4
8	0.0025
9	0.0095
10	0.018
11	0.025
12	0.0714
13	0.0833
14	0.0279
15	0.0069
16	0.0017
17	0.0029
18	0.0061
19	0.0298
20	0.0587
21	0.0684
22	0.0692
23	0.0451
24	0.0158
25	0.0062
26	0.0042
27	0.0073
28	0.016
29	0.0339
30	0.0338
31	0.0369
32	0.0207
33	0.01
34	0.0087
35	0.0058
36	0.0068
37	0.0109
38	0.011
39	0.0125
40	0.0098
41	0.0077
42	0.0076
43	0.0061
44	0.0061
45	0.0048
46	0.0069
47	0.0039
48	0.0027
49	0.0034
50	0.0043
51	0.003
52	0.0045
53	0.0035
54	0.003
55	0.0025
56	0.0029
57	0.001
58	0.002
59	0.0021
60	0.0022
61	0.0015
62	0.002
63	0.0013
64	0.0014
65	0.002
66	0.0012
67	7.0E-4
68	0.0013
69	0.001
70	8.0E-4
71	0.0016
72	9.0E-4
73	0.0015
74	7.0E-4
75	7.0E-4
76	9.0E-4
77	5.0E-4
78	5.0E-4
79	9.0E-4
80	9.0E-4
81	4.0E-4
82	0.0011
83	9.0E-4
84	7.0E-4
85	7.0E-4
86	5.0E-4
87	7.0E-4
88	5.0E-4
89	2.0E-4
90	1.0E-4
91	9.0E-4
92	7.0E-4
93	8.0E-4
94	5.0E-4
95	5.0E-4
96	9.0E-4
97	2.0E-4
98	2.0E-4
99	4.0E-4
100	2.0E-4
101	7.0E-4
102	4.0E-4
103	6.0E-4
104	3.0E-4
105	7.0E-4
106	3.0E-4
107	0.0
108	5.0E-4
109	2.0E-4
110	4.0E-4
111	5.0E-4
112	5.0E-4
113	2.0E-4
114	1.0E-4
115	4.0E-4
116	3.0E-4
117	1.0E-4
118	3.0E-4
119	1.0E-4
120	2.0E-4
121	3.0E-4
122	3.0E-4
123	1.0E-4
124	2.0E-4
125	1.0E-4
126	2.0E-4
127	3.0E-4
128	3.0E-4
129	4.0E-4
130	3.0E-4
131	1.0E-4
132	6.0E-4
133	3.0E-4
134	1.0E-4
135	2.0E-4
136	3.0E-4
137	0.0
138	2.0E-4
139	3.0E-4
140	2.0E-4
141	0.0
142	1.0E-4
143	1.0E-4
144	1.0E-4
145	0.0
146	0.0
147	0.0
148	1.0E-4
149	2.0E-4
150	1.0E-4
151	0.0
152	3.0E-4
153	1.0E-4
154	2.0E-4
155	0.0
156	1.0E-4
157	2.0E-4
158	1.0E-4
159	1.0E-4
160	1.0E-4
161	4.0E-4
162	0.0
163	2.0E-4
164	2.0E-4
165	0.0
166	2.0E-4
167	2.0E-4
168	2.0E-4
169	1.0E-4
170	0.0
171	0.0
172	0.0
173	0.0
174	1.0E-4
175	3.0E-4
176	2.0E-4
177	1.0E-4
178	0.0
179	0.0
180	0.0
181	2.0E-4
182	0.0
183	0.0
184	1.0E-4
185	1.0E-4
186	1.0E-4
187	0.0
188	0.0
189	0.0
190	1.0E-4
191	1.0E-4
192	1.0E-4
193	0.0
194	3.0E-4
195	2.0E-4
196	0.0
197	1.0E-4
198	2.0E-4
199	3.0E-4
200	1.0E-4
201	1.0E-4
202	0.0
203	0.0
204	0.0
205	0.0
206	1.0E-4
207	2.0E-4
208	0.0
209	0.0
210	0.0
211	0.0
212	1.0E-4
213	0.0
214	0.0
215	0.0
216	0.0
217	0.0
218	1.0E-4
219	0.0
220	0.0
221	1.0E-4
222	0.0
223	1.0E-4
224	0.0
225	0.0
226	1.0E-4
227	0.0
228	2.0E-4
229	1.0E-4
230	0.0
231	0.0
232	0.0
233	0.0
234	1.0E-4
235	0.0
236	0.0
237	1.0E-4
238	0.0
239	0.0
240	0.0
241	0.0
242	1.0E-4
243	1.0E-4
244	1.0E-4
245	0.0
246	1.0E-4
247	0.0
248	0.0
249	0.0
250	0.0
251	0.0
252	0.0
253	2.0E-4
254	0.0
255	0.0
256	0.0
257	0.0
258	0.0
259	0.0
260	0.0
261	1.0E-4
262	0.0
263	0.0
264	0.0
265	1.0E-4
266	0.0
267	0.0
268	0.0
269	0.0
270	1.0E-4
271	0.0
272	1.0E-4
273	0.0
274	0.0
275	0.0
276	0.0
277	0.0
278	0.0
279	0.0
280	0.0
281	1.0E-4
282	0.0
283	1.0E-4
284	0.0
285	0.0
286	0.0
287	0.0
288	0.0
289	1.0E-4
290	1.0E-4
291	0.0
292	1.0E-4
293	0.0
294	0.0
295	0.0
296	1.0E-4
297	0.0
298	0.0
299	0.0
300	1.0E-4
301	0.0
302	1.0E-4
303	0.0
304	0.0
305	0.0
306	0.0
307	0.0
308	0.0
309	1.0E-4
310	0.0
311	0.0
312	0.0
313	0.0
314	0.0
315	0.0
316	0.0
317	0.0
318	0.0
319	0.0
320	0.0
321	1.0E-4
322	0.0
323	0.0
324	0.0
325	0.0
326	1.0E-4
327	0.0
328	0.0
329	1.0E-4
330	0.0
331	0.0
332	0.0
333	0.0
334	1.0E-4
335	0.0
336	0.0
337	0.0
338	0.0
339	0.0
340	0.0
341	0.0
342	0.0
343	0.0
344	0.0
345	1.0E-4
346	1.0E-4
347	0.0
348	0.0
349	0.0
350	0.0
351	0.0
352	0.0
353	0.0
354	0.0
355	0.0
356	0.0
357	0.0
358	0.0
359	0.0
360	0.0
361	0.0
362	0.0
363	0.0
364	0.0
365	0.0
366	0.0
367	0.0
368	0.0
369	0.0
370	1.0E-4
371	0.0
372	0.0
373	0.0
374	0.0
375	1.0E-4
376	0.0
377	0.0
378	0.0
379	0.0
380	0.0
381	0.0
382	0.0
383	0.0
384	0.0
385	0.0
386	1.0E-4
387	0.0
388	0.0
389	0.0
390	1.0E-4
391	0.0
392	0.0
393	1.0E-4
394	0.0
395	0.0
396	1.0E-4
397	0.0
398	1.0E-4
399	0.0
400	0.0
401	0.0
402	0.0
403	0.0
404	0.0
405	0.0
406	0.0
407	0.0
408	0.0
409	0.0
410	0.0
411	0.0
412	0.0
413	0.0
414	0.0
415	0.0
416	0.0
417	0.0
418	0.0
419	0.0
420	0.0
421	0.0
422	0.0
423	0.0
424	0.0
425	0.0
426	0.0
427	0.0
428	0.0
429	0.0
430	0.0
431	0.0
432	0.0
433	0.0
434	0.0
435	0.0
436	0.0
437	0.0
438	1.0E-4
439	0.0
440	0.0
441	1.0E-4
442	0.0
443	1.0E-4
444	0.0
445	0.0
446	0.0
447	0.0
448	0.0
449	0.0
450	0.0
451	0.0
452	0.0
453	0.0
454	0.0
455	0.0
456	0.0
457	0.0
458	0.0
459	0.0
460	0.0
461	0.0
462	0.0
463	0.0
464	1.0E-4
465	0.0
466	0.0
467	0.0
468	0.0
469	1.0E-4
470	0.0
471	0.0
472	0.0
473	0.0
474	0.0
475	0.0
476	0.0
477	0.0
478	0.0
479	0.0
480	0.0
481	0.0
482	0.0
483	0.0
484	0.0
485	0.0
486	0.0
487	0.0
488	0.0
489	0.0
490	0.0
491	0.0
492	0.0
493	0.0
494	0.0
495	0.0
496	0.0
497	0.0
498	0.0
499	0.0
500	0.0
501	0.0
502	0.0
503	1.0E-4
504	0.0
505	0.0
506	0.0
507	0.0
508	0.0
509	1.0E-4
510	0.0
511	0.0
512	0.0
513	0.0
514	0.0
515	0.0
516	0.0
517	0.0
518	0.0
519	0.0
520	0.0
521	0.0
522	0.0
523	0.0
524	0.0
525	1.0E-4
526	0.0
527	0.0
528	0.0
529	0.0
530	0.0
531	0.0
532	0.0
533	0.0
534	0.0
535	1.0E-4
536	0.0
537	0.0
538	0.0
539	0.0
540	0.0
541	0.0
542	0.0
543	0.0
544	0.0
545	0.0
546	0.0
547	0.0
548	0.0
549	0.0
550	0.0
551	0.0
552	1.0E-4
553	0.0
554	0.0
555	0.0
556	0.0
557	0.0
558	0.0
559	0.0
560	0.0
561	0.0
562	0.0
563	0.0
564	0.0
565	0.0
566	0.0
567	0.0
568	0.0
569	0.0
570	0.0
571	0.0
572	0.0
573	0.0
574	0.0
575	0.0
576	0.0
577	0.0
578	0.0
579	0.0
580	0.0
581	0.0
582	0.0
583	0.0
584	0.0
585	0.0
586	0.0
587	0.0
588	0.0
589	0.0
590	1.0E-4
591	0.0
592	0.0
593	0.0
594	0.0
595	0.0
596	0.0
597	0.0
598	0.0
599	0.0
600	0.0
601	0.0
602	0.0
603	0.0
604	0.0
605	0.0
606	0.0
607	0.0
608	0.0
609	0.0
610	0.0
611	0.0
612	0.0
613	0.0
614	0.0
615	0.0
616	0.0
617	0.0
618	0.0
619	0.0
620	0.0
621	0.0
622	0.0
623	0.0
624	0.0
625	1.0E-4
