0.0	0.0	0.0	0.0	0.0	0.0	0.0	0.0	0.0	0.0
1.0	0.0012207563776228873	0.0012894906511927789	7.570841444949167E-4	0.0018628095551172475	7.705853274303785E-8	7.190057600829172E-8	8.221648947778398E-8	0.0010990953609853354	0.0013424173942604392
2.0	0.04592062178320182	0.04424111948331539	0.029188368055555556	0.06478477179320788	1.1292350228607809E-4	8.586313824784434E-5	1.459972805550304E-4	0.04126333219384731	0.05057791137255632
3.0	0.1018446628177447	0.0920583468395462	0.05457899305555555	0.16042204995693368	7.712478996024207E-4	5.017910567347112E-4	0.0011754331639039853	0.08967333188987847	0.11401599374561092
4.0	0.0559380570524293	0.0508783204798629	0.030164930555555556	0.09065460809646857	3.3200900762979586E-4	1.9824868777887475E-4	5.80421030210078E-4	0.04795230159752517	0.06392381250733344
5.0	0.018787103663328225	0.018762130687944793	0.007269965277777778	0.036106919594740244	6.124416936246084E-5	4.5550236848106383E-5	8.042564243556071E-5	0.015357266925064802	0.022216940401591646
6.0	0.0058483790828130645	0.005199870003249919	0.002170138888888889	0.01271825824531149	8.654487856682168E-6	4.9207682774499324E-6	1.4255067225530521E-5	0.004559055993935994	0.007137702171690135
7.0	0.001699482751978455	0.001509271237602415	3.2580364900086883E-4	0.003559102674719586	9.022082553170027E-7	6.334321929697537E-7	1.2307123315191961E-6	0.0012831941961889764	0.0021157713077679333
8.0	0.001688622029719378	0.0017269293038316245	5.402485143165856E-4	0.002911993097497843	6.284296696058149E-7	8.057664857571592E-7	5.10205125504919E-7	0.0013411903516330457	0.0020360537078057107
9.0	0.00913009134400041	0.008191420564776892	7.522028798624544E-4	0.01779551337359793	2.0796108106066747E-5	1.680169432527335E-5	2.5678169393703102E-5	0.007131462702903395	0.011128719985097424
10.0	0.023666684949516896	0.026055124892334195	0.007307113690092413	0.03557567917205692	5.6441171639880596E-5	6.084915901721412E-5	5.2033184262547055E-5	0.020374084116043717	0.026959285782990075
11.0	0.03953851620841602	0.04042806183115339	0.03105994787141616	0.04700162074554295	2.1567334953804953E-5	2.6879822257405835E-5	1.7220754432676966E-5	0.03750316520725508	0.04157386720957697
12.0	0.08320824140647975	0.0798832558642309	0.05980964741509842	0.11594670105308404	2.6664376742982374E-4	1.8128648831672824E-4	3.9467968609946695E-4	0.0760516406178427	0.09036484219511681
13.0	0.12325280860400385	0.12133981631550514	0.1155005382131324	0.13509114583333334	3.1041544570628185E-5	1.7676364665536223E-5	5.586259296579897E-5	0.12081099372954546	0.12569462347846225
14.0	0.06047409212434657	0.06099935107073329	0.048323471400394474	0.07124435847840103	3.220785341423785E-5	3.3633183811867814E-5	3.07825230166079E-5	0.05798682766639144	0.06296135658230169
15.0	0.022534856309197646	0.02339370418283743	0.012586805555555556	0.03136451821513257	2.330454042331516E-5	2.7305779157970453E-5	2.0030799640415376E-5	0.020419120946608464	0.024650591671786827
16.0	0.008067791332387397	0.007819194515852614	0.00390625	0.013411204845338524	6.4819894444235844E-6	5.267266555971725E-6	7.966650752531415E-6	0.006951968527240952	0.009183614137533842
17.0	0.00436155589668066	0.004317323259579061	0.0020634231103388357	0.007321274763135229	1.7067006883506732E-6	1.1998709815605186E-6	2.4669452485359057E-6	0.0037889975431319605	0.004934114250229359
18.0	0.005760771515543351	0.005724160276487741	0.0019342359767891683	0.010138050043140638	3.952248164275552E-6	3.3258922153753546E-6	4.71779432404246E-6	0.004889480618429162	0.006632062412657539
19.0	0.015683885606408952	0.015235008103727715	0.0039759295078444015	0.02328589909443726	2.6178706312026023E-5	2.4756818793273175E-5	2.791656883494617E-5	0.013441474870523584	0.01792629634229432
20.0	0.0302557204559519	0.029405381944444444	0.016189962223421478	0.04530709342560554	6.459451847736424E-5	5.560766894849361E-5	7.557844567931726E-5	0.026733318561060843	0.03377812235084296
21.0	0.04482046812906655	0.046716899892357375	0.024440137812230835	0.060546875	9.758592566148146E-5	1.385097441023832E-4	7.030338003421363E-5	0.04049099880811539	0.049149937450017715
22.0	0.052859341829344764	0.05136245674740485	0.03090008613264427	0.08951822916666667	2.2718542990317345E-4	1.7906232519557992E-4	2.8600255787912104E-4	0.046253452231735555	0.05946523142695397
23.0	0.044505228064091434	0.04449724592288584	0.030469422911283378	0.060546875	5.601179117886226E-5	4.960475976807425E-5	6.38426073476032E-5	0.041225175495970635	0.04778528063221223
24.0	0.022437022686309302	0.023032006920415224	0.017891787023065316	0.027150304083405734	4.882930769692509E-6	4.994801143979618E-6	4.7710603954054E-6	0.021468563424263377	0.023405481948355226
25.0	0.010534175211843948	0.010968722849695916	0.008108700416392724	0.012975778546712802	1.8480586463953334E-6	1.8810147523200474E-6	1.8151025404706194E-6	0.009938377339407653	0.011129973084280244
26.0	0.006430212422907232	0.006489292667099286	0.004774305555555556	0.007965554359526372	6.360906884832112E-7	7.134734271099306E-7	5.727775386977134E-7	0.00608066943636072	0.0067797554094537445
27.0	0.0061124113839336825	0.006352282515073213	0.004083387062110466	0.007893598615916955	1.1198129167913919E-6	1.2146322120882534E-6	1.0249936214945304E-6	0.005648629468528079	0.006576193299339286
28.0	0.007253195331648056	0.007242460274564912	0.0024715237481194928	0.01108719052744887	3.918925117907231E-6	3.7285279688777466E-6	4.151632744498824E-6	0.0063855853175013655	0.008120805345794747
29.0	0.011475123005800674	0.011977986403366786	0.0070921985815602835	0.016214463301264727	7.447838069624667E-6	7.5558196426524555E-6	7.33985649659688E-6	0.010279054138045349	0.012671191873556
30.0	0.013352665678456327	0.013920362576885724	0.006898038370338435	0.018847249616480384	1.251464770726066E-5	1.5156760072835492E-5	1.0352919408153977E-5	0.01180224201648176	0.014903089340430895
31.0	0.017297338888557116	0.016709788702026735	0.00800346095608912	0.029756733275412686	3.5416647197536165E-5	2.510902569827229E-5	5.087807944643197E-5	0.014689115433079662	0.01990556234403457
32.0	0.012721300966201447	0.01302475780409042	0.007113602069411511	0.022677951388888888	1.3914710770889513E-5	1.1176347644096967E-5	1.6653073897682063E-5	0.011086450011260154	0.01435615192114274
33.0	0.009158631326670478	0.009496061292759253	0.004629629629629629	0.013357949609035621	4.527500229383915E-6	6.808322962268682E-6	3.299364911676733E-6	0.008226085218394826	0.01009117743494613
34.0	0.006909232229699377	0.00712204596956944	0.004526837680534598	0.009657118055555556	1.5256335867660908E-6	1.4890123073397683E-6	1.5622548661924135E-6	0.006367897121521429	0.007450567337877325
35.0	0.005385564810272878	0.005396654074473826	0.004190844616376531	0.006701978164522755	5.997864730729341E-7	5.702351496271835E-7	6.293377965186844E-7	0.005046143264480851	0.0057249863560649055
36.0	0.004435521889753257	0.00453808752025932	0.0031162690737158824	0.006136313828621521	7.169238937589077E-7	6.417068037303682E-7	7.921409837874471E-7	0.004064433299908176	0.004806610479598338
37.0	0.003877712412818121	0.0039631533847472155	0.001946787800129786	0.005945303210463734	1.1060767463075621E-6	1.2895524597780012E-6	9.559602534681119E-7	0.0034167837616900353	0.004338641063946207
38.0	0.003804290109511984	0.004096593359206554	0.002163097555699762	0.005917159763313609	1.0823390252018837E-6	1.2880342852186056E-6	9.1404290337002E-7	0.003348334322224688	0.00426024589679928
39.0	0.004367552633767602	0.004116563752572852	0.002266594711279007	0.008355034722222222	3.05963252786171E-6	2.2274854608460204E-6	4.0767011653253294E-6	0.003600940465881077	0.005134164801654127
40.0	0.0034161815214927387	0.0035575679172056922	0.0018322914421211468	0.006136313828621521	1.4076245188018938E-6	1.1710751238361136E-6	1.6441739137676734E-6	0.0028962041012411785	0.003936158941744299
41.0	0.003031339848442556	0.0033204798628963155	0.0011856003449019184	0.004561251086012163	8.154624113348826E-7	1.0925995768999874E-6	6.307043009581464E-7	0.0026355696879084346	0.003427110008976677
42.0	0.003015648345262498	0.003106255355612682	8.622547962923044E-4	0.004665798611111111	8.933797868825405E-7	1.0828571776344025E-6	7.383528308128351E-7	0.0026014015716306466	0.0034298951188943493
43.0	0.0028050043555416923	0.0026864388566516227	0.0016167277430480707	0.0043830813061582295	5.936296445391469E-7	4.7312030395434904E-7	7.409188385872335E-7	0.00246732939034131	0.0031426793207420746
44.0	0.0030690204432831216	0.0028092922744462454	0.0015089458935115326	0.004557291666666667	6.590813184833413E-7	4.888834880626246E-7	9.143780641144166E-7	0.00271321664952274	0.0034248242370435032
45.0	0.0025667755326677323	0.0024805867126833476	0.0012933821944384565	0.004018245004344049	4.4048806524122605E-7	3.1474175224442637E-7	6.291075347364257E-7	0.002275899360437117	0.0028576517048983477
46.0	0.002388019742768946	0.0023745277927684836	0.0011843238587424634	0.003689236111111111	4.0460985591672817E-7	3.439986865873288E-7	4.786901739859941E-7	0.0021092412265154782	0.002666798259022414
47.0	0.0016962815547493077	0.0017269293038316245	9.704550355833513E-4	0.002410694718387026	1.5286097909722404E-7	1.5321214603240016E-7	1.52509812162048E-7	0.0015249294702420137	0.0018676336392566017
48.0	0.0015560284443335785	0.0016146393972012918	7.547983610092732E-4	0.002486217706193925	2.3730626619129157E-7	2.1024894497641834E-7	2.6436358740616485E-7	0.0013425295272168323	0.0017695273614503247
49.0	0.0012480171742037804	0.0010813148788927337	4.320120963386975E-4	0.0019723865877712033	1.8190851281054978E-7	1.3701451318623308E-7	2.492495122470249E-7	0.0010610920899035443	0.0014349422585040166
50.0	0.0015289487016759739	0.0015141682889898333	5.389092476826903E-4	0.0021915406530791147	1.8783018243313962E-7	1.7803802654057104E-7	2.025184162719924E-7	0.0013390054958439214	0.0017188919075080264
51.0	0.001161985343374039	0.0011840688912809472	4.3163914967087513E-4	0.0022749431264218393	1.695058251211443E-7	1.484836710632047E-7	1.9052797917908391E-7	9.815451070372691E-4	0.0013424255797108088
52.0	0.0013734303717576563	0.001191636875744773	5.396654074473826E-4	0.0026298487836949377	2.977104186916134E-7	2.0272087795749656E-7	4.138087462555339E-7	0.0011342981547263974	0.001612562588788915
53.0	0.0014263137927426344	0.0014011640439749945	8.64024192677395E-4	0.002486217706193925	1.5668118807214534E-7	1.0580166411001302E-7	2.1886727291475154E-7	0.0012528337575659673	0.0015997938279193014
54.0	0.001226764490470201	0.0012853470437017994	2.1630975556997622E-4	0.002410694718387026	2.0730521678352372E-7	1.9366205205771858E-7	2.2094838150932875E-7	0.0010272170373674886	0.0014263119435729136
55.0	0.0011614160375325697	0.0011885467314964883	4.320120963386975E-4	0.0018322914421211468	1.3855064715876084E-7	1.7968286307209766E-7	1.111291698832029E-7	9.982817115730869E-4	0.0013245503634920525
56.0	9.943626050968606E-4	9.640102827763496E-4	4.3261951113995244E-4	0.0020634231103388357	1.0545174719625968E-7	5.6108205368723194E-8	1.7946705993756441E-7	8.520419403940228E-4	0.0011366832697996983
57.0	8.64267444346725E-4	8.632782993417503E-4	3.2299741602067185E-4	0.001841620626151013	1.3337212823306403E-7	1.0216962552704579E-7	1.7150852042930855E-7	7.042108343894761E-4	0.0010243240543039741
58.0	7.40262870814383E-4	7.546356188012075E-4	1.0813148788927336E-4	0.0014245014245014246	1.0415841535622012E-7	9.330894268550914E-8	1.1500788802693112E-7	5.988176573159307E-4	8.817080843128354E-4
59.0	9.294871088482256E-4	8.634646519158122E-4	5.390254420008624E-4	0.001516628750947893	5.778860367852369E-8	4.328896828899933E-8	7.551038026572013E-8	8.241304052429455E-4	0.0010348438124535056
60.0	7.074644407500935E-4	6.466910972192282E-4	2.1561017680034498E-4	0.0014040393131007668	1.2632778963782292E-7	9.932765608420972E-8	1.593279528700168E-7	5.516920367960137E-4	8.632368447041733E-4
61.0	6.750394429798616E-4	6.574621959237344E-4	2.149151085321298E-4	0.0014020707506471096	1.2427085011274443E-7	1.0426339421637295E-7	1.4872440731942067E-7	5.205404303951335E-4	8.295384555645896E-4
62.0	6.324639679589394E-4	5.404821100421576E-4	2.155636990730761E-4	0.001205347359193513	9.488941392247073E-8	6.703470682982902E-8	1.3667147456143328E-7	4.974589361037224E-4	7.674689998141565E-4
63.0	5.886718694676775E-4	5.425347222222222E-4	2.155636990730761E-4	9.68783638320775E-4	3.8927231497444867E-8	3.533559113399094E-8	4.331701416388854E-8	5.02201396900279E-4	6.751423420350759E-4
64.0	5.781860301359863E-4	5.400151204233718E-4	2.1570319240724764E-4	0.0010957703265395574	5.475430951132709E-8	3.6908067445170335E-8	8.152367261056222E-8	4.75632591525008E-4	6.807394687469647E-4
65.0	6.05692394024114E-4	6.471095772217428E-4	1.0778184953653804E-4	0.0010957703265395574	9.379684407598977E-8	9.347401677451922E-8	9.411967137746031E-8	4.7146684574765466E-4	7.399179423005734E-4
66.0	5.721137860820006E-4	5.400151204233718E-4	2.1570319240724764E-4	0.001178234790059983	5.659117578376751E-8	3.779460924489588E-8	8.47860255920749E-8	4.678543354573878E-4	6.763732367066133E-4
67.0	4.861404728944069E-4	4.3122035360068997E-4	2.155636990730761E-4	9.774109470026065E-4	4.6287141328409065E-8	2.820739256728892E-8	7.340676447008929E-8	3.9184925322703374E-4	5.8043169256178E-4
68.0	4.3195662214213436E-4	5.355612682090831E-4	0.0	9.706643658326143E-4	6.991882559081942E-8	7.896243569243791E-8	6.251950823494972E-8	3.160687106954067E-4	5.47844533588862E-4
69.0	4.4827386804177004E-4	4.3252595155709344E-4	0.0	9.700366458288424E-4	5.531737739991427E-8	4.706150534670309E-8	6.540788768717237E-8	3.451944721812222E-4	5.513532639023178E-4
70.0	4.321556379505794E-4	4.311273981461522E-4	1.0778184953653804E-4	9.765625E-4	3.7603547664199074E-8	1.9970419040601003E-8	7.874751445259461E-8	3.471680539436237E-4	5.171432219575351E-4
71.0	3.729228671105487E-4	3.240090722540231E-4	1.0793308148947653E-4	7.670392285776902E-4	3.597390616902107E-8	2.899894649339297E-8	4.449885688367764E-8	2.8979725194322757E-4	4.5604848227786984E-4
72.0	3.834690692130345E-4	3.2580364900086883E-4	0.0	8.632782993417503E-4	6.349295500626456E-8	4.37211414915697E-8	9.315067527830682E-8	2.730348046136662E-4	4.939033338124028E-4
73.0	2.8610201663184146E-4	3.2292787944025834E-4	1.0766580534022394E-4	6.447453255963894E-4	2.0014072337097083E-8	1.5629680626518017E-8	2.4398464047676143E-8	2.2409957301459677E-4	3.4810446024908614E-4
74.0	3.2978455250180544E-4	3.2439446366782005E-4	0.0	8.632782993417503E-4	4.165323040235718E-8	2.8752586687709315E-8	6.100419597432896E-8	2.4033762692196917E-4	4.192314780816417E-4
75.0	3.2958997488063486E-4	3.2414910858995135E-4	0.0	7.602085143353606E-4	3.818271935971472E-8	2.2765277411148136E-8	7.415675057303674E-8	2.43950400298471E-4	4.152295494627987E-4
76.0	2.917539638559987E-4	3.2133676092544985E-4	0.0	7.595486111111111E-4	3.2935724671996027E-8	2.7250919655425225E-8	3.862052968856683E-8	2.122159603922645E-4	3.7129196731973293E-4
77.0	2.3773985282907377E-4	3.2292787944025834E-4	0.0	5.416531253385332E-4	2.1750406329268176E-8	2.1493116351447866E-8	2.200769630708849E-8	1.7310380988300666E-4	3.023758957751409E-4
78.0	2.323208054739537E-4	2.1619284401686305E-4	0.0	5.406574394463668E-4	1.6634060159220728E-8	7.910741356096455E-9	4.280401656859354E-8	1.7579585279477742E-4	2.8884575815313E-4
79.0	2.592061112966262E-4	2.1915406530791147E-4	0.0	5.395489370885939E-4	2.134981585699711E-8	1.732117683619788E-8	2.62737079935295E-8	1.9516805519080734E-4	3.232441674024451E-4
80.0	3.0246211381938055E-4	3.2292787944025834E-4	0.0	7.566749540590206E-4	4.6212376982624775E-8	4.812157872683049E-8	4.4650302828274645E-8	2.0824707589643237E-4	3.9667715174232873E-4
81.0	2.1586354145995004E-4	2.1630975556997622E-4	0.0	5.372877713303245E-4	2.0880511227364918E-8	2.6208273806379965E-8	1.7328669508021566E-8	1.525332280503967E-4	2.791938548695034E-4
82.0	2.1619316218182927E-4	2.1720243266724586E-4	0.0	3.2499187520311994E-4	1.2837578895684296E-8	1.819784799649874E-8	8.451904176836118E-9	1.6653591543693775E-4	2.658504089267208E-4
83.0	1.8370054647935745E-4	1.0850694444444444E-4	0.0	6.426735218508997E-4	2.452926493347772E-8	1.272814523832879E-8	4.223094447620111E-8	1.1505958779999167E-4	2.5234150515872323E-4
84.0	1.7312552496009427E-4	1.0813148788927336E-4	0.0	5.382131324004305E-4	2.391495549946016E-8	1.496974017118819E-8	3.733277849186811E-8	1.0534953620053202E-4	2.409015137196565E-4
85.0	2.808540349705153E-4	3.237293622531564E-4	0.0	6.485785320505892E-4	2.7278507923337203E-8	2.45152608435801E-8	3.00417550030943E-8	2.084685681839109E-4	3.5323950175711967E-4
86.0	1.8403537313406242E-4	1.0815487778498811E-4	0.0	5.430060816681147E-4	2.374199445648221E-8	1.6016034201680765E-8	3.31848347679062E-8	1.1650491855835929E-4	2.5156582770976556E-4
87.0	1.887813441471498E-4	2.1609940572663426E-4	0.0	5.372877713303245E-4	1.9551449805795342E-8	1.9466442230644715E-8	1.9621001458191314E-8	1.2749967903679917E-4	2.5006300925750044E-4
88.0	1.6757862316316293E-4	1.0804970286331713E-4	0.0	5.396654074473826E-4	1.580102425100736E-8	7.337175526582309E-9	3.151960045351104E-8	1.1248723782812626E-4	2.226700084981996E-4
89.0	1.9470535599419486E-4	2.1561017680034498E-4	0.0	4.344048653344917E-4	1.948635387673469E-8	2.1027232648750275E-8	1.8225634881449222E-8	1.3352579361717882E-4	2.558849183712109E-4
90.0	2.6484172284706143E-4	2.1630975556997622E-4	0.0	6.499837504062399E-4	3.4532395057399794E-8	2.685686421665153E-8	4.391359941831434E-8	1.8339859887317797E-4	3.462848468209449E-4
91.0	1.8911682284943583E-4	2.1586616297895306E-4	0.0	4.3252595155709344E-4	1.73740424403686E-8	2.118412515656824E-8	1.4833987296235506E-8	1.3134826676616506E-4	2.468853789327066E-4
92.0	1.512961021285295E-4	1.0833062506770663E-4	0.0	3.287310979618672E-4	9.87224621189603E-9	7.138810701639825E-9	1.3972399477280342E-8	1.0775002248430676E-4	1.948421817727522E-4
93.0	1.46118054978392E-4	1.0800302408467438E-4	0.0	5.478851632697787E-4	2.508210405915739E-8	1.216830272881099E-8	4.9064877958372126E-8	7.670789327505815E-5	2.1552821668172583E-4
94.0	1.2954698724410967E-4	1.0815487778498811E-4	0.0	3.242892660252946E-4	1.4647510777556313E-8	9.248846430183948E-9	2.4673601708390702E-8	7.650460918511785E-5	1.825893653031015E-4
95.0	1.728182023856714E-4	1.0957703265395574E-4	0.0	6.466910972192282E-4	2.0276760281644725E-8	1.1201072648716718E-8	3.1369267388556734E-8	1.1041018915901662E-4	2.352262156123262E-4
96.0	1.29707458834222E-4	1.0815487778498811E-4	0.0	4.321988114532685E-4	1.3559994954112123E-8	1.0879813698364013E-8	1.683577204447093E-8	7.867213938988174E-5	1.8074277827856227E-4
97.0	1.8898139172073965E-4	2.1528525296017224E-4	0.0	5.404821100421576E-4	1.6171952128122957E-8	1.747578989986662E-8	1.5302726946960518E-8	1.3324712430140545E-4	2.4471565914007385E-4
98.0	1.0273461081239087E-4	1.0785159620362382E-4	0.0	3.237293622531564E-4	8.755390175138099E-9	1.0554400258773419E-8	7.786692437796008E-9	6.172564417287988E-5	1.4374357745190186E-4
99.0	2.049206080329641E-4	2.1581957483543757E-4	0.0	5.389092476826903E-4	2.189895885395968E-8	2.564923959276213E-8	1.9398771694758053E-8	1.4006421269165196E-4	2.6977700337427624E-4
100.0	1.0792920520069115E-4	1.0785159620362382E-4	0.0	5.355612682090831E-4	1.7338349981616565E-8	8.47180045517079E-9	2.8175243847272503E-8	5.022001819836968E-5	1.656383922030126E-4
101.0	7.553399801068489E-5	1.0711225364181663E-4	0.0	3.234152652005175E-4	9.41689316301473E-9	5.705384855478149E-9	1.3128401470551304E-8	3.300404575639863E-5	1.1806395026497115E-4
102.0	1.0257693238411326E-4	1.0778184953653804E-4	0.0	3.242892660252946E-4	1.222116753972559E-8	1.0522027057334944E-8	1.3353927861319352E-8	5.4126526183230996E-5	1.5102733858499552E-4
103.0	8.097528453343623E-5	1.0778184953653804E-4	0.0	3.2292787944025834E-4	9.163462082472183E-9	6.556996705270956E-9	1.176992745967341E-8	3.9021526694581596E-5	1.2292904237229087E-4
104.0	9.733448872449246E-5	1.0780508840017249E-4	0.0	2.1720243266724586E-4	6.915676088351067E-9	9.47400269525835E-9	5.5381156077086816E-9	6.088777332995419E-5	1.3378120411903073E-4
105.0	1.2430126374173044E-4	1.0793308148947653E-4	0.0	3.255208333333333E-4	1.2024139932349643E-8	6.7739363248174544E-9	2.427461501659142E-8	7.624299912256511E-5	1.7235952836089577E-4
106.0	5.9477494715695364E-5	0.0	0.0	2.1609940572663426E-4	5.216745325190601E-9	3.5375723776555705E-9	7.2690678166223074E-9	2.7822598695291028E-5	9.11323907360997E-5
107.0	8.103947958808459E-5	0.0	0.0	3.240090722540231E-4	1.0372549410637409E-8	6.567397251907578E-9	1.5023290937973877E-8	3.640362750934374E-5	1.2567533166682544E-4
108.0	9.184663799234902E-5	1.0778184953653804E-4	0.0	3.2499187520311994E-4	8.519781752899404E-9	8.435804910497608E-9	8.5757663145006E-9	5.1393211943410746E-5	1.323000640412873E-4
109.0	1.0791861799999088E-4	1.0809642200843153E-4	0.0	2.1630975556997622E-4	6.96187168053151E-9	7.764294785119236E-9	6.305343685868827E-9	7.135037614457087E-5	1.444868598554109E-4
110.0	7.025528361722333E-5	1.0778184953653804E-4	0.0	1.0957703265395574E-4	2.6579535916409174E-9	4.93580487613649E-9	1.4314182846048417E-9	4.766015746394888E-5	9.285040977049779E-5
111.0	1.0827218744907823E-4	1.0782833728703904E-4	0.0	3.255208333333333E-4	9.414962946942937E-9	6.312425412567503E-9	1.5176818367925886E-8	6.574659418044999E-5	1.5079778071770645E-4
112.0	1.08149362053401E-4	1.0782833728703904E-4	0.0	3.237293622531564E-4	7.040219969898548E-9	4.177336191615372E-9	1.3720282119225953E-8	7.137592800355853E-5	1.4492279610324346E-4
113.0	7.018912051079369E-5	1.0778184953653804E-4	0.0	2.1619284401686305E-4	3.821282492888198E-9	4.9265126380787195E-9	3.084462396094515E-9	4.3096834870154856E-5	9.728140615143252E-5
114.0	7.026091300327783E-5	1.0766580534022394E-4	0.0	2.1915406530791147E-4	3.85919678960146E-9	4.936595896054177E-9	3.1409307186329824E-9	4.30345559324788E-5	9.748727007407687E-5
115.0	5.9582177341381624E-5	0.0	0.0	3.255208333333333E-4	7.637705433409953E-9	3.5500358567398492E-9	1.3769209798415099E-8	2.1280082625173426E-5	9.788427205758982E-5
116.0	4.871155428753386E-5	0.0	0.0	2.1915406530791147E-4	5.267573008749248E-9	2.372815521107359E-9	1.064355120008419E-8	1.6902822412142234E-5	8.052028616292549E-5
117.0	5.963181451610167E-5	0.0	0.0	3.255208333333333E-4	8.808919389426205E-9	3.5559533024827546E-9	1.8564427836606915E-8	1.849767739957782E-5	1.0076595163262553E-4
118.0	5.944684776606205E-5	0.0	0.0	2.1720243266724586E-4	5.2393904320809255E-9	3.5339277093213553E-9	7.323844871009287E-9	2.7723321571861884E-5	9.117037396026221E-5
119.0	7.559687032631805E-5	0.0	0.0	2.1720243266724586E-4	8.271485916078285E-9	5.714886803134147E-9	1.1396218165232232E-8	3.5737279074521244E-5	1.1545646157811487E-4
120.0	7.567818857887606E-5	1.0780508840017249E-4	0.0	2.1701388888888888E-4	5.956983844248698E-9	5.727188226579926E-9	6.144998440523147E-9	4.185190505846415E-5	1.0950447209928795E-4
121.0	4.330708049730381E-5	0.0	0.0	3.2580364900086883E-4	7.518183106251383E-9	1.8755032211999515E-9	2.4446222761405663E-8	5.305861950410269E-6	8.130829904419735E-5
122.0	6.472951997291715E-5	0.0	0.0	3.234850118611171E-4	7.4401095306933515E-9	4.18991075592428E-9	1.1412574699855547E-8	2.692613072465558E-5	1.0253290922117872E-4
123.0	5.403495449796111E-5	0.0	0.0	2.1609940572663426E-4	5.251849190931043E-9	2.9197763075967276E-9	8.749958515932515E-9	2.2273732975575758E-5	8.579617602034645E-5
124.0	6.477480388710757E-5	1.0711225364181663E-4	0.0	2.1701388888888888E-4	5.1333576258045024E-9	4.195775218613246E-9	6.070940032995761E-9	3.337392280449257E-5	9.617568496972256E-5
125.0	3.229885341386497E-5	0.0	0.0	1.0804970286331713E-4	2.4341996352889886E-9	1.043215931850337E-9	5.6798282766458434E-9	1.0675693007802472E-5	5.3922013819927465E-5
126.0	4.8451292068347196E-5	0.0	0.0	3.2292787944025834E-4	9.824080974583119E-9	2.347527703092284E-9	3.973029406054645E-8	5.011569767232909E-6	9.189101436946149E-5
127.0	3.798186797843968E-5	0.0	0.0	2.1915406530791147E-4	5.048514878262356E-9	1.442622295131621E-9	1.5866192627654557E-8	6.841560693240431E-6	6.912217526363894E-5
128.0	3.240862664560422E-5	0.0	0.0	1.0957703265395574E-4	2.4509495813713255E-9	1.0503190810541678E-9	5.7190874154446916E-9	1.0711198328179037E-5	5.410605496302941E-5
129.0	3.78287812489788E-5	0.0	0.0	2.1701388888888888E-4	3.8350096040530235E-9	1.43101669078309E-9	9.444326401682864E-9	1.0687877713051617E-5	6.496968478490599E-5
130.0	3.235791144015172E-5	0.0	0.0	2.1581957483543757E-4	3.607543976506387E-9	1.0470344327687012E-9	1.1289072607719439E-8	6.034213998353262E-6	5.868160888195018E-5
131.0	5.937978310897932E-5	0.0	0.0	3.2414910858995135E-4	7.546518979666564E-9	3.525958642069425E-9	1.3577359486062265E-8	2.1307019016857592E-5	9.745254720110104E-5
132.0	5.923700462246445E-5	0.0	0.0	3.223726627981947E-4	8.657102462130107E-9	3.509022716641875E-9	1.82178219894654E-8	1.8458870274189625E-5	1.0001513897073928E-4
133.0	3.7815693273786E-5	0.0	0.0	1.0957703265395574E-4	2.655959492174864E-9	1.4300266577770634E-9	4.932691898913636E-9	1.5229044579104713E-5	6.040234196846728E-5
134.0	7.568722130033042E-5	1.0780508840017249E-4	0.0	2.1701388888888888E-4	4.794339057002328E-9	5.728555468165192E-9	4.171528116227085E-9	4.534094235102582E-5	1.0603350024963502E-4
135.0	4.860731468491366E-5	0.0	0.0	2.1626297577854672E-4	4.0569639710924485E-9	2.3626710408782236E-9	6.598403366413785E-9	2.0692056499336413E-5	7.652257287049091E-5
136.0	4.856960875807629E-5	0.0	0.0	2.1630975556997622E-4	4.053011250404267E-9	2.359006894912601E-9	6.594017783641764E-9	2.0667952875715985E-5	7.647126464043659E-5
137.0	3.7806989235970906E-5	0.0	0.0	2.1666125013541327E-4	3.8281671339062515E-9	1.4293684350888201E-9	9.425364097813595E-9	1.0690309072633935E-5	6.492366939930788E-5
138.0	3.242731970808985E-5	0.0	0.0	4.320120963386975E-4	9.452380219144953E-9	1.0515310634506722E-9	5.7057192101412516E-8	-1.0182693111590954E-5	7.503733252777065E-5
139.0	2.703581622424873E-5	0.0	0.0	2.155636990730761E-4	3.3546287562591504E-9	7.309353589113509E-10	1.3849402345650352E-8	1.6516264301612005E-6	5.2420006018336264E-5
140.0	2.7035561106314252E-5	0.0	0.0	2.1720243266724586E-4	4.537180041234585E-9	7.309215643332521E-10	2.6105978077008803E-8	-2.4856438541940345E-6	5.655676606682254E-5
141.0	4.864647654027905E-5	0.0	0.0	1.0957703265395574E-4	2.8925095572696014E-9	2.36647967978392E-9	3.535434963085432E-9	2.507545119643062E-5	7.221750188412748E-5
142.0	3.243314000818616E-5	0.0	0.0	1.0957703265395574E-4	2.454594285322476E-9	1.0519085707906058E-9	5.72752761923017E-9	1.071958501770289E-5	5.4146694998669434E-5
143.0	3.241975435855382E-5	0.0	0.0	2.1609940572663426E-4	3.619920349759413E-9	1.0510404726689697E-9	1.1326559981030738E-8	6.050941325317229E-6	5.878856739179042E-5
144.0	2.7060645010756678E-5	0.0	0.0	1.0860121633362293E-4	2.1968644525043894E-9	7.322785083981901E-10	6.59062228482298E-9	6.5186459834700925E-6	4.760264403804326E-5
145.0	1.079157761999276E-5	0.0	0.0	1.0804970286331713E-4	1.0481251213900745E-9	1.1645814752832858E-10	9.433127886145782E-9	-3.3972867925176905E-6	2.498044203250321E-5
146.0	2.7040132012036182E-5	0.0	0.0	2.1701388888888888E-4	3.370908148075977E-9	7.311687392283438E-10	1.39298657834665E-8	1.5944243763182547E-6	5.248583964775411E-5
147.0	1.62719392922887E-5	0.0	0.0	1.0860121633362293E-4	1.5003992671366791E-9	2.6477600833192893E-10	8.502264400363594E-9	-7.044175380684329E-7	3.324829612264583E-5
148.0	1.6202306663562384E-5	0.0	0.0	1.0833062506770663E-4	1.4875946715783888E-9	2.6251474122011806E-10	8.429714276941925E-9	-7.014557731490621E-7	3.3106069100273834E-5
149.0	2.6993870411683996E-5	0.0	0.0	1.0833062506770663E-4	2.1860191593677857E-9	7.286690398027889E-10	6.5580695180627755E-9	6.502639113117179E-6	4.7485101710250814E-5
150.0	2.1516979227437698E-5	0.0	0.0	2.149151085321298E-4	3.006637904947283E-9	4.6298039507398545E-10	1.7420697127562643E-8	-2.514562728547438E-6	4.5548521183422833E-5
151.0	3.7832052969260305E-5	0.0	0.0	1.0957703265395574E-4	2.6582588308696826E-9	1.4312642318689173E-9	4.93696308615682E-9	1.5235629441775949E-5	6.042847649674466E-5
152.0	1.615049840819349E-5	0.0	0.0	1.0790978741771878E-4	1.4780905624125831E-9	2.6083859883306045E-10	8.375851689363214E-9	-6.991791919331368E-7	3.300017600832012E-5
153.0	2.7000788361856007E-5	0.0	0.0	2.1609940572663426E-4	3.3546050343134738E-9	7.29042572161739E-10	1.3856854882920412E-8	1.616688318897386E-6	5.238488840481463E-5
154.0	1.0883672733119363E-5	0.0	0.0	1.0957703265395574E-4	1.0661437946519045E-9	1.184543321616459E-10	9.59534895706423E-9	-3.4266347435471594E-6	2.5193980209785885E-5
155.0	4.313694805874863E-5	0.0	0.0	2.1586616297895306E-4	3.956190305937721E-9	1.8607962878231767E-9	7.847636339579017E-9	1.5570572998459734E-5	7.070332311903753E-5
156.0	1.0867944109524689E-5	0.0	0.0	1.0957703265395574E-4	1.0630904495703982E-9	1.1811220916775235E-10	9.567894613194209E-9	-3.4218569231518E-6	2.515774514220118E-5
157.0	3.2375435733346954E-5	0.0	0.0	1.0833062506770663E-4	2.445745703104993E-9	1.0481688389240788E-9	5.706758386193791E-9	1.0701053743255355E-5	5.4049817723438553E-5
158.0	2.1574425973597792E-5	0.0	0.0	1.0800302408467438E-4	1.8618271712756155E-9	4.6545585609025114E-10	7.4473124320170736E-9	2.6635887880414595E-6	4.0485263159154125E-5
159.0	1.0803228468937496E-5	0.0	0.0	1.0813148788927336E-4	1.0503886922960413E-9	1.1670974535206157E-10	9.453499214791858E-9	-3.4009490861419825E-6	2.5007406024016972E-5
160.0	2.704003049006398E-5	0.0	0.0	1.0850694444444444E-4	2.1935050196837047E-9	7.311632489035898E-10	6.580530332024053E-9	6.51374382684002E-6	4.756631715328794E-5
161.0	2.7078595441389724E-5	0.0	0.0	1.0957703265395574E-4	2.199883645645623E-9	7.332503310784523E-10	6.599783589347126E-9	6.522485628110092E-6	4.763470525466936E-5
162.0	1.07723827438381E-5	0.0	0.0	1.0778184953653804E-4	1.0443984064740558E-9	1.1604422997974089E-10	9.399585994922885E-9	-3.39123423472838E-6	2.493599972240458E-5
163.0	3.232455388338648E-5	0.0	0.0	1.0833062506770663E-4	2.4380943895829923E-9	1.0448767837599558E-9	5.6889354698367405E-9	1.068410170809446E-5	5.3965006058678504E-5
164.0	3.243505483996326E-5	0.0	0.0	1.0860121633362293E-4	2.454773996747924E-9	1.0520327824714245E-9	5.727836830059754E-9	1.0720704992561862E-5	5.414940468736466E-5
165.0	2.158081981248637E-5	0.0	0.0	1.0809642200843153E-4	1.862930020379324E-9	4.657317837790043E-10	7.451722966780602E-9	2.6643825603381615E-6	4.049725706463458E-5
166.0	2.705361157929679E-5	0.0	0.0	1.0860121633362293E-4	2.1957220706444687E-9	7.318978994834617E-10	6.587194584127488E-9	6.516954223987251E-6	4.759026893460633E-5
167.0	1.0813185327859158E-5	0.0	0.0	1.0833062506770663E-4	1.0523287434340713E-9	1.1692497693462858E-10	9.470962641929061E-9	-3.4041036204184454E-6	2.503047427613676E-5
168.0	2.1601808670731603E-5	0.0	0.0	1.0815487778498811E-4	1.8665565791862196E-9	4.666381378468951E-10	7.466230344543523E-9	2.666968092314024E-6	4.0536649249149186E-5
169.0	1.6207018506582798E-5	0.0	0.0	1.0850694444444444E-4	1.4884647711135923E-9	2.626674488727173E-10	8.434649597145224E-9	-7.016867435390656E-7	3.311572375670466E-5
170.0	3.23976371487387E-5	0.0	0.0	1.0860121633362293E-4	2.4491075671612685E-9	1.049606892821334E-9	5.714609140621117E-9	1.0708363728443211E-5	5.4086910569034186E-5
171.0	2.1652758209794054E-5	0.0	0.0	2.1701388888888888E-4	3.052756505126412E-9	4.688419380918038E-10	1.7694939051655865E-8	-2.5623913768734048E-6	4.586790779646151E-5
172.0	2.7011344420424797E-5	0.0	0.0	1.0860121633362293E-4	2.1889102953209968E-9	7.296127273988138E-10	6.566802999087546E-9	6.506567183759752E-6	4.751612165708984E-5
173.0	1.6239786921271348E-5	0.0	0.0	2.1701388888888888E-4	2.6718670737615E-9	2.6373067924829596E-10	2.4345094624380346E-8	-6.414400937226446E-6	3.8893974779769146E-5
174.0	2.1583755684809846E-5	0.0	0.0	2.1609940572663426E-4	3.030913404075928E-9	4.658585094615615E-10	1.7566224473557346E-8	-2.5446061877853197E-6	4.571211755740501E-5
175.0	1.6267225697829775E-5	0.0	0.0	2.1701388888888888E-4	2.6769049830078206E-9	2.6462263190413347E-10	2.4387446142940984E-8	-6.408309778452636E-6	3.8942761174112185E-5
176.0	1.0790978741771879E-5	0.0	0.0	2.1581957483543757E-4	2.21245922190208E-9	1.164452222053726E-10	4.203672521613951E-8	-9.82380157097828E-6	3.140575905452204E-5
177.0	5.404821100421576E-6	0.0	0.0	1.0809642200843153E-4	5.550297314236836E-10	2.92120911275623E-11	1.054556489704999E-8	-4.920396127891886E-6	1.573003832873504E-5
178.0	2.160596882097707E-5	0.0	0.0	1.0833062506770663E-4	1.867283816455337E-9	4.668178886930333E-10	7.469147527504552E-9	2.6674399587675986E-6	4.054449768318654E-5
179.0	1.0850694444444443E-5	0.0	0.0	2.1701388888888888E-4	2.2370138286072506E-9	1.177375699266975E-10	4.250326274353781E-8	-9.878165056234332E-6	3.1579553945123215E-5
180.0	1.0796237964773528E-5	0.0	0.0	1.0809642200843153E-4	1.0490305844636012E-9	1.1655875419201724E-10	9.441277056907858E-9	-3.398753921936674E-6	2.499122985148373E-5
181.0	1.623912035431067E-5	0.0	0.0	1.0860121633362293E-4	1.4943600276752913E-9	2.6370902988178703E-10	8.468049015171813E-9	-7.030363595162312E-7	3.318127706813757E-5
182.0	1.6286330178924315E-5	0.0	0.0	1.0957703265395574E-4	1.5031463549754174E-9	2.6524455069694093E-10	8.517923245886787E-9	-7.05560588841292E-7	3.327822094668992E-5
183.0	5.355612682090832E-6	0.0	0.0	1.0711225364181663E-4	5.449691568108708E-10	2.868258720057215E-11	1.0354413979406545E-8	-4.875598176856024E-6	1.5586823541037688E-5
184.0	2.1591160332027352E-5	0.0	0.0	2.1666125013541327E-4	3.038315319482693E-9	4.661782044833117E-10	1.761375897114586E-8	-2.5666459956638174E-6	4.574896665971852E-5
185.0	5.383290267011197E-6	0.0	0.0	1.0766580534022394E-4	5.506164678790527E-10	2.8979814098897493E-11	1.0461712889701994E-8	-4.9007950666589E-6	1.5667375600681295E-5
186.0	5.425347222222222E-6	0.0	0.0	1.0850694444444444E-4	5.592534571518126E-10	2.943439248167438E-11	1.0625815685884452E-8	-4.939082528117166E-6	1.5789776972561607E-5
187.0	1.0874341003583726E-5	0.0	0.0	1.0957703265395574E-4	1.0643311230269446E-9	1.182512922622223E-10	9.579049599909445E-9	-3.4237960118115137E-6	2.5172478018978966E-5
188.0	5.3914168643519514E-6	0.0	0.0	1.0782833728703904E-4	5.52280140299154E-10	2.9067375805218624E-11	1.0493322665683928E-8	-4.90819329082681E-6	1.5691027019530713E-5
189.0	2.1734410875834873E-5	0.0	0.0	1.0957703265395574E-4	1.8896034078050393E-9	4.72384616119609E-10	7.558478574546755E-9	2.6830323805345444E-6	4.07857893711352E-5
190.0	1.078458184771284E-5	0.0	0.0	1.0790978741771878E-4	1.046765259872692E-9	1.1630720563001735E-10	9.420887748056763E-9	-3.3950750986433266E-6	2.4964238794069005E-5
191.0	2.1599021546761965E-5	0.0	0.0	1.0850694444444444E-4	1.866088937834555E-9	4.665177317774877E-10	7.464373762062827E-9	2.6665530553247944E-6	4.0531490038199135E-5
192.0	2.700083888514548E-5	0.0	0.0	1.0833062506770663E-4	2.1871448612435342E-9	7.290453005015844E-10	6.5614435434693825E-9	6.504332232848411E-6	4.7497345537442554E-5
193.0	2.1535100986754474E-5	0.0	0.0	1.0793308148947653E-4	1.8550638679243551E-9	4.637605745097137E-10	7.420277041582921E-9	2.658642956951583E-6	4.0411559016557365E-5
194.0	1.0813148788927335E-5	0.0	0.0	2.1626297577854672E-4	2.221559547898133E-9	1.1692418673148067E-10	4.2209631410064535E-8	-9.843984554309652E-6	3.147028213216432E-5
195.0	1.0860121633362293E-5	0.0	0.0	2.1720243266724586E-4	2.2409025959370493E-9	1.1794224189142365E-10	4.257714932280394E-8	-9.886747302156346E-6	3.160699056888093E-5
196.0	0.0	0.0	0.0	0.0	0.0	0.0	0.0	0.0	0.0
197.0	1.0885426027161455E-5	0.0	0.0	1.0957703265395574E-4	1.0664847381269035E-9	1.1849249979280407E-10	9.5984148831338E-9	-3.4271694222815167E-6	2.519802147660443E-5
198.0	5.430060816681147E-6	0.0	0.0	1.0860121633362293E-4	5.602256489842623E-10	2.948556047285591E-11	1.0644287330700985E-8	-4.943373651078173E-6	1.5803495284440465E-5
199.0	0.0	0.0	0.0	0.0	0.0	0.0	0.0	0.0	0.0
200.0	1.6196956482941263E-5	0.0	0.0	2.1600604816934875E-4	2.6530667469673594E-9	2.62341399310293E-10	2.416959487588093E-8	-6.377388707063482E-6	3.877130167294601E-5
201.0	1.6174867887003954E-5	0.0	0.0	1.0804970286331713E-4	1.4825531997343201E-9	2.6162635116203173E-10	8.401138674977288E-9	-7.00226738063136E-7	3.3049962512071044E-5
202.0	5.407743889249406E-6	0.0	0.0	1.0815487778498811E-4	5.556301854625715E-10	2.924369397171429E-11	1.0556973523788857E-8	-4.923056952101217E-6	1.5738544730600028E-5
203.0	1.636252436581715E-5	0.0	0.0	2.1915406530791147E-4	2.717934835978504E-9	2.677322036219599E-10	2.476975852718739E-8	-6.486128182960227E-6	3.921117691459452E-5
204.0	5.395489370885939E-6	0.0	0.0	1.0790978741771878E-4	5.5311480547552E-10	2.911130555134315E-11	1.0509181304034878E-8	-4.91190078548914E-6	1.570287952726102E-5
205.0	1.6252399821054045E-5	0.0	0.0	1.0957703265395574E-4	1.4969100721998451E-9	2.641404999433976E-10	8.482604314986385E-9	-7.042061680036171E-7	3.320900581011171E-5
206.0	5.390254420008625E-6	0.0	0.0	1.0780508840017249E-4	5.520420115360281E-10	2.9054842712422504E-11	1.0488798219184528E-8	-4.9071350344036085E-6	1.5687643874420856E-5
207.0	5.390254420008625E-6	0.0	0.0	1.0780508840017249E-4	5.520420115360281E-10	2.9054842712422504E-11	1.0488798219184528E-8	-4.9071350344036085E-6	1.5687643874420856E-5
208.0	5.392579810181191E-6	0.0	0.0	1.0785159620362382E-4	5.525184231743022E-10	2.9079917009173803E-11	1.0497850040311745E-8	-4.909252003788593E-6	1.5694411624150972E-5
209.0	5.395489370885939E-6	0.0	0.0	1.0790978741771878E-4	5.5311480547552E-10	2.911130555134315E-11	1.0509181304034878E-8	-4.91190078548914E-6	1.570287952726102E-5
210.0	1.0796805278707545E-5	0.0	0.0	1.0800302408467438E-4	1.0491391603361089E-9	1.1657100422632714E-10	9.442252565324151E-9	-3.3989211879922047E-6	2.4992531745407296E-5
211.0	5.390254420008625E-6	0.0	0.0	1.0780508840017249E-4	5.520420115360281E-10	2.9054842712422504E-11	1.0488798219184528E-8	-4.9071350344036085E-6	1.5687643874420856E-5
212.0	5.382131324004306E-6	0.0	0.0	1.0764262648008612E-4	5.503794141877385E-10	2.8967337588828337E-11	1.0457208869567032E-8	-4.899739997753266E-6	1.5664002645761876E-5
213.0	2.1591539037520983E-5	0.0	0.0	1.0860121633362293E-4	1.8648066119491894E-9	4.661945580087924E-10	7.459254827710776E-9	2.6655766043129878E-6	4.0517501470728974E-5
214.0	0.0	0.0	0.0	0.0	0.0	0.0	0.0	0.0	0.0
215.0	5.382131324004306E-6	0.0	0.0	1.0764262648008612E-4	5.503794141877385E-10	2.8967337588828337E-11	1.0457208869567032E-8	-4.899739997753266E-6	1.5664002645761876E-5
216.0	1.0879002836931506E-5	0.0	0.0	1.0957703265395574E-4	1.0652362621080777E-9	1.1835270272596377E-10	9.587188296547105E-9	-3.425212668496239E-6	2.518321834235925E-5
217.0	1.0806725598697386E-5	0.0	0.0	1.0813148788927336E-4	1.0510682760635996E-9	1.1678531816554137E-10	9.459614897146126E-9	-3.4020461450634434E-6	2.5015497342458216E-5
218.0	1.086910605270641E-5	0.0	0.0	1.0957703265395574E-4	1.063315692125775E-9	1.181374663849791E-10	9.569919723792942E-9	-3.4222087273800883E-6	2.516042083279291E-5
219.0	1.61894161762575E-5	0.0	0.0	1.0815487778498811E-4	1.48522137796554E-9	2.6209719612806805E-10	8.416258408377882E-9	-7.00856831589973E-7	3.307968918410497E-5
220.0	1.6293291331746912E-5	0.0	0.0	1.0957703265395574E-4	1.504419165950459E-9	2.6547134242117915E-10	8.525123499283046E-9	-7.057919787073339E-7	3.329237464220116E-5
221.0	0.0	0.0	0.0	0.0	0.0	0.0	0.0	0.0	0.0
222.0	2.700908932237482E-5	0.0	0.0	2.1561017680034498E-4	3.3506843510644185E-9	7.294909060240214E-10	1.3835458131225997E-8	1.6398274065749554E-6	5.2378351238174686E-5
223.0	1.0802063765349608E-5	0.0	0.0	1.0813148788927336E-4	1.0501624630935875E-9	1.166845815906789E-10	9.451463396619766E-9	-3.4005840832389176E-6	2.500471161393813E-5
224.0	0.0	0.0	0.0	0.0	0.0	0.0	0.0	0.0	0.0
225.0	5.404821100421576E-6	0.0	0.0	1.0809642200843153E-4	5.550297314236836E-10	2.92120911275623E-11	1.054556489704999E-8	-4.920396127891886E-6	1.573003832873504E-5
226.0	2.1590141754617794E-5	0.0	0.0	1.0815487778498811E-4	1.8645401277158075E-9	4.661342209844907E-10	7.458163754641072E-9	2.6655316468334795E-6	4.051475186240211E-5
227.0	0.0	0.0	0.0	0.0	0.0	0.0	0.0	0.0	0.0
228.0	2.1655651607696005E-5	0.0	0.0	1.0860121633362293E-4	1.875878027381173E-9	4.689672465539065E-10	7.503521150690238E-9	2.6735902997301134E-6	4.06377129156619E-5
229.0	0.0	0.0	0.0	0.0	0.0	0.0	0.0	0.0	0.0
230.0	5.383290267011197E-6	0.0	0.0	1.0766580534022394E-4	5.506164678790527E-10	2.8979814098897493E-11	1.0461712889701994E-8	-4.9007950666589E-6	1.5667375600681295E-5
231.0	0.0	0.0	0.0	0.0	0.0	0.0	0.0	0.0	0.0
232.0	1.0806725598697386E-5	0.0	0.0	1.0813148788927336E-4	1.0510682760635996E-9	1.1678531816554137E-10	9.459614897146126E-9	-3.4020461450634434E-6	2.5015497342458216E-5
233.0	0.0	0.0	0.0	0.0	0.0	0.0	0.0	0.0	0.0
234.0	5.396654074473826E-6	0.0	0.0	1.0793308148947653E-4	5.533536287911641E-10	2.912387519953495E-11	1.0513718947032119E-8	-4.912961098664636E-6	1.570626924761229E-5
235.0	5.406574394463668E-6	0.0	0.0	1.0813148788927336E-4	5.553898869745333E-10	2.923104668287017E-11	1.0552407852516134E-8	-4.921992277154826E-6	1.573514106608216E-5
236.0	5.478851632697787E-6	0.0	0.0	1.0957703265395574E-4	5.70338489049189E-10	3.001781521311519E-11	1.0836431291934589E-8	-4.98779142878894E-6	1.5945494694184512E-5
237.0	0.0	0.0	0.0	0.0	0.0	0.0	0.0	0.0	0.0
238.0	5.382131324004306E-6	0.0	0.0	1.0764262648008612E-4	5.503794141877385E-10	2.8967337588828337E-11	1.0457208869567032E-8	-4.899739997753266E-6	1.5664002645761876E-5
239.0	0.0	0.0	0.0	0.0	0.0	0.0	0.0	0.0	0.0
240.0	1.0819153293508049E-5	0.0	0.0	1.0860121633362293E-4	1.0535034859445384E-9	1.1705407798842605E-10	9.481548157549551E-9	-3.4060690098595445E-6	2.5044375596875643E-5
241.0	0.0	0.0	0.0	0.0	0.0	0.0	0.0	0.0	0.0
242.0	0.0	0.0	0.0	0.0	0.0	0.0	0.0	0.0	0.0
243.0	0.0	0.0	0.0	0.0	0.0	0.0	0.0	0.0	0.0
244.0	5.430060816681147E-6	0.0	0.0	1.0860121633362293E-4	5.602256489842623E-10	2.948556047285591E-11	1.0644287330700985E-8	-4.943373651078173E-6	1.5803495284440465E-5
245.0	5.425347222222222E-6	0.0	0.0	1.0850694444444444E-4	5.592534571518126E-10	2.943439248167438E-11	1.0625815685884452E-8	-4.939082528117166E-6	1.5789776972561607E-5
246.0	0.0	0.0	0.0	0.0	0.0	0.0	0.0	0.0	0.0
247.0	0.0	0.0	0.0	0.0	0.0	0.0	0.0	0.0	0.0
248.0	5.425347222222222E-6	0.0	0.0	1.0850694444444444E-4	5.592534571518126E-10	2.943439248167438E-11	1.0625815685884452E-8	-4.939082528117166E-6	1.5789776972561607E-5
249.0	5.392579810181191E-6	0.0	0.0	1.0785159620362382E-4	5.525184231743022E-10	2.9079917009173803E-11	1.0497850040311745E-8	-4.909252003788593E-6	1.5694411624150972E-5
250.0	1.6280755261125592E-5	0.0	0.0	2.1701388888888888E-4	2.679399616118398E-9	2.6506299187266876E-10	2.4408429234329988E-8	-6.405343527868997E-6	3.896685405012018E-5
251.0	5.478851632697787E-6	0.0	0.0	1.0957703265395574E-4	5.70338489049189E-10	3.001781521311519E-11	1.0836431291934589E-8	-4.98779142878894E-6	1.5945494694184512E-5
252.0	1.0773544687019823E-5	0.0	0.0	1.0780508840017249E-4	1.044623871103187E-9	1.1606926512321305E-10	9.401615324922952E-9	-3.3916010291915024E-6	2.4938690403231147E-5
253.0	5.425347222222222E-6	0.0	0.0	1.0850694444444444E-4	5.592534571518126E-10	2.943439248167438E-11	1.0625815685884452E-8	-4.939082528117166E-6	1.5789776972561607E-5
254.0	0.0	0.0	0.0	0.0	0.0	0.0	0.0	0.0	0.0
255.0	0.0	0.0	0.0	0.0	0.0	0.0	0.0	0.0	0.0
256.0	0.0	0.0	0.0	0.0	0.0	0.0	0.0	0.0	0.0
257.0	0.0	0.0	0.0	0.0	0.0	0.0	0.0	0.0	0.0
258.0	0.0	0.0	0.0	0.0	0.0	0.0	0.0	0.0	0.0
259.0	5.478851632697787E-6	0.0	0.0	1.0957703265395574E-4	5.70338489049189E-10	3.001781521311519E-11	1.0836431291934589E-8	-4.98779142878894E-6	1.5945494694184512E-5
260.0	1.0874341003583726E-5	0.0	0.0	1.0957703265395574E-4	1.0643311230269446E-9	1.182512922622223E-10	9.579049599909445E-9	-3.4237960118115137E-6	2.5172478018978966E-5
261.0	0.0	0.0	0.0	0.0	0.0	0.0	0.0	0.0	0.0
262.0	5.425347222222222E-6	0.0	0.0	1.0850694444444444E-4	5.592534571518126E-10	2.943439248167438E-11	1.0625815685884452E-8	-4.939082528117166E-6	1.5789776972561607E-5
263.0	0.0	0.0	0.0	0.0	0.0	0.0	0.0	0.0	0.0
264.0	0.0	0.0	0.0	0.0	0.0	0.0	0.0	0.0	0.0
265.0	1.0816764086574173E-5	0.0	0.0	1.0850694444444444E-4	1.05303298043326E-9	1.170023853046008E-10	9.477308336591186E-9	-3.405281296619504E-6	2.503880946976785E-5
266.0	0.0	0.0	0.0	0.0	0.0	0.0	0.0	0.0	0.0
267.0	0.0	0.0	0.0	0.0	0.0	0.0	0.0	0.0	0.0
268.0	1.0813185327859158E-5	0.0	0.0	1.0833062506770663E-4	1.0523287434340713E-9	1.1692497693462858E-10	9.470962641929061E-9	-3.4041036204184454E-6	2.503047427613676E-5
269.0	0.0	0.0	0.0	0.0	0.0	0.0	0.0	0.0	0.0
270.0	0.0	0.0	0.0	0.0	0.0	0.0	0.0	0.0	0.0
271.0	5.395489370885939E-6	0.0	0.0	1.0790978741771878E-4	5.5311480547552E-10	2.911130555134315E-11	1.0509181304034878E-8	-4.91190078548914E-6	1.570287952726102E-5
272.0	1.6194054985076596E-5	0.0	0.0	1.0809642200843153E-4	1.486070249865737E-9	2.6224741685968416E-10	8.421066303566705E-9	-7.010441147869701E-7	3.308915408494016E-5
273.0	5.430060816681147E-6	0.0	0.0	1.0860121633362293E-4	5.602256489842623E-10	2.948556047285591E-11	1.0644287330700985E-8	-4.943373651078173E-6	1.5803495284440465E-5
274.0	0.0	0.0	0.0	0.0	0.0	0.0	0.0	0.0	0.0
275.0	1.0779346896835526E-5	0.0	0.0	1.0780508840017249E-4	1.045748889201979E-9	1.161943195223177E-10	9.411740016318928E-9	-3.393424414305991E-6	2.4952118207977045E-5
276.0	0.0	0.0	0.0	0.0	0.0	0.0	0.0	0.0	0.0
277.0	5.404821100421576E-6	0.0	0.0	1.0809642200843153E-4	5.550297314236836E-10	2.92120911275623E-11	1.054556489704999E-8	-4.920396127891886E-6	1.573003832873504E-5
278.0	5.395489370885939E-6	0.0	0.0	1.0790978741771878E-4	5.5311480547552E-10	2.911130555134315E-11	1.0509181304034878E-8	-4.91190078548914E-6	1.570287952726102E-5
279.0	1.0783441471244915E-5	0.0	0.0	1.0800302408467438E-4	1.0465463325859224E-9	1.1628260996376469E-10	9.418919836185344E-9	-3.3947325847858538E-6	2.496161552727568E-5
280.0	0.0	0.0	0.0	0.0	0.0	0.0	0.0	0.0	0.0
281.0	0.0	0.0	0.0	0.0	0.0	0.0	0.0	0.0	0.0
282.0	5.425347222222222E-6	0.0	0.0	1.0850694444444444E-4	5.592534571518126E-10	2.943439248167438E-11	1.0625815685884452E-8	-4.939082528117166E-6	1.5789776972561607E-5
283.0	1.6202787551633295E-5	0.0	0.0	2.1600604816934875E-4	2.6541372322861423E-9	2.6253032444336284E-10	2.4178599402871173E-8	-6.376111437855147E-6	3.878168654112174E-5
284.0	0.0	0.0	0.0	0.0	0.0	0.0	0.0	0.0	0.0
285.0	0.0	0.0	0.0	0.0	0.0	0.0	0.0	0.0	0.0
286.0	5.404821100421576E-6	0.0	0.0	1.0809642200843153E-4	5.550297314236836E-10	2.92120911275623E-11	1.054556489704999E-8	-4.920396127891886E-6	1.573003832873504E-5
287.0	0.0	0.0	0.0	0.0	0.0	0.0	0.0	0.0	0.0
288.0	0.0	0.0	0.0	0.0	0.0	0.0	0.0	0.0	0.0
289.0	5.382131324004306E-6	0.0	0.0	1.0764262648008612E-4	5.503794141877385E-10	2.8967337588828337E-11	1.0457208869567032E-8	-4.899739997753266E-6	1.5664002645761876E-5
290.0	5.396654074473826E-6	0.0	0.0	1.0793308148947653E-4	5.533536287911641E-10	2.912387519953495E-11	1.0513718947032119E-8	-4.912961098664636E-6	1.570626924761229E-5
291.0	0.0	0.0	0.0	0.0	0.0	0.0	0.0	0.0	0.0
292.0	5.396654074473826E-6	0.0	0.0	1.0793308148947653E-4	5.533536287911641E-10	2.912387519953495E-11	1.0513718947032119E-8	-4.912961098664636E-6	1.570626924761229E-5
293.0	0.0	0.0	0.0	0.0	0.0	0.0	0.0	0.0	0.0
294.0	0.0	0.0	0.0	0.0	0.0	0.0	0.0	0.0	0.0
295.0	0.0	0.0	0.0	0.0	0.0	0.0	0.0	0.0	0.0
296.0	5.389092476826902E-6	0.0	0.0	1.0778184953653804E-4	5.518040367520539E-10	2.904231772379233E-11	1.0484276698289025E-8	-4.9060772342237375E-6	1.5684262187877543E-5
297.0	0.0	0.0	0.0	0.0	0.0	0.0	0.0	0.0	0.0
298.0	5.402485143165856E-6	0.0	0.0	1.0804970286331713E-4	5.545500687204285E-10	2.91868457221278E-11	1.0536451305688136E-8	-4.9182695385335344E-6	1.5723239824865247E-5
299.0	0.0	0.0	0.0	0.0	0.0	0.0	0.0	0.0	0.0
300.0	0.0	0.0	0.0	0.0	0.0	0.0	0.0	0.0	0.0
301.0	5.396654074473826E-6	0.0	0.0	1.0793308148947653E-4	5.533536287911641E-10	2.912387519953495E-11	1.0513718947032119E-8	-4.912961098664636E-6	1.570626924761229E-5
302.0	5.355612682090832E-6	0.0	0.0	1.0711225364181663E-4	5.449691568108708E-10	2.868258720057215E-11	1.0354413979406545E-8	-4.875598176856024E-6	1.5586823541037688E-5
303.0	0.0	0.0	0.0	0.0	0.0	0.0	0.0	0.0	0.0
304.0	5.383290267011197E-6	0.0	0.0	1.0766580534022394E-4	5.506164678790527E-10	2.8979814098897493E-11	1.0461712889701994E-8	-4.9007950666589E-6	1.5667375600681295E-5
305.0	0.0	0.0	0.0	0.0	0.0	0.0	0.0	0.0	0.0
306.0	1.6137284969098925E-5	0.0	0.0	1.0785159620362382E-4	1.4756844724968594E-9	2.604119661739061E-10	8.362228674993596E-9	-6.986727843880073E-7	3.2973242722585857E-5
307.0	1.0874341003583726E-5	0.0	0.0	1.0957703265395574E-4	1.0643311230269446E-9	1.182512922622223E-10	9.579049599909445E-9	-3.4237960118115137E-6	2.5172478018978966E-5
308.0	0.0	0.0	0.0	0.0	0.0	0.0	0.0	0.0	0.0
309.0	0.0	0.0	0.0	0.0	0.0	0.0	0.0	0.0	0.0
310.0	0.0	0.0	0.0	0.0	0.0	0.0	0.0	0.0	0.0
311.0	0.0	0.0	0.0	0.0	0.0	0.0	0.0	0.0	0.0
312.0	5.425347222222222E-6	0.0	0.0	1.0850694444444444E-4	5.592534571518126E-10	2.943439248167438E-11	1.0625815685884452E-8	-4.939082528117166E-6	1.5789776972561607E-5
313.0	0.0	0.0	0.0	0.0	0.0	0.0	0.0	0.0	0.0
314.0	0.0	0.0	0.0	0.0	0.0	0.0	0.0	0.0	0.0
315.0	0.0	0.0	0.0	0.0	0.0	0.0	0.0	0.0	0.0
316.0	5.402485143165856E-6	0.0	0.0	1.0804970286331713E-4	5.545500687204285E-10	2.91868457221278E-11	1.0536451305688136E-8	-4.9182695385335344E-6	1.5723239824865247E-5
317.0	0.0	0.0	0.0	0.0	0.0	0.0	0.0	0.0	0.0
318.0	5.478851632697787E-6	0.0	0.0	1.0957703265395574E-4	5.70338489049189E-10	3.001781521311519E-11	1.0836431291934589E-8	-4.98779142878894E-6	1.5945494694184512E-5
319.0	0.0	0.0	0.0	0.0	0.0	0.0	0.0	0.0	0.0
320.0	1.079273956317448E-5	0.0	0.0	1.0804970286331713E-4	1.0483505414124948E-9	1.1648322727851174E-10	9.435156368618341E-9	-3.3976505651663164E-6	2.498312969151528E-5
321.0	0.0	0.0	0.0	0.0	0.0	0.0	0.0	0.0	0.0
322.0	0.0	0.0	0.0	0.0	0.0	0.0	0.0	0.0	0.0
323.0	0.0	0.0	0.0	0.0	0.0	0.0	0.0	0.0	0.0
324.0	5.3914168643519514E-6	0.0	0.0	1.0782833728703904E-4	5.52280140299154E-10	2.9067375805218624E-11	1.0493322665683928E-8	-4.90819329082681E-6	1.5691027019530713E-5
325.0	5.372877713303245E-6	0.0	0.0	1.074575542660649E-4	5.484884835201034E-10	2.8867814922110714E-11	1.0421281186881966E-8	-4.891315772526093E-6	1.5637071199132584E-5
326.0	5.416531253385332E-6	0.0	0.0	1.0833062506770663E-4	5.574374055591019E-10	2.933881081890008E-11	1.0591310705622926E-8	-4.931056719654195E-6	1.576411922642486E-5
327.0	0.0	0.0	0.0	0.0	0.0	0.0	0.0	0.0	0.0
328.0	0.0	0.0	0.0	0.0	0.0	0.0	0.0	0.0	0.0
329.0	0.0	0.0	0.0	0.0	0.0	0.0	0.0	0.0	0.0
330.0	0.0	0.0	0.0	0.0	0.0	0.0	0.0	0.0	0.0
331.0	0.0	0.0	0.0	0.0	0.0	0.0	0.0	0.0	0.0
332.0	0.0	0.0	0.0	0.0	0.0	0.0	0.0	0.0	0.0
333.0	0.0	0.0	0.0	0.0	0.0	0.0	0.0	0.0	0.0
334.0	0.0	0.0	0.0	0.0	0.0	0.0	0.0	0.0	0.0
335.0	0.0	0.0	0.0	0.0	0.0	0.0	0.0	0.0	0.0
336.0	0.0	0.0	0.0	0.0	0.0	0.0	0.0	0.0	0.0
337.0	0.0	0.0	0.0	0.0	0.0	0.0	0.0	0.0	0.0
338.0	0.0	0.0	0.0	0.0	0.0	0.0	0.0	0.0	0.0
339.0	0.0	0.0	0.0	0.0	0.0	0.0	0.0	0.0	0.0
340.0	0.0	0.0	0.0	0.0	0.0	0.0	0.0	0.0	0.0
341.0	0.0	0.0	0.0	0.0	0.0	0.0	0.0	0.0	0.0
342.0	0.0	0.0	0.0	0.0	0.0	0.0	0.0	0.0	0.0
343.0	0.0	0.0	0.0	0.0	0.0	0.0	0.0	0.0	0.0
344.0	0.0	0.0	0.0	0.0	0.0	0.0	0.0	0.0	0.0
345.0	0.0	0.0	0.0	0.0	0.0	0.0	0.0	0.0	0.0
346.0	0.0	0.0	0.0	0.0	0.0	0.0	0.0	0.0	0.0
347.0	0.0	0.0	0.0	0.0	0.0	0.0	0.0	0.0	0.0
348.0	0.0	0.0	0.0	0.0	0.0	0.0	0.0	0.0	0.0
349.0	0.0	0.0	0.0	0.0	0.0	0.0	0.0	0.0	0.0
350.0	0.0	0.0	0.0	0.0	0.0	0.0	0.0	0.0	0.0
351.0	5.425347222222222E-6	0.0	0.0	1.0850694444444444E-4	5.592534571518126E-10	2.943439248167438E-11	1.0625815685884452E-8	-4.939082528117166E-6	1.5789776972561607E-5
352.0	5.416531253385332E-6	0.0	0.0	1.0833062506770663E-4	5.574374055591019E-10	2.933881081890008E-11	1.0591310705622926E-8	-4.931056719654195E-6	1.576411922642486E-5
353.0	0.0	0.0	0.0	0.0	0.0	0.0	0.0	0.0	0.0
354.0	0.0	0.0	0.0	0.0	0.0	0.0	0.0	0.0	0.0
355.0	0.0	0.0	0.0	0.0	0.0	0.0	0.0	0.0	0.0
356.0	0.0	0.0	0.0	0.0	0.0	0.0	0.0	0.0	0.0
357.0	0.0	0.0	0.0	0.0	0.0	0.0	0.0	0.0	0.0
358.0	0.0	0.0	0.0	0.0	0.0	0.0	0.0	0.0	0.0
359.0	5.407743889249406E-6	0.0	0.0	1.0815487778498811E-4	5.556301854625715E-10	2.924369397171429E-11	1.0556973523788857E-8	-4.923056952101217E-6	1.5738544730600028E-5
360.0	0.0	0.0	0.0	0.0	0.0	0.0	0.0	0.0	0.0
361.0	1.6320730108305342E-5	0.0	0.0	1.0957703265395574E-4	1.5094541390056479E-9	2.6636623126814454E-10	8.553618949518172E-9	-7.067756109773498E-7	3.3348235827588035E-5
362.0	0.0	0.0	0.0	0.0	0.0	0.0	0.0	0.0	0.0
363.0	0.0	0.0	0.0	0.0	0.0	0.0	0.0	0.0	0.0
364.0	0.0	0.0	0.0	0.0	0.0	0.0	0.0	0.0	0.0
365.0	5.372877713303245E-6	0.0	0.0	1.074575542660649E-4	5.484884835201034E-10	2.8867814922110714E-11	1.0421281186881966E-8	-4.891315772526093E-6	1.5637071199132584E-5
366.0	0.0	0.0	0.0	0.0	0.0	0.0	0.0	0.0	0.0
367.0	0.0	0.0	0.0	0.0	0.0	0.0	0.0	0.0	0.0
368.0	0.0	0.0	0.0	0.0	0.0	0.0	0.0	0.0	0.0
369.0	0.0	0.0	0.0	0.0	0.0	0.0	0.0	0.0	0.0
370.0	0.0	0.0	0.0	0.0	0.0	0.0	0.0	0.0	0.0
371.0	0.0	0.0	0.0	0.0	0.0	0.0	0.0	0.0	0.0
372.0	0.0	0.0	0.0	0.0	0.0	0.0	0.0	0.0	0.0
373.0	0.0	0.0	0.0	0.0	0.0	0.0	0.0	0.0	0.0
374.0	0.0	0.0	0.0	0.0	0.0	0.0	0.0	0.0	0.0
375.0	5.404821100421576E-6	0.0	0.0	1.0809642200843153E-4	5.550297314236836E-10	2.92120911275623E-11	1.054556489704999E-8	-4.920396127891886E-6	1.573003832873504E-5
376.0	0.0	0.0	0.0	0.0	0.0	0.0	0.0	0.0	0.0
377.0	0.0	0.0	0.0	0.0	0.0	0.0	0.0	0.0	0.0
378.0	5.389092476826902E-6	0.0	0.0	1.0778184953653804E-4	5.518040367520539E-10	2.904231772379233E-11	1.0484276698289025E-8	-4.9060772342237375E-6	1.5684262187877543E-5
379.0	0.0	0.0	0.0	0.0	0.0	0.0	0.0	0.0	0.0
380.0	0.0	0.0	0.0	0.0	0.0	0.0	0.0	0.0	0.0
381.0	0.0	0.0	0.0	0.0	0.0	0.0	0.0	0.0	0.0
382.0	0.0	0.0	0.0	0.0	0.0	0.0	0.0	0.0	0.0
383.0	5.416531253385332E-6	0.0	0.0	1.0833062506770663E-4	5.574374055591019E-10	2.933881081890008E-11	1.0591310705622926E-8	-4.931056719654195E-6	1.576411922642486E-5
384.0	0.0	0.0	0.0	0.0	0.0	0.0	0.0	0.0	0.0
385.0	0.0	0.0	0.0	0.0	0.0	0.0	0.0	0.0	0.0
386.0	0.0	0.0	0.0	0.0	0.0	0.0	0.0	0.0	0.0
387.0	0.0	0.0	0.0	0.0	0.0	0.0	0.0	0.0	0.0
388.0	5.395489370885939E-6	0.0	0.0	1.0790978741771878E-4	5.5311480547552E-10	2.911130555134315E-11	1.0509181304034878E-8	-4.91190078548914E-6	1.570287952726102E-5
389.0	0.0	0.0	0.0	0.0	0.0	0.0	0.0	0.0	0.0
390.0	5.406574394463668E-6	0.0	0.0	1.0813148788927336E-4	5.553898869745333E-10	2.923104668287017E-11	1.0552407852516134E-8	-4.921992277154826E-6	1.573514106608216E-5
391.0	0.0	0.0	0.0	0.0	0.0	0.0	0.0	0.0	0.0
392.0	0.0	0.0	0.0	0.0	0.0	0.0	0.0	0.0	0.0
393.0	0.0	0.0	0.0	0.0	0.0	0.0	0.0	0.0	0.0
394.0	0.0	0.0	0.0	0.0	0.0	0.0	0.0	0.0	0.0
395.0	0.0	0.0	0.0	0.0	0.0	0.0	0.0	0.0	0.0
396.0	5.3914168643519514E-6	0.0	0.0	1.0782833728703904E-4	5.52280140299154E-10	2.9067375805218624E-11	1.0493322665683928E-8	-4.90819329082681E-6	1.5691027019530713E-5
397.0	0.0	0.0	0.0	0.0	0.0	0.0	0.0	0.0	0.0
398.0	0.0	0.0	0.0	0.0	0.0	0.0	0.0	0.0	0.0
399.0	5.430060816681147E-6	0.0	0.0	1.0860121633362293E-4	5.602256489842623E-10	2.948556047285591E-11	1.0644287330700985E-8	-4.943373651078173E-6	1.5803495284440465E-5
400.0	0.0	0.0	0.0	0.0	0.0	0.0	0.0	0.0	0.0
401.0	0.0	0.0	0.0	0.0	0.0	0.0	0.0	0.0	0.0
402.0	0.0	0.0	0.0	0.0	0.0	0.0	0.0	0.0	0.0
403.0	0.0	0.0	0.0	0.0	0.0	0.0	0.0	0.0	0.0
404.0	0.0	0.0	0.0	0.0	0.0	0.0	0.0	0.0	0.0
405.0	0.0	0.0	0.0	0.0	0.0	0.0	0.0	0.0	0.0
406.0	0.0	0.0	0.0	0.0	0.0	0.0	0.0	0.0	0.0
407.0	0.0	0.0	0.0	0.0	0.0	0.0	0.0	0.0	0.0
408.0	0.0	0.0	0.0	0.0	0.0	0.0	0.0	0.0	0.0
409.0	0.0	0.0	0.0	0.0	0.0	0.0	0.0	0.0	0.0
410.0	0.0	0.0	0.0	0.0	0.0	0.0	0.0	0.0	0.0
411.0	5.372877713303245E-6	0.0	0.0	1.074575542660649E-4	5.484884835201034E-10	2.8867814922110714E-11	1.0421281186881966E-8	-4.891315772526093E-6	1.5637071199132584E-5
412.0	0.0	0.0	0.0	0.0	0.0	0.0	0.0	0.0	0.0
413.0	0.0	0.0	0.0	0.0	0.0	0.0	0.0	0.0	0.0
414.0	0.0	0.0	0.0	0.0	0.0	0.0	0.0	0.0	0.0
415.0	0.0	0.0	0.0	0.0	0.0	0.0	0.0	0.0	0.0
416.0	0.0	0.0	0.0	0.0	0.0	0.0	0.0	0.0	0.0
417.0	0.0	0.0	0.0	0.0	0.0	0.0	0.0	0.0	0.0
418.0	0.0	0.0	0.0	0.0	0.0	0.0	0.0	0.0	0.0
419.0	0.0	0.0	0.0	0.0	0.0	0.0	0.0	0.0	0.0
420.0	0.0	0.0	0.0	0.0	0.0	0.0	0.0	0.0	0.0
421.0	0.0	0.0	0.0	0.0	0.0	0.0	0.0	0.0	0.0
422.0	0.0	0.0	0.0	0.0	0.0	0.0	0.0	0.0	0.0
423.0	0.0	0.0	0.0	0.0	0.0	0.0	0.0	0.0	0.0
424.0	0.0	0.0	0.0	0.0	0.0	0.0	0.0	0.0	0.0
425.0	0.0	0.0	0.0	0.0	0.0	0.0	0.0	0.0	0.0
426.0	0.0	0.0	0.0	0.0	0.0	0.0	0.0	0.0	0.0
427.0	0.0	0.0	0.0	0.0	0.0	0.0	0.0	0.0	0.0
428.0	0.0	0.0	0.0	0.0	0.0	0.0	0.0	0.0	0.0
429.0	5.390254420008625E-6	0.0	0.0	1.0780508840017249E-4	5.520420115360281E-10	2.9054842712422504E-11	1.0488798219184528E-8	-4.9071350344036085E-6	1.5687643874420856E-5
430.0	0.0	0.0	0.0	0.0	0.0	0.0	0.0	0.0	0.0
431.0	0.0	0.0	0.0	0.0	0.0	0.0	0.0	0.0	0.0
432.0	0.0	0.0	0.0	0.0	0.0	0.0	0.0	0.0	0.0
433.0	0.0	0.0	0.0	0.0	0.0	0.0	0.0	0.0	0.0
434.0	0.0	0.0	0.0	0.0	0.0	0.0	0.0	0.0	0.0
435.0	0.0	0.0	0.0	0.0	0.0	0.0	0.0	0.0	0.0
436.0	0.0	0.0	0.0	0.0	0.0	0.0	0.0	0.0	0.0
437.0	0.0	0.0	0.0	0.0	0.0	0.0	0.0	0.0	0.0
438.0	0.0	0.0	0.0	0.0	0.0	0.0	0.0	0.0	0.0
439.0	0.0	0.0	0.0	0.0	0.0	0.0	0.0	0.0	0.0
440.0	0.0	0.0	0.0	0.0	0.0	0.0	0.0	0.0	0.0
441.0	0.0	0.0	0.0	0.0	0.0	0.0	0.0	0.0	0.0
442.0	0.0	0.0	0.0	0.0	0.0	0.0	0.0	0.0	0.0
443.0	0.0	0.0	0.0	0.0	0.0	0.0	0.0	0.0	0.0
444.0	0.0	0.0	0.0	0.0	0.0	0.0	0.0	0.0	0.0
445.0	0.0	0.0	0.0	0.0	0.0	0.0	0.0	0.0	0.0
446.0	0.0	0.0	0.0	0.0	0.0	0.0	0.0	0.0	0.0
447.0	0.0	0.0	0.0	0.0	0.0	0.0	0.0	0.0	0.0
448.0	0.0	0.0	0.0	0.0	0.0	0.0	0.0	0.0	0.0
449.0	0.0	0.0	0.0	0.0	0.0	0.0	0.0	0.0	0.0
450.0	0.0	0.0	0.0	0.0	0.0	0.0	0.0	0.0	0.0
451.0	0.0	0.0	0.0	0.0	0.0	0.0	0.0	0.0	0.0
452.0	5.425347222222222E-6	0.0	0.0	1.0850694444444444E-4	5.592534571518126E-10	2.943439248167438E-11	1.0625815685884452E-8	-4.939082528117166E-6	1.5789776972561607E-5
453.0	0.0	0.0	0.0	0.0	0.0	0.0	0.0	0.0	0.0
454.0	0.0	0.0	0.0	0.0	0.0	0.0	0.0	0.0	0.0
455.0	0.0	0.0	0.0	0.0	0.0	0.0	0.0	0.0	0.0
456.0	0.0	0.0	0.0	0.0	0.0	0.0	0.0	0.0	0.0
457.0	0.0	0.0	0.0	0.0	0.0	0.0	0.0	0.0	0.0
458.0	5.382131324004306E-6	0.0	0.0	1.0764262648008612E-4	5.503794141877385E-10	2.8967337588828337E-11	1.0457208869567032E-8	-4.899739997753266E-6	1.5664002645761876E-5
459.0	0.0	0.0	0.0	0.0	0.0	0.0	0.0	0.0	0.0
460.0	0.0	0.0	0.0	0.0	0.0	0.0	0.0	0.0	0.0
461.0	0.0	0.0	0.0	0.0	0.0	0.0	0.0	0.0	0.0
462.0	0.0	0.0	0.0	0.0	0.0	0.0	0.0	0.0	0.0
463.0	0.0	0.0	0.0	0.0	0.0	0.0	0.0	0.0	0.0
464.0	0.0	0.0	0.0	0.0	0.0	0.0	0.0	0.0	0.0
465.0	0.0	0.0	0.0	0.0	0.0	0.0	0.0	0.0	0.0
466.0	0.0	0.0	0.0	0.0	0.0	0.0	0.0	0.0	0.0
467.0	0.0	0.0	0.0	0.0	0.0	0.0	0.0	0.0	0.0
468.0	0.0	0.0	0.0	0.0	0.0	0.0	0.0	0.0	0.0
469.0	0.0	0.0	0.0	0.0	0.0	0.0	0.0	0.0	0.0
470.0	0.0	0.0	0.0	0.0	0.0	0.0	0.0	0.0	0.0
471.0	0.0	0.0	0.0	0.0	0.0	0.0	0.0	0.0	0.0
472.0	0.0	0.0	0.0	0.0	0.0	0.0	0.0	0.0	0.0
473.0	0.0	0.0	0.0	0.0	0.0	0.0	0.0	0.0	0.0
474.0	0.0	0.0	0.0	0.0	0.0	0.0	0.0	0.0	0.0
475.0	0.0	0.0	0.0	0.0	0.0	0.0	0.0	0.0	0.0
476.0	0.0	0.0	0.0	0.0	0.0	0.0	0.0	0.0	0.0
477.0	0.0	0.0	0.0	0.0	0.0	0.0	0.0	0.0	0.0
478.0	0.0	0.0	0.0	0.0	0.0	0.0	0.0	0.0	0.0
479.0	0.0	0.0	0.0	0.0	0.0	0.0	0.0	0.0	0.0
480.0	0.0	0.0	0.0	0.0	0.0	0.0	0.0	0.0	0.0
481.0	0.0	0.0	0.0	0.0	0.0	0.0	0.0	0.0	0.0
482.0	0.0	0.0	0.0	0.0	0.0	0.0	0.0	0.0	0.0
483.0	0.0	0.0	0.0	0.0	0.0	0.0	0.0	0.0	0.0
484.0	0.0	0.0	0.0	0.0	0.0	0.0	0.0	0.0	0.0
485.0	0.0	0.0	0.0	0.0	0.0	0.0	0.0	0.0	0.0
486.0	0.0	0.0	0.0	0.0	0.0	0.0	0.0	0.0	0.0
487.0	0.0	0.0	0.0	0.0	0.0	0.0	0.0	0.0	0.0
488.0	0.0	0.0	0.0	0.0	0.0	0.0	0.0	0.0	0.0
489.0	0.0	0.0	0.0	0.0	0.0	0.0	0.0	0.0	0.0
490.0	0.0	0.0	0.0	0.0	0.0	0.0	0.0	0.0	0.0
491.0	0.0	0.0	0.0	0.0	0.0	0.0	0.0	0.0	0.0
492.0	0.0	0.0	0.0	0.0	0.0	0.0	0.0	0.0	0.0
493.0	0.0	0.0	0.0	0.0	0.0	0.0	0.0	0.0	0.0
494.0	0.0	0.0	0.0	0.0	0.0	0.0	0.0	0.0	0.0
495.0	0.0	0.0	0.0	0.0	0.0	0.0	0.0	0.0	0.0
496.0	0.0	0.0	0.0	0.0	0.0	0.0	0.0	0.0	0.0
497.0	0.0	0.0	0.0	0.0	0.0	0.0	0.0	0.0	0.0
498.0	0.0	0.0	0.0	0.0	0.0	0.0	0.0	0.0	0.0
499.0	0.0	0.0	0.0	0.0	0.0	0.0	0.0	0.0	0.0
500.0	0.0	0.0	0.0	0.0	0.0	0.0	0.0	0.0	0.0
501.0	0.0	0.0	0.0	0.0	0.0	0.0	0.0	0.0	0.0
502.0	0.0	0.0	0.0	0.0	0.0	0.0	0.0	0.0	0.0
503.0	0.0	0.0	0.0	0.0	0.0	0.0	0.0	0.0	0.0
504.0	0.0	0.0	0.0	0.0	0.0	0.0	0.0	0.0	0.0
505.0	0.0	0.0	0.0	0.0	0.0	0.0	0.0	0.0	0.0
506.0	0.0	0.0	0.0	0.0	0.0	0.0	0.0	0.0	0.0
507.0	0.0	0.0	0.0	0.0	0.0	0.0	0.0	0.0	0.0
508.0	0.0	0.0	0.0	0.0	0.0	0.0	0.0	0.0	0.0
509.0	0.0	0.0	0.0	0.0	0.0	0.0	0.0	0.0	0.0
510.0	0.0	0.0	0.0	0.0	0.0	0.0	0.0	0.0	0.0
511.0	0.0	0.0	0.0	0.0	0.0	0.0	0.0	0.0	0.0
512.0	0.0	0.0	0.0	0.0	0.0	0.0	0.0	0.0	0.0
513.0	0.0	0.0	0.0	0.0	0.0	0.0	0.0	0.0	0.0
514.0	0.0	0.0	0.0	0.0	0.0	0.0	0.0	0.0	0.0
515.0	0.0	0.0	0.0	0.0	0.0	0.0	0.0	0.0	0.0
516.0	0.0	0.0	0.0	0.0	0.0	0.0	0.0	0.0	0.0
517.0	0.0	0.0	0.0	0.0	0.0	0.0	0.0	0.0	0.0
518.0	0.0	0.0	0.0	0.0	0.0	0.0	0.0	0.0	0.0
519.0	0.0	0.0	0.0	0.0	0.0	0.0	0.0	0.0	0.0
520.0	0.0	0.0	0.0	0.0	0.0	0.0	0.0	0.0	0.0
521.0	0.0	0.0	0.0	0.0	0.0	0.0	0.0	0.0	0.0
522.0	0.0	0.0	0.0	0.0	0.0	0.0	0.0	0.0	0.0
523.0	0.0	0.0	0.0	0.0	0.0	0.0	0.0	0.0	0.0
524.0	0.0	0.0	0.0	0.0	0.0	0.0	0.0	0.0	0.0
525.0	0.0	0.0	0.0	0.0	0.0	0.0	0.0	0.0	0.0
526.0	0.0	0.0	0.0	0.0	0.0	0.0	0.0	0.0	0.0
527.0	0.0	0.0	0.0	0.0	0.0	0.0	0.0	0.0	0.0
528.0	0.0	0.0	0.0	0.0	0.0	0.0	0.0	0.0	0.0
529.0	0.0	0.0	0.0	0.0	0.0	0.0	0.0	0.0	0.0
530.0	0.0	0.0	0.0	0.0	0.0	0.0	0.0	0.0	0.0
531.0	0.0	0.0	0.0	0.0	0.0	0.0	0.0	0.0	0.0
532.0	0.0	0.0	0.0	0.0	0.0	0.0	0.0	0.0	0.0
533.0	0.0	0.0	0.0	0.0	0.0	0.0	0.0	0.0	0.0
534.0	0.0	0.0	0.0	0.0	0.0	0.0	0.0	0.0	0.0
535.0	0.0	0.0	0.0	0.0	0.0	0.0	0.0	0.0	0.0
536.0	0.0	0.0	0.0	0.0	0.0	0.0	0.0	0.0	0.0
537.0	0.0	0.0	0.0	0.0	0.0	0.0	0.0	0.0	0.0
538.0	0.0	0.0	0.0	0.0	0.0	0.0	0.0	0.0	0.0
539.0	0.0	0.0	0.0	0.0	0.0	0.0	0.0	0.0	0.0
540.0	0.0	0.0	0.0	0.0	0.0	0.0	0.0	0.0	0.0
541.0	0.0	0.0	0.0	0.0	0.0	0.0	0.0	0.0	0.0
542.0	0.0	0.0	0.0	0.0	0.0	0.0	0.0	0.0	0.0
543.0	0.0	0.0	0.0	0.0	0.0	0.0	0.0	0.0	0.0
544.0	0.0	0.0	0.0	0.0	0.0	0.0	0.0	0.0	0.0
545.0	0.0	0.0	0.0	0.0	0.0	0.0	0.0	0.0	0.0
546.0	0.0	0.0	0.0	0.0	0.0	0.0	0.0	0.0	0.0
547.0	0.0	0.0	0.0	0.0	0.0	0.0	0.0	0.0	0.0
548.0	0.0	0.0	0.0	0.0	0.0	0.0	0.0	0.0	0.0
549.0	0.0	0.0	0.0	0.0	0.0	0.0	0.0	0.0	0.0
550.0	0.0	0.0	0.0	0.0	0.0	0.0	0.0	0.0	0.0
551.0	0.0	0.0	0.0	0.0	0.0	0.0	0.0	0.0	0.0
552.0	0.0	0.0	0.0	0.0	0.0	0.0	0.0	0.0	0.0
553.0	0.0	0.0	0.0	0.0	0.0	0.0	0.0	0.0	0.0
554.0	0.0	0.0	0.0	0.0	0.0	0.0	0.0	0.0	0.0
555.0	0.0	0.0	0.0	0.0	0.0	0.0	0.0	0.0	0.0
556.0	0.0	0.0	0.0	0.0	0.0	0.0	0.0	0.0	0.0
557.0	0.0	0.0	0.0	0.0	0.0	0.0	0.0	0.0	0.0
558.0	0.0	0.0	0.0	0.0	0.0	0.0	0.0	0.0	0.0
559.0	0.0	0.0	0.0	0.0	0.0	0.0	0.0	0.0	0.0
560.0	0.0	0.0	0.0	0.0	0.0	0.0	0.0	0.0	0.0
561.0	0.0	0.0	0.0	0.0	0.0	0.0	0.0	0.0	0.0
562.0	0.0	0.0	0.0	0.0	0.0	0.0	0.0	0.0	0.0
563.0	0.0	0.0	0.0	0.0	0.0	0.0	0.0	0.0	0.0
564.0	0.0	0.0	0.0	0.0	0.0	0.0	0.0	0.0	0.0
565.0	0.0	0.0	0.0	0.0	0.0	0.0	0.0	0.0	0.0
566.0	0.0	0.0	0.0	0.0	0.0	0.0	0.0	0.0	0.0
567.0	0.0	0.0	0.0	0.0	0.0	0.0	0.0	0.0	0.0
568.0	0.0	0.0	0.0	0.0	0.0	0.0	0.0	0.0	0.0
569.0	0.0	0.0	0.0	0.0	0.0	0.0	0.0	0.0	0.0
570.0	0.0	0.0	0.0	0.0	0.0	0.0	0.0	0.0	0.0
571.0	0.0	0.0	0.0	0.0	0.0	0.0	0.0	0.0	0.0
572.0	0.0	0.0	0.0	0.0	0.0	0.0	0.0	0.0	0.0
573.0	0.0	0.0	0.0	0.0	0.0	0.0	0.0	0.0	0.0
574.0	0.0	0.0	0.0	0.0	0.0	0.0	0.0	0.0	0.0
575.0	0.0	0.0	0.0	0.0	0.0	0.0	0.0	0.0	0.0
576.0	0.0	0.0	0.0	0.0	0.0	0.0	0.0	0.0	0.0
577.0	0.0	0.0	0.0	0.0	0.0	0.0	0.0	0.0	0.0
578.0	0.0	0.0	0.0	0.0	0.0	0.0	0.0	0.0	0.0
579.0	0.0	0.0	0.0	0.0	0.0	0.0	0.0	0.0	0.0
580.0	0.0	0.0	0.0	0.0	0.0	0.0	0.0	0.0	0.0
581.0	0.0	0.0	0.0	0.0	0.0	0.0	0.0	0.0	0.0
582.0	0.0	0.0	0.0	0.0	0.0	0.0	0.0	0.0	0.0
583.0	0.0	0.0	0.0	0.0	0.0	0.0	0.0	0.0	0.0
584.0	0.0	0.0	0.0	0.0	0.0	0.0	0.0	0.0	0.0
585.0	0.0	0.0	0.0	0.0	0.0	0.0	0.0	0.0	0.0
586.0	0.0	0.0	0.0	0.0	0.0	0.0	0.0	0.0	0.0
587.0	0.0	0.0	0.0	0.0	0.0	0.0	0.0	0.0	0.0
588.0	0.0	0.0	0.0	0.0	0.0	0.0	0.0	0.0	0.0
589.0	0.0	0.0	0.0	0.0	0.0	0.0	0.0	0.0	0.0
590.0	0.0	0.0	0.0	0.0	0.0	0.0	0.0	0.0	0.0
591.0	0.0	0.0	0.0	0.0	0.0	0.0	0.0	0.0	0.0
592.0	0.0	0.0	0.0	0.0	0.0	0.0	0.0	0.0	0.0
593.0	0.0	0.0	0.0	0.0	0.0	0.0	0.0	0.0	0.0
594.0	0.0	0.0	0.0	0.0	0.0	0.0	0.0	0.0	0.0
595.0	0.0	0.0	0.0	0.0	0.0	0.0	0.0	0.0	0.0
596.0	0.0	0.0	0.0	0.0	0.0	0.0	0.0	0.0	0.0
597.0	0.0	0.0	0.0	0.0	0.0	0.0	0.0	0.0	0.0
598.0	0.0	0.0	0.0	0.0	0.0	0.0	0.0	0.0	0.0
599.0	0.0	0.0	0.0	0.0	0.0	0.0	0.0	0.0	0.0
600.0	0.0	0.0	0.0	0.0	0.0	0.0	0.0	0.0	0.0
601.0	0.0	0.0	0.0	0.0	0.0	0.0	0.0	0.0	0.0
602.0	0.0	0.0	0.0	0.0	0.0	0.0	0.0	0.0	0.0
603.0	0.0	0.0	0.0	0.0	0.0	0.0	0.0	0.0	0.0
604.0	0.0	0.0	0.0	0.0	0.0	0.0	0.0	0.0	0.0
605.0	0.0	0.0	0.0	0.0	0.0	0.0	0.0	0.0	0.0
606.0	0.0	0.0	0.0	0.0	0.0	0.0	0.0	0.0	0.0
607.0	0.0	0.0	0.0	0.0	0.0	0.0	0.0	0.0	0.0
608.0	0.0	0.0	0.0	0.0	0.0	0.0	0.0	0.0	0.0
609.0	0.0	0.0	0.0	0.0	0.0	0.0	0.0	0.0	0.0
610.0	0.0	0.0	0.0	0.0	0.0	0.0	0.0	0.0	0.0
611.0	0.0	0.0	0.0	0.0	0.0	0.0	0.0	0.0	0.0
612.0	0.0	0.0	0.0	0.0	0.0	0.0	0.0	0.0	0.0
613.0	0.0	0.0	0.0	0.0	0.0	0.0	0.0	0.0	0.0
614.0	0.0	0.0	0.0	0.0	0.0	0.0	0.0	0.0	0.0
615.0	0.0	0.0	0.0	0.0	0.0	0.0	0.0	0.0	0.0
616.0	0.0	0.0	0.0	0.0	0.0	0.0	0.0	0.0	0.0
617.0	0.0	0.0	0.0	0.0	0.0	0.0	0.0	0.0	0.0
618.0	0.0	0.0	0.0	0.0	0.0	0.0	0.0	0.0	0.0
619.0	0.0	0.0	0.0	0.0	0.0	0.0	0.0	0.0	0.0
620.0	0.0	0.0	0.0	0.0	0.0	0.0	0.0	0.0	0.0
621.0	0.0	0.0	0.0	0.0	0.0	0.0	0.0	0.0	0.0
622.0	0.0	0.0	0.0	0.0	0.0	0.0	0.0	0.0	0.0
623.0	0.0	0.0	0.0	0.0	0.0	0.0	0.0	0.0	0.0
624.0	0.0	0.0	0.0	0.0	0.0	0.0	0.0	0.0	0.0
625.0	0.0	0.0	0.0	0.0	0.0	0.0	0.0	0.0	0.0
626.0	0.0	0.0	0.0	0.0	0.0	0.0	0.0	0.0	0.0
627.0	0.0	0.0	0.0	0.0	0.0	0.0	0.0	0.0	0.0
628.0	0.0	0.0	0.0	0.0	0.0	0.0	0.0	0.0	0.0
629.0	0.0	0.0	0.0	0.0	0.0	0.0	0.0	0.0	0.0
630.0	0.0	0.0	0.0	0.0	0.0	0.0	0.0	0.0	0.0
631.0	0.0	0.0	0.0	0.0	0.0	0.0	0.0	0.0	0.0
632.0	0.0	0.0	0.0	0.0	0.0	0.0	0.0	0.0	0.0
633.0	0.0	0.0	0.0	0.0	0.0	0.0	0.0	0.0	0.0
634.0	0.0	0.0	0.0	0.0	0.0	0.0	0.0	0.0	0.0
635.0	0.0	0.0	0.0	0.0	0.0	0.0	0.0	0.0	0.0
636.0	0.0	0.0	0.0	0.0	0.0	0.0	0.0	0.0	0.0
637.0	0.0	0.0	0.0	0.0	0.0	0.0	0.0	0.0	0.0
638.0	0.0	0.0	0.0	0.0	0.0	0.0	0.0	0.0	0.0
639.0	0.0	0.0	0.0	0.0	0.0	0.0	0.0	0.0	0.0
640.0	0.0	0.0	0.0	0.0	0.0	0.0	0.0	0.0	0.0
641.0	0.0	0.0	0.0	0.0	0.0	0.0	0.0	0.0	0.0
642.0	0.0	0.0	0.0	0.0	0.0	0.0	0.0	0.0	0.0
643.0	0.0	0.0	0.0	0.0	0.0	0.0	0.0	0.0	0.0
644.0	0.0	0.0	0.0	0.0	0.0	0.0	0.0	0.0	0.0
645.0	0.0	0.0	0.0	0.0	0.0	0.0	0.0	0.0	0.0
646.0	0.0	0.0	0.0	0.0	0.0	0.0	0.0	0.0	0.0
647.0	5.390254420008625E-6	0.0	0.0	1.0780508840017249E-4	5.520420115360281E-10	2.9054842712422504E-11	1.0488798219184528E-8	-4.9071350344036085E-6	1.5687643874420856E-5
648.0	0.0	0.0	0.0	0.0	0.0	0.0	0.0	0.0	0.0
649.0	0.0	0.0	0.0	0.0	0.0	0.0	0.0	0.0	0.0
650.0	0.0	0.0	0.0	0.0	0.0	0.0	0.0	0.0	0.0
651.0	0.0	0.0	0.0	0.0	0.0	0.0	0.0	0.0	0.0
652.0	0.0	0.0	0.0	0.0	0.0	0.0	0.0	0.0	0.0
653.0	0.0	0.0	0.0	0.0	0.0	0.0	0.0	0.0	0.0
654.0	0.0	0.0	0.0	0.0	0.0	0.0	0.0	0.0	0.0
655.0	0.0	0.0	0.0	0.0	0.0	0.0	0.0	0.0	0.0
656.0	0.0	0.0	0.0	0.0	0.0	0.0	0.0	0.0	0.0
657.0	0.0	0.0	0.0	0.0	0.0	0.0	0.0	0.0	0.0
658.0	5.478851632697787E-6	0.0	0.0	1.0957703265395574E-4	5.70338489049189E-10	3.001781521311519E-11	1.0836431291934589E-8	-4.98779142878894E-6	1.5945494694184512E-5
