0	0.0
1	0.0010837758751490192
2	0.013980708789422347
3	0.015606372602145877
4	0.004009970738051371
5	6.502655250894115E-4
6	1.0837758751490192E-4
7	2.1675517502980384E-4
8	4.3351035005960767E-4
9	0.004985369025685488
10	0.015389617427116073
11	0.025685488241031753
12	0.08366749756150428
13	0.06296737834615801
14	0.015497995014630974
15	0.0019507965752682346
16	5.418879375745096E-4
17	0.0011921534626639211
18	0.005527256963259998
19	0.020700119215346268
20	0.04898666955673567
21	0.08410100791156389
22	0.09851522705104584
23	0.04573534193128861
24	0.013113688089303133
25	0.0029261948629023516
26	0.002601062100357646
27	0.0074780535385282326
28	0.010512625988945486
29	0.03273003142950038
30	0.044218055706079985
31	0.06350926628373252
32	0.03002059174162783
33	0.014522596726996857
34	0.008670207001192153
35	0.005852389725804703
36	0.0076948087135580365
37	0.010621003576460388
38	0.01528123983960117
39	0.018966077815107837
40	0.012355044976698818
41	0.010295870813915682
42	0.007803186301072938
43	0.006936165600953723
44	0.005202124200715292
45	0.006069144900834507
46	0.008345074238647448
47	0.004335103500596077
48	0.004009970738051371
49	0.005202124200715292
50	0.004985369025685488
51	0.0045518586756258805
52	0.004118348325566273
53	0.003901593150536469
54	0.0029261948629023516
55	0.002709439687872548
56	0.0034680828004768614
57	0.0023843069253278422
58	0.0022759293378129403
59	0.0015172862252086268
60	0.0018424189877533326
61	0.0021675517502980383
62	0.0016256638127235287
63	0.0021675517502980383
64	0.0023843069253278422
65	0.0016256638127235287
66	0.0011921534626639211
67	0.0010837758751490192
68	0.0010837758751490192
69	0.0020591741627831363
70	0.001408908637693725
71	0.0021675517502980383
72	9.753982876341173E-4
73	0.001300531050178823
74	0.0016256638127235287
75	9.753982876341173E-4
76	8.670207001192153E-4
77	6.502655250894115E-4
78	8.670207001192153E-4
79	5.418879375745096E-4
80	0.0010837758751490192
81	7.586431126043134E-4
82	0.001300531050178823
83	6.502655250894115E-4
84	0.0011921534626639211
85	7.586431126043134E-4
86	5.418879375745096E-4
87	4.3351035005960767E-4
88	6.502655250894115E-4
89	0.0010837758751490192
90	6.502655250894115E-4
91	3.2513276254470577E-4
92	5.418879375745096E-4
93	7.586431126043134E-4
94	3.2513276254470577E-4
95	5.418879375745096E-4
96	3.2513276254470577E-4
97	1.0837758751490192E-4
98	4.3351035005960767E-4
99	7.586431126043134E-4
100	3.2513276254470577E-4
101	4.3351035005960767E-4
102	5.418879375745096E-4
103	3.2513276254470577E-4
104	4.3351035005960767E-4
105	1.0837758751490192E-4
106	1.0837758751490192E-4
107	5.418879375745096E-4
108	5.418879375745096E-4
109	2.1675517502980384E-4
110	2.1675517502980384E-4
111	1.0837758751490192E-4
112	4.3351035005960767E-4
113	7.586431126043134E-4
114	0.0
115	3.2513276254470577E-4
116	2.1675517502980384E-4
117	2.1675517502980384E-4
118	0.0
119	5.418879375745096E-4
120	2.1675517502980384E-4
121	0.0
122	0.0
123	1.0837758751490192E-4
124	1.0837758751490192E-4
125	0.0
126	2.1675517502980384E-4
127	0.0
128	1.0837758751490192E-4
129	1.0837758751490192E-4
130	2.1675517502980384E-4
131	0.0
132	0.0
133	1.0837758751490192E-4
134	2.1675517502980384E-4
135	2.1675517502980384E-4
136	1.0837758751490192E-4
137	1.0837758751490192E-4
138	0.0
139	0.0
140	0.0
141	0.0
142	0.0
143	0.0
144	0.0
145	4.3351035005960767E-4
146	3.2513276254470577E-4
147	3.2513276254470577E-4
148	1.0837758751490192E-4
149	0.0
150	1.0837758751490192E-4
151	0.0
152	0.0
153	1.0837758751490192E-4
154	1.0837758751490192E-4
155	0.0
156	0.0
157	0.0
158	0.0
159	0.0
160	0.0
161	0.0
162	1.0837758751490192E-4
163	0.0
164	0.0
165	1.0837758751490192E-4
166	1.0837758751490192E-4
167	1.0837758751490192E-4
168	1.0837758751490192E-4
169	1.0837758751490192E-4
170	0.0
171	1.0837758751490192E-4
172	0.0
173	0.0
174	1.0837758751490192E-4
175	2.1675517502980384E-4
176	2.1675517502980384E-4
177	1.0837758751490192E-4
178	0.0
179	0.0
180	1.0837758751490192E-4
181	0.0
182	1.0837758751490192E-4
183	1.0837758751490192E-4
184	0.0
185	0.0
186	0.0
187	1.0837758751490192E-4
188	0.0
189	0.0
190	0.0
191	0.0
192	1.0837758751490192E-4
193	0.0
194	0.0
195	1.0837758751490192E-4
196	2.1675517502980384E-4
197	0.0
198	0.0
199	0.0
200	1.0837758751490192E-4
201	0.0
202	1.0837758751490192E-4
203	0.0
204	0.0
205	0.0
206	0.0
207	1.0837758751490192E-4
208	1.0837758751490192E-4
209	1.0837758751490192E-4
210	0.0
211	0.0
212	0.0
213	1.0837758751490192E-4
214	0.0
215	0.0
216	0.0
217	0.0
218	1.0837758751490192E-4
219	0.0
220	0.0
221	0.0
222	0.0
223	0.0
224	0.0
225	0.0
226	0.0
227	0.0
228	0.0
229	0.0
230	1.0837758751490192E-4
231	0.0
232	0.0
233	2.1675517502980384E-4
234	0.0
235	0.0
236	0.0
237	0.0
238	0.0
239	0.0
240	0.0
241	1.0837758751490192E-4
242	0.0
243	0.0
244	0.0
245	0.0
246	0.0
247	0.0
248	0.0
249	0.0
250	1.0837758751490192E-4
251	0.0
252	0.0
253	1.0837758751490192E-4
254	0.0
255	0.0
256	0.0
257	0.0
258	0.0
259	0.0
260	0.0
261	0.0
262	0.0
263	1.0837758751490192E-4
264	0.0
265	0.0
266	1.0837758751490192E-4
267	0.0
268	0.0
269	0.0
270	0.0
271	0.0
272	0.0
273	0.0
274	0.0
275	2.1675517502980384E-4
276	0.0
277	0.0
278	0.0
279	0.0
280	0.0
281	0.0
282	0.0
283	0.0
284	0.0
285	0.0
286	0.0
287	0.0
288	0.0
289	0.0
290	0.0
291	0.0
292	0.0
293	0.0
294	0.0
295	0.0
296	0.0
297	0.0
298	0.0
299	0.0
300	0.0
301	0.0
302	0.0
303	0.0
304	0.0
305	0.0
306	0.0
307	0.0
308	0.0
309	0.0
310	0.0
311	0.0
312	0.0
313	0.0
314	0.0
315	0.0
316	0.0
317	0.0
318	0.0
319	1.0837758751490192E-4
320	0.0
321	0.0
322	0.0
323	0.0
324	1.0837758751490192E-4
325	0.0
326	0.0
327	0.0
328	0.0
329	0.0
330	0.0
331	0.0
332	0.0
333	0.0
334	0.0
335	0.0
336	0.0
337	0.0
338	0.0
339	0.0
340	0.0
341	0.0
342	0.0
343	0.0
344	0.0
345	0.0
346	0.0
347	0.0
348	0.0
349	0.0
350	0.0
351	0.0
352	0.0
353	0.0
354	0.0
355	0.0
356	0.0
357	0.0
358	0.0
359	0.0
360	0.0
361	0.0
362	0.0
363	0.0
364	0.0
365	0.0
366	0.0
367	0.0
368	0.0
369	0.0
370	0.0
371	0.0
372	0.0
373	0.0
374	0.0
375	0.0
376	0.0
377	0.0
378	0.0
379	0.0
380	0.0
381	1.0837758751490192E-4
382	0.0
383	0.0
384	0.0
385	0.0
386	0.0
387	0.0
388	0.0
389	0.0
390	0.0
391	0.0
392	0.0
393	0.0
394	0.0
395	1.0837758751490192E-4
396	0.0
397	0.0
398	0.0
399	0.0
400	0.0
401	0.0
402	0.0
403	0.0
404	0.0
405	0.0
406	0.0
407	0.0
408	0.0
409	0.0
410	0.0
411	0.0
412	1.0837758751490192E-4
413	0.0
414	0.0
415	0.0
416	0.0
417	0.0
418	0.0
419	0.0
420	0.0
421	0.0
422	0.0
423	0.0
424	0.0
425	1.0837758751490192E-4
