0	0.0
1	0.0015073212747631353
2	0.04145133505598622
3	0.07407407407407407
4	0.026055124892334195
5	0.005383290267011198
6	0.0011843238587424634
7	6.459948320413437E-4
8	0.0027993109388458224
9	0.011843238587424634
10	0.027670111972437555
11	0.03692937123169681
12	0.0669681309216193
13	0.11326442721791559
14	0.048557278208440996
15	0.012058570198105082
16	0.003768303186907838
17	0.0035529715762273903
18	0.0103359173126615
19	0.024763135228251507
20	0.0431739879414298
21	0.05167958656330749
22	0.05426356589147287
23	0.049203273040482345
24	0.02153316106804479
25	0.00904392764857881
26	0.0050602928509905255
27	0.0069982773471145565
28	0.015396210163652025
29	0.01884151593453919
30	0.021640826873385012
31	0.025839793281653745
32	0.01905684754521964
33	0.010981912144702842
34	0.008505598621877691
35	0.005921619293712317
36	0.006352282515073213
37	0.00656761412575366
38	0.008613264427217916
39	0.009582256675279932
40	0.005275624461670974
41	0.006782945736434108
42	0.005490956072351421
43	0.003768303186907838
44	0.004629629629629629
45	0.0027993109388458224
46	0.00409130060292851
47	0.0029069767441860465
48	0.0027993109388458224
49	0.0030146425495262705
50	0.002045650301464255
51	0.0024763135228251507
52	0.002045650301464255
53	0.002691645133505599
54	0.0013996554694229112
55	0.001937984496124031
56	0.0017226528854435831
57	0.002045650301464255
58	0.0013996554694229112
59	0.0012919896640826874
60	0.0015073212747631353
61	8.613264427217916E-4
62	6.459948320413437E-4
63	9.689922480620155E-4
64	0.0010766580534022395
65	6.459948320413437E-4
66	4.306632213608958E-4
67	9.689922480620155E-4
68	0.0010766580534022395
69	5.383290267011198E-4
70	4.306632213608958E-4
71	9.689922480620155E-4
72	3.2299741602067185E-4
73	0.0013996554694229112
74	1.0766580534022394E-4
75	7.536606373815676E-4
76	6.459948320413437E-4
77	9.689922480620155E-4
78	3.2299741602067185E-4
79	7.536606373815676E-4
80	2.153316106804479E-4
81	4.306632213608958E-4
82	2.153316106804479E-4
83	4.306632213608958E-4
84	1.0766580534022394E-4
85	3.2299741602067185E-4
86	1.0766580534022394E-4
87	4.306632213608958E-4
88	1.0766580534022394E-4
89	1.0766580534022394E-4
90	3.2299741602067185E-4
91	2.153316106804479E-4
92	2.153316106804479E-4
93	5.383290267011198E-4
94	5.383290267011198E-4
95	2.153316106804479E-4
96	3.2299741602067185E-4
97	2.153316106804479E-4
98	3.2299741602067185E-4
99	0.0
100	3.2299741602067185E-4
101	2.153316106804479E-4
102	0.0
103	0.0
104	1.0766580534022394E-4
105	1.0766580534022394E-4
106	3.2299741602067185E-4
107	1.0766580534022394E-4
108	0.0
109	0.0
110	3.2299741602067185E-4
111	3.2299741602067185E-4
112	1.0766580534022394E-4
113	1.0766580534022394E-4
114	0.0
115	2.153316106804479E-4
116	2.153316106804479E-4
117	2.153316106804479E-4
118	1.0766580534022394E-4
119	0.0
120	0.0
121	2.153316106804479E-4
122	1.0766580534022394E-4
123	0.0
124	0.0
125	1.0766580534022394E-4
126	1.0766580534022394E-4
127	1.0766580534022394E-4
128	0.0
129	0.0
130	0.0
131	2.153316106804479E-4
132	0.0
133	0.0
134	1.0766580534022394E-4
135	0.0
136	1.0766580534022394E-4
137	0.0
138	0.0
139	0.0
140	2.153316106804479E-4
141	0.0
142	0.0
143	1.0766580534022394E-4
144	1.0766580534022394E-4
145	1.0766580534022394E-4
146	1.0766580534022394E-4
147	0.0
148	0.0
149	0.0
150	0.0
151	3.2299741602067185E-4
152	0.0
153	0.0
154	1.0766580534022394E-4
155	2.153316106804479E-4
156	1.0766580534022394E-4
157	0.0
158	0.0
159	1.0766580534022394E-4
160	1.0766580534022394E-4
161	0.0
162	0.0
163	0.0
164	0.0
165	1.0766580534022394E-4
166	0.0
167	0.0
168	0.0
169	0.0
170	0.0
171	0.0
172	0.0
173	1.0766580534022394E-4
174	0.0
175	0.0
176	0.0
177	0.0
178	1.0766580534022394E-4
179	0.0
180	1.0766580534022394E-4
181	0.0
182	0.0
183	1.0766580534022394E-4
184	0.0
185	1.0766580534022394E-4
186	0.0
187	0.0
188	0.0
189	0.0
190	0.0
191	0.0
192	0.0
193	1.0766580534022394E-4
194	0.0
195	0.0
196	0.0
197	0.0
198	0.0
199	0.0
200	0.0
201	0.0
202	0.0
203	0.0
204	1.0766580534022394E-4
205	0.0
206	0.0
207	0.0
208	0.0
209	0.0
210	1.0766580534022394E-4
211	0.0
212	0.0
213	0.0
214	0.0
215	0.0
216	0.0
217	0.0
218	0.0
219	0.0
220	0.0
221	0.0
222	1.0766580534022394E-4
223	0.0
224	0.0
225	0.0
226	0.0
227	0.0
228	0.0
229	1.0766580534022394E-4
230	0.0
231	0.0
232	0.0
233	0.0
234	0.0
235	0.0
236	0.0
237	1.0766580534022394E-4
238	0.0
239	0.0
240	0.0
241	0.0
242	0.0
243	1.0766580534022394E-4
244	0.0
245	0.0
246	0.0
247	0.0
248	0.0
249	0.0
250	0.0
251	0.0
252	0.0
253	0.0
254	0.0
255	0.0
256	0.0
257	1.0766580534022394E-4
258	0.0
259	0.0
260	0.0
261	0.0
262	0.0
263	0.0
264	0.0
265	0.0
266	0.0
267	0.0
268	0.0
269	0.0
270	0.0
271	0.0
272	0.0
273	0.0
274	0.0
275	0.0
276	0.0
277	0.0
278	0.0
279	0.0
280	1.0766580534022394E-4
281	0.0
282	0.0
283	0.0
284	0.0
285	0.0
286	0.0
287	0.0
288	0.0
289	0.0
290	0.0
291	0.0
292	1.0766580534022394E-4
293	0.0
294	0.0
295	0.0
296	0.0
297	0.0
298	0.0
299	1.0766580534022394E-4
300	0.0
301	0.0
302	0.0
303	0.0
304	0.0
305	0.0
306	0.0
307	0.0
308	0.0
309	0.0
310	0.0
311	0.0
312	0.0
313	0.0
314	0.0
315	0.0
316	0.0
317	0.0
318	0.0
319	0.0
320	0.0
321	0.0
322	0.0
323	0.0
324	0.0
325	0.0
326	0.0
327	0.0
328	0.0
329	0.0
330	0.0
331	0.0
332	0.0
333	0.0
334	0.0
335	0.0
336	1.0766580534022394E-4
337	0.0
338	0.0
339	0.0
340	0.0
341	0.0
342	0.0
343	0.0
344	0.0
345	0.0
346	0.0
347	0.0
348	0.0
349	0.0
350	0.0
351	0.0
352	0.0
353	0.0
354	0.0
355	0.0
356	0.0
357	0.0
358	0.0
359	0.0
360	0.0
361	0.0
362	0.0
363	0.0
364	0.0
365	0.0
366	0.0
367	0.0
368	0.0
369	0.0
370	0.0
371	0.0
372	0.0
373	0.0
374	0.0
375	0.0
376	0.0
377	0.0
378	0.0
379	0.0
380	0.0
381	0.0
382	0.0
383	0.0
384	0.0
385	0.0
386	0.0
387	0.0
388	0.0
389	0.0
390	0.0
391	0.0
392	0.0
393	0.0
394	0.0
395	0.0
396	0.0
397	0.0
398	0.0
399	0.0
400	0.0
401	0.0
402	0.0
403	0.0
404	0.0
405	0.0
406	0.0
407	0.0
408	0.0
409	0.0
410	0.0
411	0.0
412	0.0
413	0.0
414	0.0
415	0.0
416	0.0
417	0.0
418	0.0
419	0.0
420	0.0
421	0.0
422	0.0
423	0.0
424	0.0
425	0.0
426	0.0
427	0.0
428	0.0
429	0.0
430	0.0
431	0.0
432	0.0
433	0.0
434	0.0
435	0.0
436	0.0
437	0.0
438	0.0
439	0.0
440	0.0
441	0.0
442	0.0
443	0.0
444	0.0
445	0.0
446	0.0
447	0.0
448	0.0
449	0.0
450	0.0
451	0.0
452	0.0
453	0.0
454	0.0
455	0.0
456	0.0
457	0.0
458	0.0
459	0.0
460	0.0
461	0.0
462	0.0
463	0.0
464	0.0
465	0.0
466	0.0
467	0.0
468	0.0
469	0.0
470	0.0
471	0.0
472	0.0
473	0.0
474	0.0
475	0.0
476	0.0
477	0.0
478	0.0
479	0.0
480	0.0
481	0.0
482	0.0
483	0.0
484	0.0
485	0.0
486	0.0
487	0.0
488	0.0
489	0.0
490	0.0
491	0.0
492	0.0
493	0.0
494	0.0
495	0.0
496	0.0
497	0.0
498	1.0766580534022394E-4
