0	0.0014
1	0.0016
2	0.0311
3	0.0183
4	0.0024
5	0.001
6	7.0E-4
7	5.0E-4
8	0.0022
9	0.0107
10	0.0164
11	0.0203
12	0.0765
13	0.0683
14	0.0156
15	0.0023
16	9.0E-4
17	0.0016
18	0.0075
19	0.0307
20	0.0516
21	0.0661
22	0.0802
23	0.0455
24	0.0123
25	0.0042
26	0.0027
27	0.0077
28	0.016
29	0.0324
30	0.0376
31	0.0556
32	0.0224
33	0.0136
34	0.0075
35	0.0051
36	0.0067
37	0.0137
38	0.0149
39	0.0202
40	0.0116
41	0.0128
42	0.01
43	0.0065
44	0.0059
45	0.0058
46	0.0069
47	0.0039
48	0.0054
49	0.0048
50	0.0036
51	0.0036
52	0.0049
53	0.003
54	0.0033
55	0.003
56	0.0015
57	0.0023
58	0.0013
59	0.002
60	0.0026
61	0.002
62	0.0024
63	0.0022
64	0.0019
65	0.0011
66	0.0015
67	0.001
68	9.0E-4
69	9.0E-4
70	0.0013
71	7.0E-4
72	5.0E-4
73	0.0015
74	0.0015
75	0.0013
76	0.0011
77	8.0E-4
78	9.0E-4
79	0.0012
80	0.0011
81	8.0E-4
82	0.0012
83	8.0E-4
84	9.0E-4
85	9.0E-4
86	4.0E-4
87	8.0E-4
88	3.0E-4
89	4.0E-4
90	7.0E-4
91	5.0E-4
92	6.0E-4
93	4.0E-4
94	8.0E-4
95	0.0
96	7.0E-4
97	0.0011
98	4.0E-4
99	3.0E-4
100	4.0E-4
101	3.0E-4
102	3.0E-4
103	8.0E-4
104	2.0E-4
105	3.0E-4
106	6.0E-4
107	3.0E-4
108	1.0E-4
109	2.0E-4
110	4.0E-4
111	0.0
112	4.0E-4
113	2.0E-4
114	3.0E-4
115	4.0E-4
116	2.0E-4
117	4.0E-4
118	3.0E-4
119	6.0E-4
120	5.0E-4
121	4.0E-4
122	3.0E-4
123	5.0E-4
124	3.0E-4
125	1.0E-4
126	2.0E-4
127	2.0E-4
128	1.0E-4
129	1.0E-4
130	1.0E-4
131	3.0E-4
132	0.0
133	3.0E-4
134	1.0E-4
135	2.0E-4
136	2.0E-4
137	3.0E-4
138	1.0E-4
139	2.0E-4
140	2.0E-4
141	1.0E-4
142	4.0E-4
143	4.0E-4
144	0.0
145	2.0E-4
146	2.0E-4
147	2.0E-4
148	0.0
149	2.0E-4
150	2.0E-4
151	1.0E-4
152	1.0E-4
153	1.0E-4
154	4.0E-4
155	2.0E-4
156	0.0
157	0.0
158	1.0E-4
159	2.0E-4
160	3.0E-4
161	0.0
162	1.0E-4
163	0.0
164	1.0E-4
165	0.0
166	2.0E-4
167	2.0E-4
168	3.0E-4
169	2.0E-4
170	2.0E-4
171	1.0E-4
172	1.0E-4
173	1.0E-4
174	1.0E-4
175	0.0
176	1.0E-4
177	2.0E-4
178	2.0E-4
179	0.0
180	1.0E-4
181	1.0E-4
182	1.0E-4
183	3.0E-4
184	3.0E-4
185	0.0
186	1.0E-4
187	2.0E-4
188	0.0
189	1.0E-4
190	2.0E-4
191	2.0E-4
192	1.0E-4
193	1.0E-4
194	0.0
195	3.0E-4
196	2.0E-4
197	1.0E-4
198	1.0E-4
199	2.0E-4
200	0.0
201	1.0E-4
202	1.0E-4
203	0.0
204	0.0
205	2.0E-4
206	2.0E-4
207	0.0
208	0.0
209	0.0
210	1.0E-4
211	1.0E-4
212	0.0
213	1.0E-4
214	2.0E-4
215	0.0
216	0.0
217	0.0
218	2.0E-4
219	1.0E-4
220	1.0E-4
221	3.0E-4
222	1.0E-4
223	1.0E-4
224	0.0
225	0.0
226	1.0E-4
227	1.0E-4
228	1.0E-4
229	2.0E-4
230	0.0
231	1.0E-4
232	0.0
233	0.0
234	0.0
235	1.0E-4
236	1.0E-4
237	0.0
238	0.0
239	1.0E-4
240	1.0E-4
241	1.0E-4
242	2.0E-4
243	1.0E-4
244	0.0
245	0.0
246	0.0
247	0.0
248	0.0
249	0.0
250	0.0
251	0.0
252	0.0
253	2.0E-4
254	1.0E-4
255	2.0E-4
256	0.0
257	0.0
258	3.0E-4
259	0.0
260	2.0E-4
261	1.0E-4
262	1.0E-4
263	0.0
264	2.0E-4
265	0.0
266	0.0
267	0.0
268	0.0
269	0.0
270	0.0
271	1.0E-4
272	0.0
273	0.0
274	0.0
275	0.0
276	0.0
277	0.0
278	0.0
279	0.0
280	0.0
281	0.0
282	0.0
283	1.0E-4
284	2.0E-4
285	0.0
286	0.0
287	0.0
288	0.0
289	0.0
290	1.0E-4
291	1.0E-4
292	1.0E-4
293	0.0
294	1.0E-4
295	1.0E-4
296	0.0
297	0.0
298	1.0E-4
299	1.0E-4
300	1.0E-4
301	0.0
302	0.0
303	0.0
304	0.0
305	0.0
306	1.0E-4
307	0.0
308	0.0
309	2.0E-4
310	1.0E-4
311	0.0
312	1.0E-4
313	1.0E-4
314	0.0
315	0.0
316	0.0
317	0.0
318	0.0
319	0.0
320	0.0
321	1.0E-4
322	0.0
323	1.0E-4
324	1.0E-4
325	1.0E-4
326	1.0E-4
327	0.0
328	0.0
329	0.0
330	0.0
331	0.0
332	0.0
333	0.0
334	1.0E-4
335	0.0
336	0.0
337	0.0
338	0.0
339	1.0E-4
340	0.0
341	1.0E-4
342	0.0
343	0.0
344	0.0
345	0.0
346	0.0
347	1.0E-4
348	0.0
349	0.0
350	0.0
351	1.0E-4
352	0.0
353	0.0
354	0.0
355	1.0E-4
356	0.0
357	0.0
358	0.0
359	0.0
360	0.0
361	0.0
362	0.0
363	0.0
364	0.0
365	0.0
366	0.0
367	0.0
368	0.0
369	0.0
370	0.0
371	0.0
372	0.0
373	0.0
374	0.0
375	0.0
376	0.0
377	0.0
378	1.0E-4
379	0.0
380	1.0E-4
381	0.0
382	0.0
383	0.0
384	0.0
385	0.0
386	1.0E-4
387	1.0E-4
388	1.0E-4
389	0.0
390	1.0E-4
391	0.0
392	0.0
393	1.0E-4
394	0.0
395	0.0
396	0.0
397	0.0
398	0.0
399	0.0
400	0.0
401	0.0
402	0.0
403	0.0
404	0.0
405	0.0
406	0.0
407	0.0
408	0.0
409	0.0
410	0.0
411	0.0
412	1.0E-4
413	0.0
414	0.0
415	0.0
416	0.0
417	0.0
418	0.0
419	0.0
420	0.0
421	0.0
422	0.0
423	0.0
424	0.0
425	0.0
426	1.0E-4
427	0.0
428	1.0E-4
429	0.0
430	0.0
431	0.0
432	0.0
433	0.0
434	0.0
435	0.0
436	0.0
437	1.0E-4
438	0.0
439	0.0
440	0.0
441	0.0
442	0.0
443	2.0E-4
444	0.0
445	0.0
446	0.0
447	0.0
448	0.0
449	0.0
450	0.0
451	0.0
452	1.0E-4
453	0.0
454	1.0E-4
455	0.0
456	0.0
457	1.0E-4
458	0.0
459	0.0
460	0.0
461	0.0
462	0.0
463	0.0
464	0.0
465	0.0
466	1.0E-4
467	0.0
468	0.0
469	0.0
470	0.0
471	0.0
472	0.0
473	0.0
474	0.0
475	0.0
476	1.0E-4
477	0.0
478	0.0
479	0.0
480	0.0
481	0.0
482	0.0
483	0.0
484	0.0
485	0.0
486	0.0
487	0.0
488	0.0
489	0.0
490	1.0E-4
491	0.0
492	1.0E-4
493	0.0
494	0.0
495	0.0
496	0.0
497	0.0
498	0.0
499	0.0
500	0.0
501	0.0
502	0.0
503	0.0
504	1.0E-4
505	1.0E-4
506	0.0
507	0.0
508	0.0
509	0.0
510	0.0
511	0.0
512	0.0
513	0.0
514	0.0
515	0.0
516	0.0
517	1.0E-4
518	0.0
519	0.0
520	0.0
521	0.0
522	0.0
523	0.0
524	0.0
525	1.0E-4
526	0.0
527	0.0
528	0.0
529	0.0
530	0.0
531	0.0
532	0.0
533	0.0
534	0.0
535	0.0
536	0.0
537	0.0
538	0.0
539	1.0E-4
540	0.0
541	1.0E-4
542	0.0
543	0.0
544	0.0
545	0.0
546	0.0
547	0.0
548	0.0
549	0.0
550	0.0
551	0.0
552	0.0
553	0.0
554	0.0
555	0.0
556	1.0E-4
557	0.0
558	0.0
559	0.0
560	0.0
561	1.0E-4
562	0.0
563	0.0
564	0.0
565	0.0
566	0.0
567	0.0
568	0.0
569	0.0
570	0.0
571	0.0
572	0.0
573	1.0E-4
574	0.0
575	0.0
576	0.0
577	1.0E-4
578	0.0
579	0.0
580	0.0
581	0.0
582	0.0
583	0.0
584	0.0
585	1.0E-4
586	0.0
587	0.0
588	0.0
589	0.0
590	0.0
591	0.0
592	0.0
593	0.0
594	0.0
595	0.0
596	0.0
597	0.0
598	0.0
599	0.0
600	0.0
601	0.0
602	0.0
603	0.0
604	0.0
605	0.0
606	0.0
607	1.0E-4
608	0.0
609	0.0
610	0.0
611	0.0
612	0.0
613	0.0
614	0.0
615	0.0
616	0.0
617	0.0
618	0.0
619	0.0
620	1.0E-4
621	0.0
622	0.0
623	0.0
624	0.0
625	0.0
626	0.0
627	1.0E-4
628	0.0
629	0.0
630	0.0
631	0.0
632	0.0
633	0.0
634	0.0
635	0.0
636	0.0
637	0.0
638	0.0
639	0.0
640	0.0
641	0.0
642	0.0
643	0.0
644	0.0
645	0.0
646	1.0E-4
647	0.0
648	0.0
649	0.0
650	0.0
651	0.0
652	0.0
653	0.0
654	0.0
655	0.0
656	0.0
657	0.0
658	0.0
659	0.0
660	0.0
661	0.0
662	0.0
663	0.0
664	0.0
665	0.0
666	0.0
667	0.0
668	0.0
669	0.0
670	0.0
671	0.0
672	0.0
673	0.0
674	0.0
675	0.0
676	0.0
677	0.0
678	0.0
679	0.0
680	0.0
681	0.0
682	0.0
683	0.0
684	0.0
685	0.0
686	0.0
687	0.0
688	0.0
689	0.0
690	0.0
691	0.0
692	0.0
693	0.0
694	0.0
695	0.0
696	0.0
697	0.0
698	0.0
699	0.0
700	0.0
701	0.0
702	0.0
703	0.0
704	0.0
705	0.0
706	0.0
707	0.0
708	0.0
709	0.0
710	0.0
711	0.0
712	1.0E-4
713	0.0
714	0.0
715	0.0
716	0.0
717	0.0
718	0.0
719	0.0
720	0.0
721	0.0
722	0.0
723	0.0
724	0.0
725	0.0
726	0.0
727	0.0
728	0.0
729	0.0
730	0.0
731	0.0
732	0.0
733	0.0
734	0.0
735	0.0
736	0.0
737	0.0
738	0.0
739	0.0
740	0.0
741	0.0
742	0.0
743	0.0
744	0.0
745	0.0
746	0.0
747	0.0
748	0.0
749	0.0
750	0.0
751	0.0
752	0.0
753	0.0
754	0.0
755	1.0E-4
756	0.0
757	0.0
758	0.0
759	0.0
760	0.0
761	0.0
762	0.0
763	0.0
764	0.0
765	0.0
766	0.0
767	0.0
768	0.0
769	0.0
770	0.0
771	0.0
772	0.0
773	0.0
774	0.0
775	0.0
776	0.0
777	0.0
778	0.0
779	0.0
780	0.0
781	0.0
782	0.0
783	0.0
784	0.0
785	0.0
786	0.0
787	0.0
788	1.0E-4
789	0.0
790	0.0
791	1.0E-4
792	0.0
793	0.0
794	0.0
795	0.0
796	0.0
797	0.0
798	0.0
799	0.0
800	0.0
801	0.0
802	0.0
803	0.0
804	0.0
805	0.0
806	0.0
807	0.0
808	0.0
809	0.0
810	0.0
811	0.0
812	0.0
813	0.0
814	0.0
815	0.0
816	0.0
817	0.0
818	0.0
819	0.0
820	0.0
821	0.0
822	0.0
823	0.0
824	0.0
825	0.0
826	0.0
827	0.0
828	0.0
829	0.0
830	0.0
831	0.0
832	0.0
833	0.0
834	0.0
835	0.0
836	0.0
837	0.0
838	0.0
839	0.0
840	0.0
841	0.0
842	0.0
843	0.0
844	0.0
845	0.0
846	0.0
847	0.0
848	0.0
849	0.0
850	0.0
851	0.0
852	0.0
853	0.0
854	0.0
855	0.0
856	0.0
857	0.0
858	0.0
859	0.0
860	0.0
861	0.0
862	1.0E-4
