0.0	0.0	0.0	0.0	0.0	0.0	0.0	0.0	0.0	0.0
1.0	0.0015001200240048012	0.0014	0.0013	0.0018003600720144029	4.673870988107071E-8	2.503602160720209E-8	9.014408642880795E-8	0.0012554764547868325	0.0017447635932227698
2.0	0.1158409948656398	0.1154	0.11492298459691938	0.1172	9.613714267380602E-7	5.186096624983978E-7	1.8468949552173851E-6	0.11473145975684318	0.11695052997443642
3.0	0.3578246182569847	0.3568	0.3474	0.3692738547709542	8.026917504307263E-5	5.486125418820261E-5	1.3108501675281265E-4	0.34768620840721914	0.36796302810675025
4.0	0.28765265719810623	0.28985797159431886	0.2822	0.2909	1.504670579307118E-5	2.9731470520059635E-5	7.70432342957695E-6	0.28326314602658753	0.29204216836962493
5.0	0.14944334200173368	0.15013002600520103	0.1447	0.1535	1.314243412697565E-5	2.2499293345410875E-5	8.46400451775804E-6	0.14534098597370174	0.15354569802976561
6.0	0.06067015403080617	0.0618	0.052310462092418485	0.0679	4.114389131903864E-5	6.988444930474401E-5	2.6773612326185947E-5	0.053411633224397126	0.06792867483721521
7.0	0.017434186837367475	0.0188	0.01280256051210242	0.0207	1.1327647875110795E-5	2.145196241688827E-5	6.265490604222059E-6	0.013625587266351656	0.021242786408383292
8.0	0.004266860038674401	0.0043	0.0029005801160232048	0.0056	1.2150270801865467E-6	1.8667208270397596E-6	8.891802067599405E-7	0.003019509776285546	0.005514210301063256
9.0	0.001500100020004001	0.0015003000600120023	0.0011	0.0019	1.0666668667466903E-7	1.600800260072019E-7	7.996001700840262E-8	0.001130518841041738	0.0018696811989662638
10.0	8.333600053344004E-4	0.001	4.0008001600320064E-4	0.0011	9.553244124408889E-8	1.8773154915484454E-7	4.9432887288711065E-8	4.835994080285232E-4	0.0011831206026402775
11.0	6.66706674668267E-4	6.00120024004801E-4	6.0E-4	8.0E-4	8.883557689955903E-9	4.4417812459382395E-9	1.776711057799123E-8	5.600497867492104E-4	7.733635625873235E-4
12.0	3.333533373341335E-4	3.000600120024005E-4	2.0E-4	5.0E-4	1.5554222755822305E-8	9.445779044897908E-9	2.777111017767111E-8	1.9222325296895526E-4	4.744834216993117E-4
13.0	1.333333333333333E-4	1.0E-4	0.0	3.0E-4	1.5555555555555554E-8	9.444444444444442E-9	2.7777777777777777E-8	-7.802797431993408E-6	2.7446946409866006E-4
14.0	2.000333400013336E-4	1.0E-4	0.0	5.001000200040008E-4	4.6686672890578204E-8	2.5010003111955774E-8	9.004001244782308E-8	-4.4474003157956963E-5	4.445406831606242E-4
15.0	2.0002000400080018E-4	2.0E-4	1.0E-4	3.000600120024005E-4	6.670668267146794E-9	5.002000800240065E-9	1.0008003200960253E-8	1.0759699240904141E-4	2.9244301559255896E-4
16.0	1.0002000400080016E-4	0.0	0.0	3.000600120024005E-4	2.000800240064016E-8	1.000400120032008E-8	4.001600480128032E-8	-6.004533892962021E-5	2.6008534693122053E-4
17.0	1.6668000266720012E-4	2.0E-4	1.0E-4	2.0004000800160032E-4	2.223111644622272E-9	4.446222755697814E-9	1.111556089084501E-9	1.1332488515575322E-4	2.2003512017864703E-4
18.0	1.0002000400080016E-4	0.0	0.0	3.000600120024005E-4	2.000800240064016E-8	1.000400120032008E-8	4.001600480128032E-8	-6.004533892962021E-5	2.6008534693122053E-4
19.0	6.667333466693338E-5	1.0E-4	0.0	1.0002000400080016E-4	2.222666844497792E-9	4.445333555608901E-9	1.1113334889422376E-9	1.3323555067817516E-5	1.2002311426604926E-4
20.0	3.3340001333600056E-5	0.0	0.0	1.0002000400080016E-4	2.223111377848906E-9	1.1115556889244535E-9	4.446222755697812E-9	-2.0015112976540067E-5	8.669511564374019E-5
21.0	1.3334666933386677E-4	2.0E-4	0.0	2.0004000800160032E-4	8.890667377991167E-9	1.7781334222435603E-8	4.44533395576895E-9	2.6647110135635032E-5	2.4004622853209852E-4
22.0	1.3335333733413348E-4	1.0E-4	0.0	3.000600120024005E-4	1.556222435614237E-8	9.44777884473785E-9	2.7791115378951414E-8	-7.813043326603794E-6	2.745197179948708E-4
23.0	3.3340001333600056E-5	0.0	0.0	1.0002000400080016E-4	2.223111377848906E-9	1.1115556889244535E-9	4.446222755697812E-9	-2.0015112976540067E-5	8.669511564374019E-5
24.0	1.666733346669334E-4	2.0E-4	1.0002000400080016E-4	2.0E-4	2.2213332444444486E-9	4.442666488888898E-9	1.1106666222222237E-9	1.1333956240251733E-4	2.2000710693134947E-4
25.0	6.668000266720011E-5	0.0	0.0	2.0004000800160032E-4	8.892445511395625E-9	4.446222755697814E-9	1.778489102279125E-8	-4.0030225953080134E-5	1.7339023128748037E-4
26.0	3.3340001333600056E-5	0.0	0.0	1.0002000400080016E-4	2.223111377848906E-9	1.1115556889244535E-9	4.446222755697812E-9	-2.0015112976540067E-5	8.669511564374019E-5
27.0	6.666666666666667E-5	0.0	0.0	2.0E-4	8.888888888888892E-9	4.444444444444445E-9	1.777777777777778E-8	-4.002221990788955E-5	1.733555532412229E-4
28.0	0.0	0.0	0.0	0.0	0.0	0.0	0.0	0.0	0.0
29.0	3.3340001333600056E-5	0.0	0.0	1.0002000400080016E-4	2.223111377848906E-9	1.1115556889244535E-9	4.446222755697812E-9	-2.0015112976540067E-5	8.669511564374019E-5
30.0	0.0	0.0	0.0	0.0	0.0	0.0	0.0	0.0	0.0
31.0	0.0	0.0	0.0	0.0	0.0	0.0	0.0	0.0	0.0
32.0	0.0	0.0	0.0	0.0	0.0	0.0	0.0	0.0	0.0
33.0	0.0	0.0	0.0	0.0	0.0	0.0	0.0	0.0	0.0
34.0	0.0	0.0	0.0	0.0	0.0	0.0	0.0	0.0	0.0
35.0	3.3333333333333335E-5	0.0	0.0	1.0E-4	2.222222222222223E-9	1.1111111111111113E-9	4.444444444444445E-9	-2.0011109953944775E-5	8.667777662061145E-5
36.0	0.0	0.0	0.0	0.0	0.0	0.0	0.0	0.0	0.0
37.0	0.0	0.0	0.0	0.0	0.0	0.0	0.0	0.0	0.0
38.0	0.0	0.0	0.0	0.0	0.0	0.0	0.0	0.0	0.0
39.0	0.0	0.0	0.0	0.0	0.0	0.0	0.0	0.0	0.0
40.0	0.0	0.0	0.0	0.0	0.0	0.0	0.0	0.0	0.0
41.0	0.0	0.0	0.0	0.0	0.0	0.0	0.0	0.0	0.0
42.0	0.0	0.0	0.0	0.0	0.0	0.0	0.0	0.0	0.0
43.0	0.0	0.0	0.0	0.0	0.0	0.0	0.0	0.0	0.0
44.0	3.3340001333600056E-5	0.0	0.0	1.0002000400080016E-4	2.223111377848906E-9	1.1115556889244535E-9	4.446222755697812E-9	-2.0015112976540067E-5	8.669511564374019E-5
45.0	3.3333333333333335E-5	0.0	0.0	1.0E-4	2.222222222222223E-9	1.1111111111111113E-9	4.444444444444445E-9	-2.0011109953944775E-5	8.667777662061145E-5
46.0	0.0	0.0	0.0	0.0	0.0	0.0	0.0	0.0	0.0
47.0	0.0	0.0	0.0	0.0	0.0	0.0	0.0	0.0	0.0
48.0	0.0	0.0	0.0	0.0	0.0	0.0	0.0	0.0	0.0
49.0	0.0	0.0	0.0	0.0	0.0	0.0	0.0	0.0	0.0
50.0	0.0	0.0	0.0	0.0	0.0	0.0	0.0	0.0	0.0
51.0	3.3340001333600056E-5	0.0	0.0	1.0002000400080016E-4	2.223111377848906E-9	1.1115556889244535E-9	4.446222755697812E-9	-2.0015112976540067E-5	8.669511564374019E-5
52.0	0.0	0.0	0.0	0.0	0.0	0.0	0.0	0.0	0.0
53.0	0.0	0.0	0.0	0.0	0.0	0.0	0.0	0.0	0.0
54.0	3.3333333333333335E-5	0.0	0.0	1.0E-4	2.222222222222223E-9	1.1111111111111113E-9	4.444444444444445E-9	-2.0011109953944775E-5	8.667777662061145E-5
55.0	0.0	0.0	0.0	0.0	0.0	0.0	0.0	0.0	0.0
56.0	0.0	0.0	0.0	0.0	0.0	0.0	0.0	0.0	0.0
57.0	0.0	0.0	0.0	0.0	0.0	0.0	0.0	0.0	0.0
58.0	0.0	0.0	0.0	0.0	0.0	0.0	0.0	0.0	0.0
59.0	0.0	0.0	0.0	0.0	0.0	0.0	0.0	0.0	0.0
60.0	0.0	0.0	0.0	0.0	0.0	0.0	0.0	0.0	0.0
61.0	0.0	0.0	0.0	0.0	0.0	0.0	0.0	0.0	0.0
62.0	0.0	0.0	0.0	0.0	0.0	0.0	0.0	0.0	0.0
63.0	0.0	0.0	0.0	0.0	0.0	0.0	0.0	0.0	0.0
64.0	0.0	0.0	0.0	0.0	0.0	0.0	0.0	0.0	0.0
65.0	0.0	0.0	0.0	0.0	0.0	0.0	0.0	0.0	0.0
66.0	0.0	0.0	0.0	0.0	0.0	0.0	0.0	0.0	0.0
67.0	0.0	0.0	0.0	0.0	0.0	0.0	0.0	0.0	0.0
68.0	3.3333333333333335E-5	0.0	0.0	1.0E-4	2.222222222222223E-9	1.1111111111111113E-9	4.444444444444445E-9	-2.0011109953944775E-5	8.667777662061145E-5
69.0	0.0	0.0	0.0	0.0	0.0	0.0	0.0	0.0	0.0
70.0	0.0	0.0	0.0	0.0	0.0	0.0	0.0	0.0	0.0
71.0	0.0	0.0	0.0	0.0	0.0	0.0	0.0	0.0	0.0
72.0	0.0	0.0	0.0	0.0	0.0	0.0	0.0	0.0	0.0
73.0	0.0	0.0	0.0	0.0	0.0	0.0	0.0	0.0	0.0
74.0	0.0	0.0	0.0	0.0	0.0	0.0	0.0	0.0	0.0
75.0	0.0	0.0	0.0	0.0	0.0	0.0	0.0	0.0	0.0
76.0	0.0	0.0	0.0	0.0	0.0	0.0	0.0	0.0	0.0
77.0	6.666666666666667E-5	1.0E-4	0.0	1.0E-4	2.2222222222222225E-9	4.444444444444445E-9	1.1111111111111113E-9	1.3322223379388567E-5	1.2001110995394477E-4
78.0	0.0	0.0	0.0	0.0	0.0	0.0	0.0	0.0	0.0
79.0	0.0	0.0	0.0	0.0	0.0	0.0	0.0	0.0	0.0
80.0	0.0	0.0	0.0	0.0	0.0	0.0	0.0	0.0	0.0
81.0	0.0	0.0	0.0	0.0	0.0	0.0	0.0	0.0	0.0
82.0	0.0	0.0	0.0	0.0	0.0	0.0	0.0	0.0	0.0
83.0	0.0	0.0	0.0	0.0	0.0	0.0	0.0	0.0	0.0
84.0	0.0	0.0	0.0	0.0	0.0	0.0	0.0	0.0	0.0
85.0	0.0	0.0	0.0	0.0	0.0	0.0	0.0	0.0	0.0
86.0	0.0	0.0	0.0	0.0	0.0	0.0	0.0	0.0	0.0
87.0	0.0	0.0	0.0	0.0	0.0	0.0	0.0	0.0	0.0
88.0	0.0	0.0	0.0	0.0	0.0	0.0	0.0	0.0	0.0
89.0	0.0	0.0	0.0	0.0	0.0	0.0	0.0	0.0	0.0
90.0	0.0	0.0	0.0	0.0	0.0	0.0	0.0	0.0	0.0
91.0	0.0	0.0	0.0	0.0	0.0	0.0	0.0	0.0	0.0
92.0	0.0	0.0	0.0	0.0	0.0	0.0	0.0	0.0	0.0
93.0	0.0	0.0	0.0	0.0	0.0	0.0	0.0	0.0	0.0
94.0	0.0	0.0	0.0	0.0	0.0	0.0	0.0	0.0	0.0
95.0	0.0	0.0	0.0	0.0	0.0	0.0	0.0	0.0	0.0
96.0	0.0	0.0	0.0	0.0	0.0	0.0	0.0	0.0	0.0
97.0	0.0	0.0	0.0	0.0	0.0	0.0	0.0	0.0	0.0
98.0	0.0	0.0	0.0	0.0	0.0	0.0	0.0	0.0	0.0
99.0	0.0	0.0	0.0	0.0	0.0	0.0	0.0	0.0	0.0
100.0	0.0	0.0	0.0	0.0	0.0	0.0	0.0	0.0	0.0
101.0	0.0	0.0	0.0	0.0	0.0	0.0	0.0	0.0	0.0
102.0	0.0	0.0	0.0	0.0	0.0	0.0	0.0	0.0	0.0
103.0	0.0	0.0	0.0	0.0	0.0	0.0	0.0	0.0	0.0
104.0	0.0	0.0	0.0	0.0	0.0	0.0	0.0	0.0	0.0
105.0	0.0	0.0	0.0	0.0	0.0	0.0	0.0	0.0	0.0
106.0	0.0	0.0	0.0	0.0	0.0	0.0	0.0	0.0	0.0
107.0	3.3333333333333335E-5	0.0	0.0	1.0E-4	2.222222222222223E-9	1.1111111111111113E-9	4.444444444444445E-9	-2.0011109953944775E-5	8.667777662061145E-5
108.0	0.0	0.0	0.0	0.0	0.0	0.0	0.0	0.0	0.0
109.0	0.0	0.0	0.0	0.0	0.0	0.0	0.0	0.0	0.0
110.0	0.0	0.0	0.0	0.0	0.0	0.0	0.0	0.0	0.0
111.0	0.0	0.0	0.0	0.0	0.0	0.0	0.0	0.0	0.0
112.0	0.0	0.0	0.0	0.0	0.0	0.0	0.0	0.0	0.0
113.0	0.0	0.0	0.0	0.0	0.0	0.0	0.0	0.0	0.0
114.0	0.0	0.0	0.0	0.0	0.0	0.0	0.0	0.0	0.0
115.0	0.0	0.0	0.0	0.0	0.0	0.0	0.0	0.0	0.0
116.0	0.0	0.0	0.0	0.0	0.0	0.0	0.0	0.0	0.0
117.0	0.0	0.0	0.0	0.0	0.0	0.0	0.0	0.0	0.0
118.0	0.0	0.0	0.0	0.0	0.0	0.0	0.0	0.0	0.0
119.0	0.0	0.0	0.0	0.0	0.0	0.0	0.0	0.0	0.0
120.0	0.0	0.0	0.0	0.0	0.0	0.0	0.0	0.0	0.0
121.0	0.0	0.0	0.0	0.0	0.0	0.0	0.0	0.0	0.0
122.0	0.0	0.0	0.0	0.0	0.0	0.0	0.0	0.0	0.0
123.0	0.0	0.0	0.0	0.0	0.0	0.0	0.0	0.0	0.0
124.0	0.0	0.0	0.0	0.0	0.0	0.0	0.0	0.0	0.0
125.0	0.0	0.0	0.0	0.0	0.0	0.0	0.0	0.0	0.0
126.0	0.0	0.0	0.0	0.0	0.0	0.0	0.0	0.0	0.0
127.0	0.0	0.0	0.0	0.0	0.0	0.0	0.0	0.0	0.0
128.0	0.0	0.0	0.0	0.0	0.0	0.0	0.0	0.0	0.0
129.0	0.0	0.0	0.0	0.0	0.0	0.0	0.0	0.0	0.0
130.0	0.0	0.0	0.0	0.0	0.0	0.0	0.0	0.0	0.0
131.0	0.0	0.0	0.0	0.0	0.0	0.0	0.0	0.0	0.0
132.0	0.0	0.0	0.0	0.0	0.0	0.0	0.0	0.0	0.0
133.0	0.0	0.0	0.0	0.0	0.0	0.0	0.0	0.0	0.0
134.0	0.0	0.0	0.0	0.0	0.0	0.0	0.0	0.0	0.0
135.0	0.0	0.0	0.0	0.0	0.0	0.0	0.0	0.0	0.0
136.0	0.0	0.0	0.0	0.0	0.0	0.0	0.0	0.0	0.0
137.0	0.0	0.0	0.0	0.0	0.0	0.0	0.0	0.0	0.0
138.0	0.0	0.0	0.0	0.0	0.0	0.0	0.0	0.0	0.0
139.0	0.0	0.0	0.0	0.0	0.0	0.0	0.0	0.0	0.0
140.0	3.3333333333333335E-5	0.0	0.0	1.0E-4	2.222222222222223E-9	1.1111111111111113E-9	4.444444444444445E-9	-2.0011109953944775E-5	8.667777662061145E-5
141.0	0.0	0.0	0.0	0.0	0.0	0.0	0.0	0.0	0.0
142.0	0.0	0.0	0.0	0.0	0.0	0.0	0.0	0.0	0.0
143.0	0.0	0.0	0.0	0.0	0.0	0.0	0.0	0.0	0.0
144.0	0.0	0.0	0.0	0.0	0.0	0.0	0.0	0.0	0.0
145.0	0.0	0.0	0.0	0.0	0.0	0.0	0.0	0.0	0.0
146.0	3.3340001333600056E-5	0.0	0.0	1.0002000400080016E-4	2.223111377848906E-9	1.1115556889244535E-9	4.446222755697812E-9	-2.0015112976540067E-5	8.669511564374019E-5
