0.0	0.0	0.0	0.0	0.0	0.0	0.0	0.0	0.0	0.0
1.0	0.0015000000000000002	0.0014	0.0013	0.0018	4.666666666666666E-8	2.5000000000000085E-8	8.999999999999983E-8	0.0012555450507307695	0.001744454949269231
2.0	0.11583333333333334	0.1154	0.1149	0.1172	9.755555555555522E-7	5.294444444444555E-7	1.8677777777777458E-6	0.11471564312249341	0.11695102354417328
3.0	0.35779999999999995	0.3568	0.3474	0.3692	7.970666666666655E-5	5.4579999999999576E-5	1.299600000000005E-4	0.34769717645627934	0.36790282354372056
4.0	0.2876666666666667	0.2899	0.2822	0.2909	1.5108888888888837E-5	2.988444444444454E-5	7.721111111110983E-6	0.28326809464249203	0.29206523869084133
5.0	0.14943333333333333	0.1501	0.1447	0.1535	1.3128888888888902E-5	2.2404444444444502E-5	8.491111111111103E-6	0.14533309189509439	0.15353357477157228
6.0	0.06066666666666667	0.0618	0.0523	0.0679	4.1202222222222235E-5	7.000111111111114E-5	2.680277777777779E-5	0.0534030023735593	0.06793033095977404
7.0	0.017433333333333332	0.0188	0.0128	0.0207	1.1335555555555553E-5	2.146777777777776E-5	6.26944444444445E-6	0.013623404627866426	0.02124326203880024
8.0	0.004266666666666666	0.0043	0.0029	0.0056	1.2155555555555557E-6	1.8677777777777765E-6	8.894444444444453E-7	0.0030190451666084923	0.00551428816672484
9.0	0.0015000000000000002	0.0015	0.0011	0.0019	1.0666666666666663E-7	8.000000000000007E-8	1.599999999999998E-7	0.0011304188556998315	0.001869581144300169
10.0	8.333333333333335E-4	0.001	4.0E-4	0.0011	9.555555555555557E-8	1.877777777777779E-7	4.944444444444439E-8	4.8353042586389284E-4	0.0011831362408027742
11.0	6.666666666666666E-4	6.0E-4	6.0E-4	8.0E-4	8.888888888888895E-9	4.444444444444448E-9	1.7777777777777794E-8	5.599777800921104E-4	7.733555532412229E-4
12.0	3.333333333333333E-4	3.0E-4	2.0E-4	5.0E-4	1.5555555555555557E-8	9.444444444444444E-9	2.7777777777777784E-8	1.9219720256800657E-4	4.7446946409866004E-4
13.0	1.333333333333333E-4	1.0E-4	0.0	3.0E-4	1.5555555555555554E-8	9.444444444444442E-9	2.7777777777777777E-8	-7.802797431993408E-6	2.7446946409866006E-4
14.0	2.0E-4	1.0E-4	0.0	5.0E-4	4.666666666666667E-8	2.5E-8	9.000000000000001E-8	-4.4454949269230826E-5	4.4445494926923087E-4
15.0	2.0E-4	2.0E-4	1.0E-4	3.0E-4	6.666666666666664E-9	1.0E-8	9.999999999999994E-9	1.076047139249578E-4	2.923952860750422E-4
16.0	9.999999999999999E-5	0.0	0.0	3.0E-4	1.9999999999999997E-8	9.999999999999999E-9	3.9999999999999994E-8	-6.0033329861834326E-5	2.600333298618343E-4
17.0	1.6666666666666666E-4	2.0E-4	1.0E-4	2.0E-4	2.222222222222222E-9	4.4444444444444434E-9	1.111111111111112E-9	1.1332222337938856E-4	2.2001110995394476E-4
18.0	9.999999999999999E-5	0.0	0.0	3.0E-4	1.9999999999999997E-8	9.999999999999999E-9	3.9999999999999994E-8	-6.0033329861834326E-5	2.600333298618343E-4
19.0	6.666666666666667E-5	1.0E-4	0.0	1.0E-4	2.222222222222223E-9	4.444444444444445E-9	1.1111111111111113E-9	1.332222337938856E-5	1.2001110995394478E-4
20.0	3.3333333333333335E-5	0.0	0.0	1.0E-4	2.2222222222222225E-9	1.1111111111111113E-9	4.444444444444445E-9	-2.001110995394477E-5	8.667777662061145E-5
21.0	1.3333333333333334E-4	2.0E-4	0.0	2.0E-4	8.888888888888892E-9	1.777777777777778E-8	4.444444444444445E-9	2.664444675877712E-5	2.4002221990788956E-4
22.0	1.333333333333333E-4	1.0E-4	0.0	3.0E-4	1.5555555555555554E-8	9.444444444444442E-9	2.7777777777777777E-8	-7.802797431993408E-6	2.7446946409866006E-4
23.0	3.3333333333333335E-5	0.0	0.0	1.0E-4	2.2222222222222225E-9	1.1111111111111113E-9	4.444444444444445E-9	-2.001110995394477E-5	8.667777662061145E-5
24.0	1.6666666666666666E-4	2.0E-4	1.0E-4	2.0E-4	2.2222222222222225E-9	4.4444444444444434E-9	1.111111111111112E-9	1.1332222337938856E-4	2.2001110995394476E-4
25.0	6.666666666666667E-5	0.0	0.0	2.0E-4	8.88888888888889E-9	4.444444444444445E-9	1.777777777777778E-8	-4.002221990788954E-5	1.733555532412229E-4
26.0	3.3333333333333335E-5	0.0	0.0	1.0E-4	2.2222222222222225E-9	1.1111111111111113E-9	4.444444444444445E-9	-2.001110995394477E-5	8.667777662061145E-5
27.0	6.666666666666667E-5	0.0	0.0	2.0E-4	8.888888888888892E-9	4.444444444444445E-9	1.777777777777778E-8	-4.002221990788955E-5	1.733555532412229E-4
28.0	0.0	0.0	0.0	0.0	0.0	0.0	0.0	0.0	0.0
29.0	3.3333333333333335E-5	0.0	0.0	1.0E-4	2.2222222222222225E-9	1.1111111111111113E-9	4.444444444444445E-9	-2.001110995394477E-5	8.667777662061145E-5
30.0	0.0	0.0	0.0	0.0	0.0	0.0	0.0	0.0	0.0
31.0	0.0	0.0	0.0	0.0	0.0	0.0	0.0	0.0	0.0
32.0	0.0	0.0	0.0	0.0	0.0	0.0	0.0	0.0	0.0
33.0	0.0	0.0	0.0	0.0	0.0	0.0	0.0	0.0	0.0
34.0	0.0	0.0	0.0	0.0	0.0	0.0	0.0	0.0	0.0
35.0	3.3333333333333335E-5	0.0	0.0	1.0E-4	2.222222222222223E-9	1.1111111111111113E-9	4.444444444444445E-9	-2.0011109953944775E-5	8.667777662061145E-5
36.0	0.0	0.0	0.0	0.0	0.0	0.0	0.0	0.0	0.0
37.0	0.0	0.0	0.0	0.0	0.0	0.0	0.0	0.0	0.0
38.0	0.0	0.0	0.0	0.0	0.0	0.0	0.0	0.0	0.0
39.0	0.0	0.0	0.0	0.0	0.0	0.0	0.0	0.0	0.0
40.0	0.0	0.0	0.0	0.0	0.0	0.0	0.0	0.0	0.0
41.0	0.0	0.0	0.0	0.0	0.0	0.0	0.0	0.0	0.0
42.0	0.0	0.0	0.0	0.0	0.0	0.0	0.0	0.0	0.0
43.0	0.0	0.0	0.0	0.0	0.0	0.0	0.0	0.0	0.0
44.0	3.3333333333333335E-5	0.0	0.0	1.0E-4	2.2222222222222225E-9	1.1111111111111113E-9	4.444444444444445E-9	-2.001110995394477E-5	8.667777662061145E-5
45.0	3.3333333333333335E-5	0.0	0.0	1.0E-4	2.222222222222223E-9	1.1111111111111113E-9	4.444444444444445E-9	-2.0011109953944775E-5	8.667777662061145E-5
46.0	0.0	0.0	0.0	0.0	0.0	0.0	0.0	0.0	0.0
47.0	0.0	0.0	0.0	0.0	0.0	0.0	0.0	0.0	0.0
48.0	0.0	0.0	0.0	0.0	0.0	0.0	0.0	0.0	0.0
49.0	0.0	0.0	0.0	0.0	0.0	0.0	0.0	0.0	0.0
50.0	0.0	0.0	0.0	0.0	0.0	0.0	0.0	0.0	0.0
51.0	3.3333333333333335E-5	0.0	0.0	1.0E-4	2.2222222222222225E-9	1.1111111111111113E-9	4.444444444444445E-9	-2.001110995394477E-5	8.667777662061145E-5
52.0	0.0	0.0	0.0	0.0	0.0	0.0	0.0	0.0	0.0
53.0	0.0	0.0	0.0	0.0	0.0	0.0	0.0	0.0	0.0
54.0	3.3333333333333335E-5	0.0	0.0	1.0E-4	2.222222222222223E-9	1.1111111111111113E-9	4.444444444444445E-9	-2.0011109953944775E-5	8.667777662061145E-5
55.0	0.0	0.0	0.0	0.0	0.0	0.0	0.0	0.0	0.0
56.0	0.0	0.0	0.0	0.0	0.0	0.0	0.0	0.0	0.0
57.0	0.0	0.0	0.0	0.0	0.0	0.0	0.0	0.0	0.0
58.0	0.0	0.0	0.0	0.0	0.0	0.0	0.0	0.0	0.0
59.0	0.0	0.0	0.0	0.0	0.0	0.0	0.0	0.0	0.0
60.0	0.0	0.0	0.0	0.0	0.0	0.0	0.0	0.0	0.0
61.0	0.0	0.0	0.0	0.0	0.0	0.0	0.0	0.0	0.0
62.0	0.0	0.0	0.0	0.0	0.0	0.0	0.0	0.0	0.0
63.0	0.0	0.0	0.0	0.0	0.0	0.0	0.0	0.0	0.0
64.0	0.0	0.0	0.0	0.0	0.0	0.0	0.0	0.0	0.0
65.0	0.0	0.0	0.0	0.0	0.0	0.0	0.0	0.0	0.0
66.0	0.0	0.0	0.0	0.0	0.0	0.0	0.0	0.0	0.0
67.0	0.0	0.0	0.0	0.0	0.0	0.0	0.0	0.0	0.0
68.0	3.3333333333333335E-5	0.0	0.0	1.0E-4	2.222222222222223E-9	1.1111111111111113E-9	4.444444444444445E-9	-2.0011109953944775E-5	8.667777662061145E-5
69.0	0.0	0.0	0.0	0.0	0.0	0.0	0.0	0.0	0.0
70.0	0.0	0.0	0.0	0.0	0.0	0.0	0.0	0.0	0.0
71.0	0.0	0.0	0.0	0.0	0.0	0.0	0.0	0.0	0.0
72.0	0.0	0.0	0.0	0.0	0.0	0.0	0.0	0.0	0.0
73.0	0.0	0.0	0.0	0.0	0.0	0.0	0.0	0.0	0.0
74.0	0.0	0.0	0.0	0.0	0.0	0.0	0.0	0.0	0.0
75.0	0.0	0.0	0.0	0.0	0.0	0.0	0.0	0.0	0.0
76.0	3.3333333333333335E-5	0.0	0.0	1.0E-4	2.2222222222222225E-9	1.1111111111111113E-9	4.444444444444445E-9	-2.001110995394477E-5	8.667777662061145E-5
77.0	6.666666666666667E-5	1.0E-4	0.0	1.0E-4	2.2222222222222225E-9	4.444444444444445E-9	1.1111111111111113E-9	1.3322223379388567E-5	1.2001110995394477E-4
78.0	0.0	0.0	0.0	0.0	0.0	0.0	0.0	0.0	0.0
79.0	0.0	0.0	0.0	0.0	0.0	0.0	0.0	0.0	0.0
80.0	0.0	0.0	0.0	0.0	0.0	0.0	0.0	0.0	0.0
81.0	0.0	0.0	0.0	0.0	0.0	0.0	0.0	0.0	0.0
82.0	0.0	0.0	0.0	0.0	0.0	0.0	0.0	0.0	0.0
83.0	0.0	0.0	0.0	0.0	0.0	0.0	0.0	0.0	0.0
84.0	0.0	0.0	0.0	0.0	0.0	0.0	0.0	0.0	0.0
85.0	0.0	0.0	0.0	0.0	0.0	0.0	0.0	0.0	0.0
86.0	0.0	0.0	0.0	0.0	0.0	0.0	0.0	0.0	0.0
87.0	0.0	0.0	0.0	0.0	0.0	0.0	0.0	0.0	0.0
88.0	0.0	0.0	0.0	0.0	0.0	0.0	0.0	0.0	0.0
89.0	0.0	0.0	0.0	0.0	0.0	0.0	0.0	0.0	0.0
90.0	0.0	0.0	0.0	0.0	0.0	0.0	0.0	0.0	0.0
91.0	0.0	0.0	0.0	0.0	0.0	0.0	0.0	0.0	0.0
92.0	0.0	0.0	0.0	0.0	0.0	0.0	0.0	0.0	0.0
93.0	0.0	0.0	0.0	0.0	0.0	0.0	0.0	0.0	0.0
94.0	0.0	0.0	0.0	0.0	0.0	0.0	0.0	0.0	0.0
95.0	0.0	0.0	0.0	0.0	0.0	0.0	0.0	0.0	0.0
96.0	0.0	0.0	0.0	0.0	0.0	0.0	0.0	0.0	0.0
97.0	0.0	0.0	0.0	0.0	0.0	0.0	0.0	0.0	0.0
98.0	0.0	0.0	0.0	0.0	0.0	0.0	0.0	0.0	0.0
99.0	0.0	0.0	0.0	0.0	0.0	0.0	0.0	0.0	0.0
100.0	0.0	0.0	0.0	0.0	0.0	0.0	0.0	0.0	0.0
101.0	0.0	0.0	0.0	0.0	0.0	0.0	0.0	0.0	0.0
102.0	0.0	0.0	0.0	0.0	0.0	0.0	0.0	0.0	0.0
103.0	0.0	0.0	0.0	0.0	0.0	0.0	0.0	0.0	0.0
104.0	0.0	0.0	0.0	0.0	0.0	0.0	0.0	0.0	0.0
105.0	0.0	0.0	0.0	0.0	0.0	0.0	0.0	0.0	0.0
106.0	0.0	0.0	0.0	0.0	0.0	0.0	0.0	0.0	0.0
107.0	3.3333333333333335E-5	0.0	0.0	1.0E-4	2.222222222222223E-9	1.1111111111111113E-9	4.444444444444445E-9	-2.0011109953944775E-5	8.667777662061145E-5
108.0	0.0	0.0	0.0	0.0	0.0	0.0	0.0	0.0	0.0
109.0	0.0	0.0	0.0	0.0	0.0	0.0	0.0	0.0	0.0
110.0	0.0	0.0	0.0	0.0	0.0	0.0	0.0	0.0	0.0
111.0	0.0	0.0	0.0	0.0	0.0	0.0	0.0	0.0	0.0
112.0	0.0	0.0	0.0	0.0	0.0	0.0	0.0	0.0	0.0
113.0	0.0	0.0	0.0	0.0	0.0	0.0	0.0	0.0	0.0
114.0	0.0	0.0	0.0	0.0	0.0	0.0	0.0	0.0	0.0
115.0	0.0	0.0	0.0	0.0	0.0	0.0	0.0	0.0	0.0
116.0	0.0	0.0	0.0	0.0	0.0	0.0	0.0	0.0	0.0
117.0	0.0	0.0	0.0	0.0	0.0	0.0	0.0	0.0	0.0
118.0	0.0	0.0	0.0	0.0	0.0	0.0	0.0	0.0	0.0
119.0	0.0	0.0	0.0	0.0	0.0	0.0	0.0	0.0	0.0
120.0	0.0	0.0	0.0	0.0	0.0	0.0	0.0	0.0	0.0
121.0	0.0	0.0	0.0	0.0	0.0	0.0	0.0	0.0	0.0
122.0	0.0	0.0	0.0	0.0	0.0	0.0	0.0	0.0	0.0
123.0	0.0	0.0	0.0	0.0	0.0	0.0	0.0	0.0	0.0
124.0	0.0	0.0	0.0	0.0	0.0	0.0	0.0	0.0	0.0
125.0	0.0	0.0	0.0	0.0	0.0	0.0	0.0	0.0	0.0
126.0	0.0	0.0	0.0	0.0	0.0	0.0	0.0	0.0	0.0
127.0	0.0	0.0	0.0	0.0	0.0	0.0	0.0	0.0	0.0
128.0	0.0	0.0	0.0	0.0	0.0	0.0	0.0	0.0	0.0
129.0	0.0	0.0	0.0	0.0	0.0	0.0	0.0	0.0	0.0
130.0	0.0	0.0	0.0	0.0	0.0	0.0	0.0	0.0	0.0
131.0	0.0	0.0	0.0	0.0	0.0	0.0	0.0	0.0	0.0
132.0	0.0	0.0	0.0	0.0	0.0	0.0	0.0	0.0	0.0
133.0	0.0	0.0	0.0	0.0	0.0	0.0	0.0	0.0	0.0
134.0	0.0	0.0	0.0	0.0	0.0	0.0	0.0	0.0	0.0
135.0	0.0	0.0	0.0	0.0	0.0	0.0	0.0	0.0	0.0
136.0	0.0	0.0	0.0	0.0	0.0	0.0	0.0	0.0	0.0
137.0	0.0	0.0	0.0	0.0	0.0	0.0	0.0	0.0	0.0
138.0	0.0	0.0	0.0	0.0	0.0	0.0	0.0	0.0	0.0
139.0	0.0	0.0	0.0	0.0	0.0	0.0	0.0	0.0	0.0
140.0	3.3333333333333335E-5	0.0	0.0	1.0E-4	2.222222222222223E-9	1.1111111111111113E-9	4.444444444444445E-9	-2.0011109953944775E-5	8.667777662061145E-5
141.0	0.0	0.0	0.0	0.0	0.0	0.0	0.0	0.0	0.0
142.0	0.0	0.0	0.0	0.0	0.0	0.0	0.0	0.0	0.0
143.0	0.0	0.0	0.0	0.0	0.0	0.0	0.0	0.0	0.0
144.0	0.0	0.0	0.0	0.0	0.0	0.0	0.0	0.0	0.0
145.0	0.0	0.0	0.0	0.0	0.0	0.0	0.0	0.0	0.0
146.0	3.3333333333333335E-5	0.0	0.0	1.0E-4	2.2222222222222225E-9	1.1111111111111113E-9	4.444444444444445E-9	-2.001110995394477E-5	8.667777662061145E-5
