0	0.0
1	0.0019962736225712006
2	0.02328985892999734
3	0.015437849347883949
4	0.0019962736225712006
5	1.3308490817141337E-4
6	0.0
7	0.0
8	2.6616981634282674E-4
9	0.0018631887143997872
10	0.007319669949427735
11	0.03939313281873835
12	0.09502262443438914
13	0.0817141336172478
14	0.007852009582113389
15	7.985094490284802E-4
16	1.3308490817141337E-4
17	7.985094490284802E-4
18	0.0017301038062283738
19	0.011445302102741549
20	0.047245142400851745
21	0.1254990684056428
22	0.12496672877295714
23	0.05030609528879425
24	0.009182858663827523
25	0.0025286132552568537
26	0.0018631887143997872
27	0.004657971785999467
28	0.010513707745541655
29	0.03127495342028214
30	0.04791056694170881
31	0.060420548309821666
32	0.02608464200159702
33	0.01424008517434123
34	0.006388075592227841
35	0.003327122704285334
36	0.00865051903114187
37	0.011844556827255789
38	0.011711471919084376
39	0.029145594889539526
40	0.010779877561884482
41	0.004391801969656641
42	0.005057226510513707
43	0.005057226510513707
44	0.004524886877828055
45	0.002661698163428267
46	0.008517434122970456
47	0.0019962736225712006
48	0.0019962736225712006
49	0.0023955283470854403
50	0.0027947830715996805
51	0.0018631887143997872
52	0.0037263774287995743
53	0.0015970188980569604
54	0.0013308490817141336
55	0.0011977641735427202
56	6.654245408570668E-4
57	0.0017301038062283738
58	0.001064679265371307
59	7.985094490284802E-4
60	6.654245408570668E-4
61	0.0013308490817141336
62	0.0011977641735427202
63	0.001064679265371307
64	7.985094490284802E-4
65	1.3308490817141337E-4
66	6.654245408570668E-4
67	1.3308490817141337E-4
68	2.6616981634282674E-4
69	5.323396326856535E-4
70	7.985094490284802E-4
71	0.0
72	5.323396326856535E-4
73	3.992547245142401E-4
74	3.992547245142401E-4
75	2.6616981634282674E-4
76	1.3308490817141337E-4
77	1.3308490817141337E-4
78	0.0
79	1.3308490817141337E-4
80	0.0
81	5.323396326856535E-4
82	6.654245408570668E-4
83	3.992547245142401E-4
84	6.654245408570668E-4
85	1.3308490817141337E-4
86	0.0
87	0.0
88	1.3308490817141337E-4
89	0.0
90	2.6616981634282674E-4
91	1.3308490817141337E-4
92	0.0
93	3.992547245142401E-4
94	0.0
95	0.0
96	0.0
97	0.0
98	0.0
99	1.3308490817141337E-4
100	3.992547245142401E-4
101	2.6616981634282674E-4
102	2.6616981634282674E-4
103	1.3308490817141337E-4
104	1.3308490817141337E-4
105	1.3308490817141337E-4
106	1.3308490817141337E-4
107	0.0
108	0.0
109	0.0
110	1.3308490817141337E-4
111	1.3308490817141337E-4
112	0.0
113	0.0
114	1.3308490817141337E-4
115	2.6616981634282674E-4
116	2.6616981634282674E-4
117	0.0
118	0.0
119	0.0
120	0.0
121	1.3308490817141337E-4
122	0.0
123	1.3308490817141337E-4
124	0.0
125	0.0
126	0.0
127	0.0
128	0.0
129	0.0
130	1.3308490817141337E-4
131	0.0
132	1.3308490817141337E-4
133	0.0
134	1.3308490817141337E-4
135	0.0
136	0.0
137	0.0
138	0.0
139	0.0
140	0.0
141	0.0
142	0.0
143	1.3308490817141337E-4
144	0.0
145	0.0
146	0.0
147	0.0
148	0.0
149	0.0
150	0.0
151	0.0
152	0.0
153	0.0
154	0.0
155	0.0
156	0.0
157	0.0
158	0.0
159	0.0
160	0.0
161	0.0
162	0.0
163	0.0
164	1.3308490817141337E-4
165	0.0
166	0.0
167	0.0
168	0.0
169	0.0
170	0.0
171	0.0
172	0.0
173	0.0
174	0.0
175	0.0
176	0.0
177	0.0
178	0.0
179	0.0
180	0.0
181	0.0
182	0.0
183	0.0
184	0.0
185	0.0
186	0.0
187	0.0
188	0.0
189	0.0
190	0.0
191	0.0
192	0.0
193	0.0
194	0.0
195	0.0
196	2.6616981634282674E-4
197	0.0
198	0.0
199	0.0
200	0.0
201	0.0
202	0.0
203	0.0
204	0.0
205	0.0
206	0.0
207	0.0
208	0.0
209	0.0
210	0.0
211	0.0
212	0.0
213	0.0
214	0.0
215	0.0
216	0.0
217	0.0
218	0.0
219	0.0
220	0.0
221	0.0
222	0.0
223	0.0
224	0.0
225	0.0
226	0.0
227	0.0
228	0.0
229	0.0
230	0.0
231	0.0
232	0.0
233	0.0
234	0.0
235	0.0
236	0.0
237	0.0
238	0.0
239	0.0
240	0.0
241	0.0
242	0.0
243	1.3308490817141337E-4
244	0.0
245	0.0
246	0.0
247	0.0
248	0.0
249	0.0
250	0.0
251	0.0
252	0.0
253	0.0
254	0.0
255	0.0
256	0.0
257	0.0
258	0.0
259	0.0
260	0.0
261	0.0
262	0.0
263	0.0
264	0.0
265	0.0
266	0.0
267	0.0
268	0.0
269	0.0
270	0.0
271	0.0
272	0.0
273	0.0
274	0.0
275	0.0
276	0.0
277	0.0
278	0.0
279	0.0
280	0.0
281	0.0
282	0.0
283	0.0
284	0.0
285	0.0
286	0.0
287	0.0
288	0.0
289	0.0
290	0.0
291	0.0
292	0.0
293	0.0
294	0.0
295	0.0
296	0.0
297	0.0
298	1.3308490817141337E-4
