0.0	0.0019099999999999996	0.002	7.0E-4	0.0032	2.9790000000000004E-7	2.904999999999997E-7	3.0530000000000033E-7	0.0016707916556639377	0.0021492083443360615
1.0	0.0023	0.0022	0.0015	0.0036	3.03E-7	1.9545454545454542E-7	4.8875E-7	0.002058752740948213	0.002541247259051787
2.0	0.07456500000000002	0.0746	0.0656	0.0806	9.929274999999997E-6	1.156272500000008E-5	8.295824999999911E-6	0.07318398039767715	0.07594601960232289
3.0	0.28101499999999996	0.2805	0.2657	0.2971	5.371927500000002E-5	4.972213409090874E-5	5.860466944444491E-5	0.2778027736160102	0.28422722638398973
4.0	0.27575000000000005	0.2754	0.2681	0.286	2.8331499999999957E-5	2.1140833333333722E-5	3.911749999999933E-5	0.27341720885632687	0.27808279114367324
5.0	0.1618	0.1619	0.1554	0.1702	1.2000999999999986E-5	1.1576999999999967E-5	1.2425000000000004E-5	0.16028172727087653	0.16331827272912347
6.0	0.08568	0.0853	0.0807	0.0918	1.088060000000001E-5	7.915066666666702E-6	1.5328899999999974E-5	0.08423433556867439	0.08712566443132562
7.0	0.041264999999999996	0.0413	0.0373	0.0469	8.455275E-6	7.789924999999985E-6	9.120625000000009E-6	0.03999060240819436	0.04253939759180563
8.0	0.021630000000000003	0.0215	0.0183	0.0258	2.9991000000000006E-6	2.180233333333341E-6	4.2273999999999885E-6	0.020871009138394937	0.02238899086160507
9.0	0.012750000000000001	0.0128	0.0093	0.016	2.7175000000000002E-6	2.778500000000003E-6	2.6564999999999978E-6	0.012027519965673791	0.01347248003432621
10.0	0.008570000000000001	0.0083	0.0066	0.0125	2.3921E-6	1.4125666666666692E-6	3.861399999999997E-6	0.007892154465973258	0.009247845534026744
11.0	0.005349999999999999	0.0053	0.0037	0.0065	4.6549999999999993E-7	4.370454545454534E-7	5.002777777777791E-7	0.005050979532473109	0.005649020467526889
12.0	0.0037849999999999993	0.004	0.0029	0.0049	3.6427499999999994E-7	3.4742499999999937E-7	3.811250000000007E-7	0.003520481679273438	0.004049518320726561
13.0	0.002925	0.0029	0.0023	0.0046	3.04875E-7	1.9562500000000017E-7	4.384027777777776E-7	0.0026830074587926313	0.003166992541207369
14.0	0.002125	0.0021	0.0012	0.0036	2.66875E-7	1.6395833333333347E-7	4.212499999999998E-7	0.001898590304977901	0.0023514096950220994
15.0	0.00163	0.0018	9.0E-4	0.0021	1.3309999999999997E-7	1.773444444444444E-7	9.69E-8	0.0014701067606182174	0.0017898932393817825
16.0	0.00137	0.0013	9.0E-4	0.0023	1.2409999999999998E-7	5.4328571428571396E-8	2.8690000000000006E-7	0.0012156072281484655	0.0015243927718515344
17.0	0.0011349999999999997	0.0011	4.0E-4	0.0024	1.4927499999999994E-7	8.405833333333321E-8	2.471000000000001E-7	9.656697250932366E-4	0.001304330274906763
18.0	0.00102	9.0E-4	7.0E-4	0.0016	7.260000000000003E-8	5.258181818181821E-8	9.706666666666664E-8	9.019110166018862E-4	0.0011380889833981138
19.0	8.3E-4	9.0E-4	3.0E-4	0.0013	6.41E-8	7.010000000000001E-8	5.8099999999999984E-8	7.190390699390096E-4	9.409609300609904E-4
20.0	7.95E-4	7.0E-4	4.0E-4	0.0014	7.1475E-8	4.266136363636366E-8	1.0669166666666662E-7	6.778295344380676E-4	9.121704655619324E-4
21.0	6.799999999999998E-4	7.0E-4	3.0E-4	0.001	4.759999999999999E-8	6.539999999999992E-8	3.573333333333338E-8	5.843809224056202E-4	7.756190775943795E-4
22.0	5.099999999999999E-4	5.0E-4	1.0E-4	0.001	4.1899999999999985E-8	3.0766666666666644E-8	5.8600000000000035E-8	4.202885068678488E-4	5.997114931321511E-4
23.0	4.5E-4	5.0E-4	2.0E-4	8.0E-4	2.5499999999999993E-8	2.4499999999999994E-8	2.65E-8	3.800140014002801E-4	5.199859985997199E-4
24.0	3.75E-4	4.0E-4	0.0	8.0E-4	3.8874999999999996E-8	3.951388888888889E-8	3.835227272727272E-8	2.885875587661129E-4	4.614124412338871E-4
25.0	4.4E-4	4.0E-4	1.0E-4	0.001	6.64E-8	3.7600000000000006E-8	1.1988571428571426E-7	3.270658953194386E-4	5.529341046805615E-4
26.0	3.8500000000000003E-4	3.0E-4	1.0E-4	0.001	6.827499999999998E-8	4.5770454545454554E-8	9.578055555555552E-8	2.7048248168948133E-4	4.995175183105187E-4
27.0	3.4499999999999993E-4	4.0E-4	1.0E-4	6.0E-4	1.8475E-8	1.7324999999999988E-8	1.962500000000002E-8	2.8542921857151773E-4	4.045707814284821E-4
28.0	2.5499999999999996E-4	2.0E-4	1.0E-4	6.0E-4	1.6474999999999997E-8	7.871153846153838E-9	3.2453571428571433E-8	1.987459512568206E-4	3.112540487431793E-4
29.0	2.7E-4	3.0E-4	1.0E-4	6.0E-4	1.61E-8	1.21E-8	2.0099999999999995E-8	2.1438985704028447E-4	3.256101429597155E-4
30.0	2.7500000000000007E-4	3.0E-4	1.0E-4	5.0E-4	2.3875000000000004E-8	2.5069444444444468E-8	2.2897727272727255E-8	2.0728065269068232E-4	3.427193473093178E-4
31.0	2.0999999999999998E-4	2.0E-4	0.0	5.0E-4	1.7899999999999995E-8	1.646363636363636E-8	1.9655555555555557E-8	1.5136356081752575E-4	2.686364391824742E-4
32.0	2.0999999999999995E-4	2.0E-4	0.0	5.0E-4	1.89E-8	1.509999999999999E-8	2.460000000000001E-8	1.4974792949615752E-4	2.7025207050384236E-4
33.0	1.85E-4	2.0E-4	0.0	4.0E-4	1.6274999999999995E-8	2.0725E-8	1.330833333333333E-8	1.2908844484366404E-4	2.4091155515633595E-4
34.0	2.3500000000000002E-4	3.0E-4	0.0	5.0E-4	2.2275E-8	2.222500000000001E-8	2.2325000000000003E-8	1.6958912934381628E-4	3.0041087065618374E-4
35.0	1.85E-4	2.0E-4	0.0	5.0E-4	1.3275E-8	1.3974999999999998E-8	1.2808333333333332E-8	1.3450384173028607E-4	2.3549615826971393E-4
36.0	1.4E-4	1.0E-4	0.0	4.0E-4	1.2399999999999997E-8	9.78181818181818E-9	1.5600000000000004E-8	9.119639357588416E-5	1.888036064241158E-4
37.0	1.55E-4	1.0E-4	0.0	4.0E-4	1.3474999999999998E-8	1.0661363636363638E-8	1.6913888888888884E-8	1.0412487837852376E-4	2.0587512162147624E-4
38.0	1.45E-4	2.0E-4	0.0	3.0E-4	1.1474999999999997E-8	1.1524999999999997E-8	1.1424999999999998E-8	9.805196489734636E-5	1.9194803510265364E-4
39.0	1.5000000000000001E-4	1.0E-4	0.0	5.0E-4	2.249999999999999E-8	1.2500000000000001E-8	3.7499999999999985E-8	8.425960146150622E-5	2.157403985384938E-4
40.0	1.0999999999999999E-4	1.0E-4	0.0	6.0E-4	1.79E-8	4.335294117647058E-9	9.476666666666666E-8	5.136356081752576E-5	1.6863643918247422E-4
41.0	1.5999999999999999E-4	1.0E-4	0.0	4.0E-4	1.9400000000000002E-8	1.2766666666666662E-8	2.935E-8	9.895614691060204E-5	2.2104385308939793E-4
42.0	1.5999999999999999E-4	2.0E-4	0.0	3.0E-4	1.14E-8	1.3377777777777774E-8	9.78181818181818E-9	1.1320564136565176E-4	2.067943586343482E-4
43.0	1.0999999999999999E-4	1.0E-4	0.0	5.0E-4	1.5900000000000007E-8	5.3499999999999974E-9	5.8100000000000004E-8	5.473634105490297E-5	1.6526365894509702E-4
44.0	1.4499999999999997E-4	1.0E-4	0.0	6.0E-4	2.3474999999999997E-8	1.0794230769230762E-8	4.7025000000000006E-8	7.785033134854647E-5	2.1214966865145348E-4
45.0	8.5E-5	1.0E-4	0.0	3.0E-4	9.274999999999999E-9	7.225000000000002E-9	1.0952272727272722E-8	4.279168328397828E-5	1.2720831671602173E-4
46.0	1.3000000000000002E-4	1.0E-4	0.0	4.0E-4	1.3099999999999997E-8	8.900000000000002E-9	1.9399999999999995E-8	7.983778314308669E-5	1.8016221685691333E-4
47.0	1.0000000000000002E-4	1.0E-4	0.0	4.0E-4	1.3000000000000006E-8	6.428571428571431E-9	2.8333333333333336E-8	5.002960876679072E-5	1.4997039123320932E-4
48.0	1.2000000000000002E-4	1.0E-4	0.0	4.0E-4	1.2600000000000002E-8	6.400000000000003E-9	2.706666666666666E-8	7.080439043979637E-5	1.6919560956020366E-4
49.0	1.0000000000000002E-4	1.0E-4	0.0	3.0E-4	1.1000000000000004E-8	6.923076923076926E-9	1.857142857142857E-8	5.40339255537304E-5	1.4596607444626963E-4
50.0	6.500000000000001E-5	1.0E-4	0.0	2.0E-4	4.275E-9	4.225000000000001E-9	4.31590909090909E-9	3.634442462626165E-5	9.365557537373837E-5
51.0	1.1E-4	1.0E-4	0.0	3.0E-4	7.899999999999998E-9	4.0999999999999995E-9	1.9299999999999994E-8	7.104577044787051E-5	1.489542295521295E-4
52.0	1.1999999999999999E-4	1.0E-4	0.0	3.0E-4	8.600000000000001E-9	5.784615384615384E-9	1.3828571428571429E-8	7.935657494747767E-5	1.606434250525223E-4
53.0	6.500000000000001E-5	1.0E-4	0.0	3.0E-4	6.275E-9	4.225000000000001E-9	8.325E-9	3.0282540415520045E-5	9.971745958447996E-5
54.0	5.5E-5	0.0	0.0	2.0E-4	5.475000000000002E-9	3.025E-9	9.150000000000003E-9	2.2571031468762374E-5	8.742896853123762E-5
55.0	5.9999999999999995E-5	0.0	0.0	3.0E-4	8.4E-9	3.5999999999999996E-9	1.7314285714285716E-8	1.983195299743837E-5	1.0016804700256163E-4
56.0	9.5E-5	1.0E-4	0.0	3.0E-4	8.475E-9	9.025000000000001E-9	8.178846153846153E-9	5.465302985353176E-5	1.3534697014646826E-4
57.0	9.5E-5	1.0E-4	0.0	4.0E-4	1.2475000000000001E-8	9.025000000000001E-9	1.5297727272727273E-8	4.604902452453067E-5	1.4395097547546934E-4
58.0	7.500000000000002E-5	1.0E-4	0.0	2.0E-4	3.875000000000001E-9	5.625000000000004E-9	2.9326923076923074E-9	4.7717954622132907E-5	1.0228204537786713E-4
59.0	5.0E-5	0.0	0.0	3.0E-4	6.5E-9	2.5E-9	1.3928571428571426E-8	1.4665597500452906E-5	8.53344024995471E-5
60.0	8.500000000000002E-5	1.0E-4	0.0	3.0E-4	6.275E-9	7.225000000000002E-9	5.7634615384615385E-9	5.028254041552006E-5	1.1971745958447999E-4
61.0	7.000000000000002E-5	1.0E-4	0.0	2.0E-4	4.100000000000001E-9	4.900000000000003E-9	3.566666666666665E-9	4.193707071597836E-5	9.806292928402168E-5
62.0	6.500000000000001E-5	0.0	0.0	5.0E-4	1.3275E-8	4.225000000000001E-9	2.6850000000000002E-8	1.4503841730286071E-5	1.1549615826971394E-4
63.0	4.000000000000001E-5	0.0	0.0	3.0E-4	5.4E-9	1.6000000000000009E-9	1.4266666666666667E-8	7.793913618696245E-6	7.220608638130378E-5
64.0	8.500000000000002E-5	1.0E-4	0.0	2.0E-4	6.274999999999999E-9	7.225000000000002E-9	5.641666666666666E-9	5.028254041552006E-5	1.1971745958447999E-4
65.0	4.000000000000001E-5	0.0	0.0	3.0E-4	5.4E-9	1.6000000000000009E-9	1.4266666666666669E-8	7.793913618696245E-6	7.220608638130378E-5
66.0	6.000000000000001E-5	1.0E-4	0.0	2.0E-4	3.4E-9	3.6E-9	3.2363636363636365E-9	3.4444726571605626E-5	8.555527342839439E-5
67.0	6.000000000000001E-5	0.0	0.0	3.0E-4	6.4E-9	3.5999999999999996E-9	9.822222222222222E-9	2.4938454112803307E-5	9.506154588719671E-5
68.0	7.000000000000001E-5	1.0E-4	0.0	2.0E-4	4.1E-9	4.900000000000001E-9	3.5666666666666684E-9	4.193707071597835E-5	9.806292928402167E-5
69.0	1.0500000000000002E-4	1.0E-4	0.0	2.0E-4	6.475000000000003E-9	5.101923076923081E-9	9.024999999999998E-9	6.973361373772472E-5	1.402663862622753E-4
70.0	5.0E-5	0.0	0.0	3.0E-4	7.500000000000001E-9	2.5E-9	1.9166666666666663E-8	1.204476320716732E-5	8.795523679283268E-5
71.0	6.0000000000000015E-5	1.0E-4	0.0	2.0E-4	4.4E-9	3.6000000000000016E-9	5.199999999999999E-9	3.0928501930585026E-5	8.9071498069415E-5
72.0	4.000000000000001E-5	0.0	0.0	3.0E-4	5.400000000000001E-9	1.6000000000000009E-9	1.4266666666666669E-8	7.793913618696238E-6	7.220608638130378E-5
73.0	6.500000000000001E-5	1.0E-4	0.0	2.0E-4	5.274999999999999E-9	4.225000000000001E-9	6.324999999999999E-9	3.316885173293305E-5	9.683114826706697E-5
74.0	3.5E-5	0.0	0.0	3.0E-4	6.275000000000003E-9	1.2249999999999996E-9	2.6474999999999997E-8	2.8254041552002064E-7	6.971745958447997E-5
75.0	4.500000000000001E-5	0.0	0.0	2.0E-4	3.4750000000000018E-9	2.0250000000000003E-9	5.650000000000001E-9	1.9164404400130433E-5	7.083559559986959E-5
76.0	9.000000000000002E-5	1.0E-4	0.0	3.0E-4	7.899999999999998E-9	8.100000000000001E-9	7.766666666666662E-9	5.104577044787052E-5	1.2895422955212953E-4
77.0	7.000000000000001E-5	1.0E-4	0.0	3.0E-4	7.099999999999996E-9	4.9E-9	9.299999999999999E-9	3.3070770384423145E-5	1.0692922961557687E-4
78.0	7.000000000000001E-5	1.0E-4	0.0	3.0E-4	7.099999999999997E-9	4.9E-9	9.299999999999999E-9	3.3070770384423145E-5	1.0692922961557687E-4
79.0	6.500000000000001E-5	0.0	0.0	4.0E-4	1.1275000000000003E-8	4.225000000000001E-9	2.1850000000000007E-8	1.8462896523311644E-5	1.1153710347668837E-4
80.0	3.5000000000000004E-5	0.0	0.0	2.0E-4	3.275E-9	1.2249999999999998E-9	8.058333333333334E-9	9.918891571543338E-6	6.0081108428456666E-5
81.0	6.500000000000002E-5	1.0E-4	0.0	2.0E-4	3.275E-9	4.225000000000003E-9	2.641666666666665E-9	3.991889157154335E-5	9.008110842845669E-5
82.0	4.500000000000001E-5	0.0	0.0	2.0E-4	3.475000000000001E-9	2.0250000000000003E-9	5.650000000000001E-9	1.9164404400130436E-5	7.083559559986958E-5
83.0	5.0E-5	0.0	0.0	3.0E-4	6.500000000000001E-9	2.5E-9	1.3928571428571428E-8	1.4665597500452906E-5	8.53344024995471E-5
84.0	2.5E-5	0.0	0.0	1.0E-4	1.8750000000000002E-9	6.250000000000001E-10	5.625000000000001E-9	6.02238160358366E-6	4.397761839641634E-5
85.0	8.5E-5	1.0E-4	0.0	3.0E-4	9.274999999999999E-9	7.225000000000002E-9	1.0952272727272727E-8	4.279168328397828E-5	1.2720831671602173E-4
86.0	5.5E-5	0.0	0.0	3.0E-4	8.475000000000001E-9	3.025E-9	1.8596428571428574E-8	1.4653029853531753E-5	9.534697014646825E-5
87.0	5.0E-5	0.0	0.0	3.0E-4	6.500000000000001E-9	2.5E-9	1.3928571428571426E-8	1.4665597500452906E-5	8.53344024995471E-5
88.0	5.5E-5	0.0	0.0	3.0E-4	6.474999999999999E-9	3.025E-9	1.1650000000000002E-8	1.9733613737724707E-5	9.026638626227529E-5
89.0	5.0E-5	0.0	0.0	3.0E-4	6.5E-9	2.5E-9	1.3928571428571426E-8	1.4665597500452906E-5	8.53344024995471E-5
90.0	5.5E-5	0.0	0.0	3.0E-4	7.474999999999999E-9	3.025E-9	1.5739285714285716E-8	1.7108074738804846E-5	9.289192526119516E-5
91.0	5.0E-5	0.0	0.0	2.0E-4	4.500000000000002E-9	2.4999999999999996E-9	7.500000000000001E-9	2.0599999999999996E-5	7.94E-5
92.0	5.0E-5	0.0	0.0	3.0E-4	6.5E-9	2.5E-9	1.3928571428571426E-8	1.4665597500452906E-5	8.53344024995471E-5
93.0	4.000000000000001E-5	0.0	0.0	2.0E-4	4.4000000000000005E-9	1.6000000000000009E-9	1.0933333333333334E-8	1.092850193058501E-5	6.9071498069415E-5
94.0	3.5000000000000004E-5	0.0	0.0	2.0E-4	3.275E-9	1.2249999999999998E-9	8.058333333333333E-9	9.918891571543338E-6	6.0081108428456666E-5
95.0	7.000000000000001E-5	1.0E-4	0.0	2.0E-4	6.1E-9	4.9E-9	7.300000000000002E-9	3.577007157471697E-5	1.0422992842528305E-4
96.0	2.0E-5	0.0	0.0	2.0E-4	2.6000000000000005E-9	4.000000000000002E-10	1.506666666666667E-8	-2.347438331943106E-6	4.234743833194311E-5
97.0	5.5000000000000016E-5	0.0	0.0	2.0E-4	5.475E-9	3.025000000000002E-9	9.150000000000001E-9	2.2571031468762395E-5	8.742896853123764E-5
98.0	5.000000000000001E-5	0.0	0.0	2.0E-4	4.500000000000002E-9	2.5000000000000013E-9	7.500000000000001E-9	2.0600000000000003E-5	7.940000000000002E-5
99.0	3.0000000000000004E-5	0.0	0.0	2.0E-4	3.1000000000000005E-9	8.999999999999999E-10	9.7E-9	5.5981967879420916E-6	5.440180321205792E-5
100.0	3.5000000000000004E-5	0.0	0.0	2.0E-4	3.275E-9	1.2249999999999998E-9	8.058333333333333E-9	9.918891571543338E-6	6.0081108428456666E-5
101.0	4.000000000000001E-5	0.0	0.0	2.0E-4	3.4E-9	1.6000000000000009E-9	6.742857142857142E-9	1.4444726571605631E-5	6.555527342839439E-5
102.0	4.500000000000001E-5	0.0	0.0	2.0E-4	3.4750000000000018E-9	2.0250000000000003E-9	5.650000000000001E-9	1.9164404400130433E-5	7.083559559986959E-5
103.0	3.5000000000000004E-5	0.0	0.0	2.0E-4	3.275E-9	1.2249999999999998E-9	8.058333333333334E-9	9.918891571543338E-6	6.0081108428456666E-5
104.0	3.0000000000000004E-5	0.0	0.0	2.0E-4	3.1000000000000005E-9	8.999999999999999E-10	9.700000000000001E-9	5.5981967879420916E-6	5.440180321205792E-5
105.0	2.5E-5	0.0	0.0	1.0E-4	1.8750000000000002E-9	6.250000000000001E-10	5.625000000000001E-9	6.02238160358366E-6	4.397761839641634E-5
106.0	5.0E-5	0.0	0.0	2.0E-4	3.5000000000000007E-9	2.4999999999999996E-9	4.722222222222223E-9	2.4071637151567015E-5	7.592836284843299E-5
107.0	4.5E-5	0.0	0.0	2.0E-4	4.475E-9	2.0250000000000003E-9	9.025000000000001E-9	1.568178040876289E-5	7.431821959123712E-5
108.0	4.5E-5	0.0	0.0	2.0E-4	3.475000000000001E-9	2.0250000000000003E-9	5.650000000000001E-9	1.916440440013043E-5	7.083559559986958E-5
109.0	3.5000000000000004E-5	0.0	0.0	2.0E-4	3.275E-9	1.2249999999999998E-9	8.058333333333333E-9	9.918891571543338E-6	6.0081108428456666E-5
110.0	2.0E-5	0.0	0.0	2.0E-4	2.5999999999999993E-9	4.000000000000002E-10	1.506666666666667E-8	-2.347438331943099E-6	4.23474383319431E-5
111.0	4.5E-5	0.0	0.0	2.0E-4	5.4750000000000035E-9	2.0250000000000003E-9	1.3525000000000002E-8	1.2571031468762368E-5	7.742896853123764E-5
112.0	3.5E-5	0.0	0.0	2.0E-4	3.275E-9	1.2249999999999996E-9	8.058333333333334E-9	9.918891571543331E-6	6.0081108428456666E-5
113.0	5.0E-5	0.0	0.0	2.0E-4	4.500000000000002E-9	2.4999999999999996E-9	7.500000000000001E-9	2.0599999999999996E-5	7.94E-5
114.0	4.500000000000001E-5	0.0	0.0	2.0E-4	3.475000000000001E-9	2.0250000000000003E-9	5.650000000000001E-9	1.9164404400130436E-5	7.083559559986958E-5
115.0	2.5E-5	0.0	0.0	2.0E-4	2.875E-9	6.250000000000001E-10	1.1874999999999999E-8	1.500425535767677E-6	4.8499574464232325E-5
116.0	2.0E-5	0.0	0.0	1.0E-4	1.6E-9	4.000000000000002E-10	6.400000000000001E-9	2.469227056401651E-6	3.7530772943598356E-5
117.0	3.0000000000000004E-5	0.0	0.0	2.0E-4	3.1E-9	8.999999999999999E-10	9.7E-9	5.5981967879420916E-6	5.440180321205792E-5
118.0	3.5000000000000004E-5	0.0	0.0	1.0E-4	2.2749999999999997E-9	1.2249999999999998E-9	4.225000000000001E-9	1.4095885572452497E-5	5.5904114427547514E-5
119.0	3.0000000000000004E-5	0.0	0.0	2.0E-4	3.1000000000000005E-9	8.999999999999999E-10	9.7E-9	5.5981967879420916E-6	5.440180321205792E-5
120.0	3.0000000000000004E-5	0.0	0.0	1.0E-4	2.1E-9	8.999999999999999E-10	4.899999999999998E-9	9.915976498719192E-6	5.008402350128081E-5
121.0	3.5000000000000004E-5	0.0	0.0	1.0E-4	2.2749999999999997E-9	1.2249999999999998E-9	4.225000000000001E-9	1.4095885572452497E-5	5.5904114427547514E-5
122.0	2.0E-5	0.0	0.0	1.0E-4	1.6000000000000005E-9	4.000000000000002E-10	6.400000000000001E-9	2.469227056401651E-6	3.7530772943598356E-5
123.0	3.5000000000000004E-5	0.0	0.0	3.0E-4	5.274999999999999E-9	1.2249999999999998E-9	1.7425E-8	3.168851732933044E-6	6.683114826706697E-5
124.0	3.0000000000000004E-5	0.0	0.0	1.0E-4	2.1E-9	8.999999999999999E-10	4.899999999999998E-9	9.915976498719192E-6	5.008402350128081E-5
125.0	2.0E-5	0.0	0.0	1.0E-4	1.6E-9	4.000000000000002E-10	6.400000000000001E-9	2.469227056401651E-6	3.7530772943598356E-5
126.0	3.0000000000000004E-5	0.0	0.0	2.0E-4	3.1E-9	8.999999999999999E-10	9.7E-9	5.5981967879420916E-6	5.440180321205792E-5
127.0	2.5E-5	0.0	0.0	1.0E-4	1.8750000000000007E-9	6.250000000000001E-10	5.625000000000001E-9	6.022381603583657E-6	4.3977618396416345E-5
128.0	3.0000000000000004E-5	0.0	0.0	1.0E-4	2.1E-9	8.999999999999999E-10	4.899999999999998E-9	9.915976498719192E-6	5.008402350128081E-5
129.0	2.5E-5	0.0	0.0	2.0E-4	2.875E-9	6.250000000000001E-10	1.1875E-8	1.500425535767677E-6	4.8499574464232325E-5
130.0	3.0000000000000004E-5	0.0	0.0	2.0E-4	3.1E-9	8.999999999999999E-10	9.7E-9	5.5981967879420916E-6	5.440180321205792E-5
131.0	1.0E-5	0.0	0.0	1.0E-4	8.999999999999998E-10	1.0000000000000006E-10	8.100000000000001E-9	-3.1480797076987604E-6	2.3148079707698764E-5
132.0	2.0E-5	0.0	0.0	1.0E-4	1.6E-9	4.000000000000002E-10	6.400000000000001E-9	2.469227056401651E-6	3.7530772943598356E-5
133.0	3.0000000000000004E-5	0.0	0.0	2.0E-4	4.100000000000001E-9	8.999999999999999E-10	1.6900000000000002E-8	1.9370707159783495E-6	5.8062929284021655E-5
134.0	2.0E-5	0.0	0.0	2.0E-4	3.6000000000000025E-9	4.000000000000002E-10	3.2400000000000006E-8	-6.296159415397534E-6	4.629615941539754E-5
135.0	1.5000000000000002E-5	0.0	0.0	1.0E-4	1.2750000000000003E-9	2.2499999999999997E-10	7.225000000000001E-9	-6.493450342178852E-7	3.064934503421789E-5
136.0	2.5E-5	0.0	0.0	2.0E-4	2.875E-9	6.250000000000001E-10	1.1874999999999999E-8	1.500425535767677E-6	4.8499574464232325E-5
137.0	2.0E-5	0.0	0.0	1.0E-4	1.6000000000000005E-9	4.000000000000002E-10	6.400000000000001E-9	2.469227056401651E-6	3.7530772943598356E-5
138.0	3.5E-5	0.0	0.0	2.0E-4	5.275E-9	1.2249999999999996E-9	2.1475E-8	3.1688517329330374E-6	6.683114826706696E-5
139.0	1.5000000000000002E-5	0.0	0.0	1.0E-4	1.2750000000000003E-9	2.2499999999999997E-10	7.225000000000001E-9	-6.493450342178852E-7	3.064934503421789E-5
140.0	5.0E-6	0.0	0.0	1.0E-4	4.750000000000003E-10	2.500000000000001E-11	9.025000000000001E-9	-4.551858457912786E-6	1.4551858457912788E-5
141.0	1.5000000000000002E-5	0.0	0.0	1.0E-4	1.2750000000000003E-9	2.2499999999999997E-10	7.225000000000001E-9	-6.493450342178852E-7	3.064934503421789E-5
142.0	3.5000000000000004E-5	0.0	0.0	2.0E-4	3.275E-9	1.2249999999999998E-9	8.058333333333334E-9	9.918891571543338E-6	6.0081108428456666E-5
143.0	3.0000000000000004E-5	0.0	0.0	2.0E-4	3.1000000000000005E-9	8.999999999999999E-10	9.7E-9	5.5981967879420916E-6	5.440180321205792E-5
144.0	3.0000000000000004E-5	0.0	0.0	2.0E-4	4.100000000000001E-9	8.999999999999999E-10	1.6900000000000002E-8	1.9370707159783495E-6	5.8062929284021655E-5
145.0	1.5000000000000002E-5	0.0	0.0	1.0E-4	1.2750000000000003E-9	2.2499999999999997E-10	7.225000000000001E-9	-6.493450342178852E-7	3.064934503421789E-5
146.0	5.0E-6	0.0	0.0	1.0E-4	4.750000000000001E-10	2.500000000000001E-11	9.025000000000001E-9	-4.551858457912783E-6	1.4551858457912785E-5
147.0	5.0E-6	0.0	0.0	1.0E-4	4.750000000000001E-10	2.500000000000001E-11	9.025000000000001E-9	-4.551858457912783E-6	1.4551858457912785E-5
148.0	2.0E-5	0.0	0.0	1.0E-4	1.6E-9	4.000000000000002E-10	6.400000000000001E-9	2.469227056401651E-6	3.7530772943598356E-5
149.0	3.5000000000000004E-5	0.0	0.0	1.0E-4	2.2749999999999997E-9	1.2249999999999998E-9	4.225000000000001E-9	1.4095885572452497E-5	5.5904114427547514E-5
150.0	5.0E-6	0.0	0.0	1.0E-4	4.750000000000002E-10	2.500000000000001E-11	9.025000000000001E-9	-4.551858457912785E-6	1.4551858457912785E-5
151.0	1.5000000000000002E-5	0.0	0.0	2.0E-4	2.2749999999999976E-9	2.25E-10	2.0725E-8	-5.904114427547498E-6	3.59041144275475E-5
152.0	5.0E-6	0.0	0.0	1.0E-4	4.750000000000001E-10	2.500000000000001E-11	9.025000000000001E-9	-4.551858457912783E-6	1.4551858457912785E-5
153.0	1.5000000000000002E-5	0.0	0.0	1.0E-4	1.2750000000000003E-9	2.2499999999999997E-10	7.225000000000001E-9	-6.493450342178852E-7	3.064934503421789E-5
154.0	1.0E-5	0.0	0.0	1.0E-4	9.000000000000008E-10	1.0000000000000006E-10	8.100000000000001E-9	-3.148079707698767E-6	2.314807970769877E-5
155.0	1.0E-5	0.0	0.0	1.0E-4	8.999999999999998E-10	1.0000000000000006E-10	8.100000000000001E-9	-3.1480797076987604E-6	2.3148079707698764E-5
156.0	1.0E-5	0.0	0.0	1.0E-4	9.000000000000006E-10	1.0000000000000006E-10	8.100000000000001E-9	-3.148079707698767E-6	2.314807970769877E-5
157.0	1.5000000000000002E-5	0.0	0.0	1.0E-4	1.2750000000000003E-9	2.2499999999999997E-10	7.225000000000001E-9	-6.493450342178852E-7	3.064934503421789E-5
158.0	1.5000000000000002E-5	0.0	0.0	1.0E-4	1.2750000000000003E-9	2.2499999999999997E-10	7.225000000000001E-9	-6.493450342178852E-7	3.064934503421789E-5
159.0	1.0E-5	0.0	0.0	1.0E-4	9.000000000000004E-10	1.0000000000000006E-10	8.100000000000001E-9	-3.1480797076987655E-6	2.3148079707698767E-5
160.0	2.0E-5	0.0	0.0	1.0E-4	1.6000000000000005E-9	4.000000000000002E-10	6.400000000000001E-9	2.469227056401651E-6	3.7530772943598356E-5
161.0	2.5E-5	0.0	0.0	1.0E-4	1.8750000000000007E-9	6.250000000000001E-10	5.625000000000001E-9	6.022381603583657E-6	4.3977618396416345E-5
162.0	2.5E-5	0.0	0.0	1.0E-4	1.8750000000000007E-9	6.250000000000001E-10	5.625000000000001E-9	6.022381603583657E-6	4.3977618396416345E-5
163.0	5.0E-6	0.0	0.0	1.0E-4	4.750000000000001E-10	2.500000000000001E-11	9.025000000000001E-9	-4.551858457912783E-6	1.4551858457912785E-5
164.0	1.5000000000000002E-5	0.0	0.0	1.0E-4	1.2750000000000003E-9	2.2499999999999997E-10	7.225000000000001E-9	-6.493450342178852E-7	3.064934503421789E-5
165.0	0.0	0.0	0.0	0.0	0.0	0.0	0.0	0.0	0.0
166.0	5.0E-6	0.0	0.0	1.0E-4	4.750000000000003E-10	2.500000000000001E-11	9.025000000000001E-9	-4.551858457912786E-6	1.4551858457912788E-5
167.0	5.0E-6	0.0	0.0	1.0E-4	4.750000000000002E-10	2.500000000000001E-11	9.025000000000001E-9	-4.551858457912785E-6	1.4551858457912785E-5
168.0	1.5000000000000002E-5	0.0	0.0	1.0E-4	1.2750000000000003E-9	2.2499999999999997E-10	7.225000000000001E-9	-6.493450342178852E-7	3.064934503421789E-5
169.0	1.5000000000000002E-5	0.0	0.0	2.0E-4	2.274999999999998E-9	2.25E-10	2.0725E-8	-5.904114427547498E-6	3.59041144275475E-5
170.0	5.0E-6	0.0	0.0	1.0E-4	4.750000000000002E-10	2.500000000000001E-11	9.025000000000001E-9	-4.551858457912785E-6	1.4551858457912785E-5
171.0	1.0E-5	0.0	0.0	1.0E-4	8.999999999999998E-10	1.0000000000000006E-10	8.100000000000001E-9	-3.1480797076987604E-6	2.3148079707698764E-5
172.0	1.0E-5	0.0	0.0	1.0E-4	8.999999999999998E-10	1.0000000000000006E-10	8.100000000000001E-9	-3.1480797076987604E-6	2.3148079707698764E-5
173.0	1.0E-5	0.0	0.0	1.0E-4	9.000000000000004E-10	1.0000000000000006E-10	8.100000000000001E-9	-3.1480797076987655E-6	2.3148079707698767E-5
174.0	5.0E-6	0.0	0.0	1.0E-4	4.750000000000003E-10	2.500000000000001E-11	9.025000000000001E-9	-4.551858457912786E-6	1.4551858457912788E-5
175.0	5.0E-6	0.0	0.0	1.0E-4	4.750000000000003E-10	2.500000000000001E-11	9.025000000000001E-9	-4.551858457912786E-6	1.4551858457912788E-5
176.0	5.0E-6	0.0	0.0	1.0E-4	4.750000000000002E-10	2.500000000000001E-11	9.025000000000001E-9	-4.551858457912785E-6	1.4551858457912785E-5
177.0	5.0E-6	0.0	0.0	1.0E-4	4.750000000000002E-10	2.500000000000001E-11	9.025000000000001E-9	-4.551858457912785E-6	1.4551858457912785E-5
178.0	1.5000000000000002E-5	0.0	0.0	1.0E-4	1.2750000000000003E-9	2.2499999999999997E-10	7.225000000000001E-9	-6.493450342178852E-7	3.064934503421789E-5
179.0	1.5000000000000002E-5	0.0	0.0	1.0E-4	1.2750000000000003E-9	2.2499999999999997E-10	7.225000000000001E-9	-6.493450342178852E-7	3.064934503421789E-5
180.0	1.0E-5	0.0	0.0	2.0E-4	1.9000000000000013E-9	1.0000000000000004E-10	3.6100000000000006E-8	-9.103716915825573E-6	2.9103716915825576E-5
181.0	5.0E-6	0.0	0.0	1.0E-4	4.750000000000001E-10	2.500000000000001E-11	9.025000000000001E-9	-4.551858457912783E-6	1.4551858457912785E-5
182.0	1.0E-5	0.0	0.0	1.0E-4	8.999999999999995E-10	1.0000000000000006E-10	8.100000000000001E-9	-3.148079707698757E-6	2.3148079707698757E-5
183.0	1.5000000000000002E-5	0.0	0.0	1.0E-4	1.2750000000000003E-9	2.2499999999999997E-10	7.225000000000001E-9	-6.493450342178852E-7	3.064934503421789E-5
184.0	1.5000000000000002E-5	0.0	0.0	1.0E-4	1.2750000000000003E-9	2.2499999999999997E-10	7.225000000000001E-9	-6.493450342178852E-7	3.064934503421789E-5
185.0	1.0E-5	0.0	0.0	1.0E-4	9.000000000000008E-10	1.0000000000000006E-10	8.100000000000001E-9	-3.148079707698767E-6	2.314807970769877E-5
186.0	5.0E-6	0.0	0.0	1.0E-4	4.750000000000003E-10	2.500000000000001E-11	9.025000000000001E-9	-4.551858457912786E-6	1.4551858457912788E-5
187.0	5.0E-6	0.0	0.0	1.0E-4	4.750000000000003E-10	2.500000000000001E-11	9.025000000000001E-9	-4.551858457912786E-6	1.4551858457912788E-5
188.0	0.0	0.0	0.0	0.0	0.0	0.0	0.0	0.0	0.0
189.0	0.0	0.0	0.0	0.0	0.0	0.0	0.0	0.0	0.0
190.0	1.0E-5	0.0	0.0	1.0E-4	9.000000000000004E-10	1.0000000000000006E-10	8.100000000000001E-9	-3.1480797076987655E-6	2.3148079707698767E-5
191.0	5.0E-6	0.0	0.0	1.0E-4	4.750000000000001E-10	2.500000000000001E-11	9.025000000000001E-9	-4.551858457912783E-6	1.4551858457912785E-5
192.0	0.0	0.0	0.0	0.0	0.0	0.0	0.0	0.0	0.0
193.0	0.0	0.0	0.0	0.0	0.0	0.0	0.0	0.0	0.0
194.0	5.0E-6	0.0	0.0	1.0E-4	4.750000000000003E-10	2.500000000000001E-11	9.025000000000001E-9	-4.551858457912786E-6	1.4551858457912788E-5
195.0	1.0E-5	0.0	0.0	1.0E-4	8.999999999999998E-10	1.0000000000000006E-10	8.100000000000001E-9	-3.1480797076987604E-6	2.3148079707698764E-5
196.0	0.0	0.0	0.0	0.0	0.0	0.0	0.0	0.0	0.0
197.0	0.0	0.0	0.0	0.0	0.0	0.0	0.0	0.0	0.0
198.0	5.0E-6	0.0	0.0	1.0E-4	4.750000000000002E-10	2.500000000000001E-11	9.025000000000001E-9	-4.551858457912785E-6	1.4551858457912785E-5
199.0	0.0	0.0	0.0	0.0	0.0	0.0	0.0	0.0	0.0
200.0	0.0	0.0	0.0	0.0	0.0	0.0	0.0	0.0	0.0
201.0	5.0E-6	0.0	0.0	1.0E-4	4.750000000000002E-10	2.500000000000001E-11	9.025000000000001E-9	-4.551858457912785E-6	1.4551858457912785E-5
202.0	0.0	0.0	0.0	0.0	0.0	0.0	0.0	0.0	0.0
203.0	5.0E-6	0.0	0.0	1.0E-4	4.750000000000003E-10	2.500000000000001E-11	9.025000000000001E-9	-4.551858457912786E-6	1.4551858457912788E-5
204.0	5.0E-6	0.0	0.0	1.0E-4	4.750000000000001E-10	2.500000000000001E-11	9.025000000000001E-9	-4.551858457912783E-6	1.4551858457912785E-5
205.0	0.0	0.0	0.0	0.0	0.0	0.0	0.0	0.0	0.0
206.0	5.0E-6	0.0	0.0	1.0E-4	4.750000000000001E-10	2.500000000000001E-11	9.025000000000001E-9	-4.551858457912783E-6	1.4551858457912785E-5
207.0	5.0E-6	0.0	0.0	1.0E-4	4.750000000000002E-10	2.500000000000001E-11	9.025000000000001E-9	-4.551858457912785E-6	1.4551858457912785E-5
208.0	1.0E-5	0.0	0.0	2.0E-4	1.9000000000000013E-9	1.0000000000000004E-10	3.6100000000000006E-8	-9.103716915825573E-6	2.9103716915825576E-5
209.0	0.0	0.0	0.0	0.0	0.0	0.0	0.0	0.0	0.0
210.0	5.0E-6	0.0	0.0	1.0E-4	4.750000000000002E-10	2.500000000000001E-11	9.025000000000001E-9	-4.551858457912785E-6	1.4551858457912785E-5
211.0	0.0	0.0	0.0	0.0	0.0	0.0	0.0	0.0	0.0
212.0	0.0	0.0	0.0	0.0	0.0	0.0	0.0	0.0	0.0
213.0	0.0	0.0	0.0	0.0	0.0	0.0	0.0	0.0	0.0
214.0	5.0E-6	0.0	0.0	1.0E-4	4.750000000000001E-10	2.500000000000001E-11	9.025000000000001E-9	-4.551858457912783E-6	1.4551858457912785E-5
215.0	5.0E-6	0.0	0.0	1.0E-4	4.750000000000003E-10	2.500000000000001E-11	9.025000000000001E-9	-4.551858457912786E-6	1.4551858457912788E-5
216.0	0.0	0.0	0.0	0.0	0.0	0.0	0.0	0.0	0.0
217.0	0.0	0.0	0.0	0.0	0.0	0.0	0.0	0.0	0.0
218.0	0.0	0.0	0.0	0.0	0.0	0.0	0.0	0.0	0.0
219.0	0.0	0.0	0.0	0.0	0.0	0.0	0.0	0.0	0.0
220.0	0.0	0.0	0.0	0.0	0.0	0.0	0.0	0.0	0.0
221.0	5.0E-6	0.0	0.0	1.0E-4	4.750000000000003E-10	2.500000000000001E-11	9.025000000000001E-9	-4.551858457912786E-6	1.4551858457912788E-5
222.0	0.0	0.0	0.0	0.0	0.0	0.0	0.0	0.0	0.0
223.0	0.0	0.0	0.0	0.0	0.0	0.0	0.0	0.0	0.0
224.0	1.0E-5	0.0	0.0	1.0E-4	9.0E-10	1.0000000000000006E-10	8.100000000000001E-9	-3.148079707698762E-6	2.3148079707698764E-5
225.0	0.0	0.0	0.0	0.0	0.0	0.0	0.0	0.0	0.0
226.0	5.0E-6	0.0	0.0	1.0E-4	4.750000000000002E-10	2.500000000000001E-11	9.025000000000001E-9	-4.551858457912785E-6	1.4551858457912785E-5
227.0	0.0	0.0	0.0	0.0	0.0	0.0	0.0	0.0	0.0
228.0	0.0	0.0	0.0	0.0	0.0	0.0	0.0	0.0	0.0
229.0	0.0	0.0	0.0	0.0	0.0	0.0	0.0	0.0	0.0
230.0	5.0E-6	0.0	0.0	1.0E-4	4.750000000000001E-10	2.500000000000001E-11	9.025000000000001E-9	-4.551858457912783E-6	1.4551858457912785E-5
231.0	0.0	0.0	0.0	0.0	0.0	0.0	0.0	0.0	0.0
232.0	0.0	0.0	0.0	0.0	0.0	0.0	0.0	0.0	0.0
233.0	0.0	0.0	0.0	0.0	0.0	0.0	0.0	0.0	0.0
234.0	0.0	0.0	0.0	0.0	0.0	0.0	0.0	0.0	0.0
235.0	0.0	0.0	0.0	0.0	0.0	0.0	0.0	0.0	0.0
236.0	0.0	0.0	0.0	0.0	0.0	0.0	0.0	0.0	0.0
237.0	0.0	0.0	0.0	0.0	0.0	0.0	0.0	0.0	0.0
238.0	0.0	0.0	0.0	0.0	0.0	0.0	0.0	0.0	0.0
239.0	0.0	0.0	0.0	0.0	0.0	0.0	0.0	0.0	0.0
240.0	0.0	0.0	0.0	0.0	0.0	0.0	0.0	0.0	0.0
241.0	0.0	0.0	0.0	0.0	0.0	0.0	0.0	0.0	0.0
242.0	0.0	0.0	0.0	0.0	0.0	0.0	0.0	0.0	0.0
243.0	0.0	0.0	0.0	0.0	0.0	0.0	0.0	0.0	0.0
244.0	0.0	0.0	0.0	0.0	0.0	0.0	0.0	0.0	0.0
245.0	5.0E-6	0.0	0.0	1.0E-4	4.750000000000001E-10	2.500000000000001E-11	9.025000000000001E-9	-4.551858457912783E-6	1.4551858457912785E-5
246.0	0.0	0.0	0.0	0.0	0.0	0.0	0.0	0.0	0.0
247.0	0.0	0.0	0.0	0.0	0.0	0.0	0.0	0.0	0.0
248.0	0.0	0.0	0.0	0.0	0.0	0.0	0.0	0.0	0.0
249.0	0.0	0.0	0.0	0.0	0.0	0.0	0.0	0.0	0.0
250.0	0.0	0.0	0.0	0.0	0.0	0.0	0.0	0.0	0.0
251.0	0.0	0.0	0.0	0.0	0.0	0.0	0.0	0.0	0.0
252.0	0.0	0.0	0.0	0.0	0.0	0.0	0.0	0.0	0.0
253.0	0.0	0.0	0.0	0.0	0.0	0.0	0.0	0.0	0.0
254.0	0.0	0.0	0.0	0.0	0.0	0.0	0.0	0.0	0.0
255.0	0.0	0.0	0.0	0.0	0.0	0.0	0.0	0.0	0.0
256.0	0.0	0.0	0.0	0.0	0.0	0.0	0.0	0.0	0.0
257.0	0.0	0.0	0.0	0.0	0.0	0.0	0.0	0.0	0.0
258.0	0.0	0.0	0.0	0.0	0.0	0.0	0.0	0.0	0.0
259.0	0.0	0.0	0.0	0.0	0.0	0.0	0.0	0.0	0.0
260.0	0.0	0.0	0.0	0.0	0.0	0.0	0.0	0.0	0.0
261.0	5.0E-6	0.0	0.0	1.0E-4	4.750000000000001E-10	2.500000000000001E-11	9.025000000000001E-9	-4.551858457912783E-6	1.4551858457912785E-5
262.0	0.0	0.0	0.0	0.0	0.0	0.0	0.0	0.0	0.0
263.0	5.0E-6	0.0	0.0	1.0E-4	4.750000000000003E-10	2.500000000000001E-11	9.025000000000001E-9	-4.551858457912786E-6	1.4551858457912788E-5
264.0	0.0	0.0	0.0	0.0	0.0	0.0	0.0	0.0	0.0
265.0	0.0	0.0	0.0	0.0	0.0	0.0	0.0	0.0	0.0
266.0	0.0	0.0	0.0	0.0	0.0	0.0	0.0	0.0	0.0
267.0	0.0	0.0	0.0	0.0	0.0	0.0	0.0	0.0	0.0
268.0	0.0	0.0	0.0	0.0	0.0	0.0	0.0	0.0	0.0
269.0	0.0	0.0	0.0	0.0	0.0	0.0	0.0	0.0	0.0
270.0	0.0	0.0	0.0	0.0	0.0	0.0	0.0	0.0	0.0
271.0	0.0	0.0	0.0	0.0	0.0	0.0	0.0	0.0	0.0
272.0	0.0	0.0	0.0	0.0	0.0	0.0	0.0	0.0	0.0
273.0	0.0	0.0	0.0	0.0	0.0	0.0	0.0	0.0	0.0
274.0	0.0	0.0	0.0	0.0	0.0	0.0	0.0	0.0	0.0
275.0	5.0E-6	0.0	0.0	1.0E-4	4.750000000000003E-10	2.500000000000001E-11	9.025000000000001E-9	-4.551858457912786E-6	1.4551858457912788E-5
276.0	0.0	0.0	0.0	0.0	0.0	0.0	0.0	0.0	0.0
277.0	0.0	0.0	0.0	0.0	0.0	0.0	0.0	0.0	0.0
278.0	0.0	0.0	0.0	0.0	0.0	0.0	0.0	0.0	0.0
279.0	0.0	0.0	0.0	0.0	0.0	0.0	0.0	0.0	0.0
280.0	0.0	0.0	0.0	0.0	0.0	0.0	0.0	0.0	0.0
281.0	0.0	0.0	0.0	0.0	0.0	0.0	0.0	0.0	0.0
282.0	0.0	0.0	0.0	0.0	0.0	0.0	0.0	0.0	0.0
283.0	0.0	0.0	0.0	0.0	0.0	0.0	0.0	0.0	0.0
284.0	0.0	0.0	0.0	0.0	0.0	0.0	0.0	0.0	0.0
285.0	0.0	0.0	0.0	0.0	0.0	0.0	0.0	0.0	0.0
286.0	0.0	0.0	0.0	0.0	0.0	0.0	0.0	0.0	0.0
287.0	0.0	0.0	0.0	0.0	0.0	0.0	0.0	0.0	0.0
288.0	0.0	0.0	0.0	0.0	0.0	0.0	0.0	0.0	0.0
289.0	0.0	0.0	0.0	0.0	0.0	0.0	0.0	0.0	0.0
290.0	0.0	0.0	0.0	0.0	0.0	0.0	0.0	0.0	0.0
291.0	0.0	0.0	0.0	0.0	0.0	0.0	0.0	0.0	0.0
292.0	0.0	0.0	0.0	0.0	0.0	0.0	0.0	0.0	0.0
293.0	0.0	0.0	0.0	0.0	0.0	0.0	0.0	0.0	0.0
294.0	0.0	0.0	0.0	0.0	0.0	0.0	0.0	0.0	0.0
295.0	0.0	0.0	0.0	0.0	0.0	0.0	0.0	0.0	0.0
296.0	0.0	0.0	0.0	0.0	0.0	0.0	0.0	0.0	0.0
297.0	0.0	0.0	0.0	0.0	0.0	0.0	0.0	0.0	0.0
298.0	0.0	0.0	0.0	0.0	0.0	0.0	0.0	0.0	0.0
299.0	0.0	0.0	0.0	0.0	0.0	0.0	0.0	0.0	0.0
300.0	0.0	0.0	0.0	0.0	0.0	0.0	0.0	0.0	0.0
301.0	0.0	0.0	0.0	0.0	0.0	0.0	0.0	0.0	0.0
302.0	0.0	0.0	0.0	0.0	0.0	0.0	0.0	0.0	0.0
303.0	5.0E-6	0.0	0.0	1.0E-4	4.750000000000003E-10	2.500000000000001E-11	9.025000000000001E-9	-4.551858457912786E-6	1.4551858457912788E-5
