0.0	0.0019099999999999998	0.0019	9.0E-4	0.0041	4.989E-7	3.037363636363634E-7	7.374333333333335E-7	0.001600437870533232	0.0022195621294667676
1.0	0.00225	0.0023	0.0014	0.0039	3.2749999999999993E-7	2.5049999999999987E-7	4.045E-7	0.001999188915715433	0.0025008110842845667
2.0	0.06990500000000001	0.0701	0.0645	0.0746	5.795475000000002E-6	5.9971250000000345E-6	5.593824999999971E-6	0.06884991951112725	0.07096008048887277
3.0	0.21820999999999996	0.217	0.2071	0.2288	4.072889999999996E-5	3.4479372727272305E-5	4.8367211111111576E-5	0.21541300033750446	0.22100699966249546
4.0	0.18393999999999996	0.184	0.1721	0.193	3.625539999999997E-5	3.809839999999962E-5	3.4412400000000335E-5	0.181301072711877	0.18657892728812292
5.0	0.13066499999999998	0.1298	0.1245	0.1403	1.5791275000000004E-5	8.460917307692177E-6	2.9404796428571687E-5	0.12892339496383362	0.13240660503616633
6.0	0.081575	0.082	0.0774	0.0901	8.111875E-6	6.096124999999984E-6	1.0127625000000016E-5	0.08032674964450234	0.08282325035549765
7.0	0.0605	0.0607	0.0579	0.0643	2.3939999999999973E-6	2.168999999999994E-6	2.6190000000000007E-6	0.05982188531943335	0.06117811468056664
8.0	0.04552500000000001	0.0455	0.0416	0.0513	7.272874999999999E-6	5.091988636363678E-6	9.938402777777728E-6	0.04434306352539573	0.04670693647460429
9.0	0.037815	0.038	0.0342	0.0423	4.6462749999999964E-6	4.602925000000003E-6	4.68962499999999E-6	0.036870300840478834	0.03875969915952117
10.0	0.03037	0.031	0.0263	0.0345	4.365100000000002E-6	5.8609000000000035E-6	3.3679E-6	0.02945433171508455	0.03128566828491545
11.0	0.023644999999999996	0.0241	0.0206	0.0278	4.7994749999999995E-6	4.779136111111094E-6	4.816115909090922E-6	0.022684852533201277	0.024605147466798715
12.0	0.01896	0.0192	0.0168	0.0221	1.5204E-6	1.5484888888888908E-6	1.4974181818181805E-6	0.01841959419692235	0.01950040580307765
13.0	0.014905000000000002	0.015	0.0132	0.0174	1.0224749999999995E-6	1.0852472222222246E-6	9.711159090909064E-7	0.014461832990848824	0.01534816700915118
14.0	0.01213	0.012	0.0101	0.0153	1.5281000000000002E-6	9.455666666666666E-7	2.4019E-6	0.011588227494237664	0.012671772505762336
15.0	0.009925	0.0097	0.0075	0.012	1.3388749999999997E-6	1.1828977272727269E-6	1.529513888888889E-6	0.009417879590235219	0.01043212040976478
16.0	0.007725	0.0079	0.0058	0.0106	1.5538749999999998E-6	1.3501250000000003E-6	1.7576249999999995E-6	0.007178677467058149	0.008271322532941851
17.0	0.006594999999999998	0.0065	0.0056	0.0078	5.08475E-7	4.4347954545454365E-7	5.879138888888907E-7	0.006282481395753787	0.00690751860424621
18.0	0.005484999999999999	0.0052	0.0044	0.007	6.622750000000002E-7	4.361416666666662E-7	1.001475000000001E-6	0.005128335196578075	0.0058416648034219235
19.0	0.0045499999999999985	0.0047	0.0029	0.0058	5.954999999999996E-7	8.199999999999977E-7	4.4583333333333466E-7	0.0042117934950359455	0.0048882065049640515
20.0	0.00395	0.0038	0.003	0.0055	4.295E-7	2.9159090909090945E-7	5.980555555555551E-7	0.0036627747225608446	0.004237225277439156
21.0	0.0036	0.0034	0.0024	0.005	4.589999999999999E-7	3.0833333333333333E-7	6.850000000000002E-7	0.003303074554812155	0.003896925445187845
22.0	0.00277	0.0029	0.0014	0.0038	3.9610000000000006E-7	5.048999999999999E-7	3.0708181818181827E-7	0.0024941687327368414	0.0030458312672631584
23.0	0.002705	0.0027	0.0021	0.0036	2.01475E-7	1.1579423076923077E-7	3.605964285714286E-7	0.002508278577678993	0.002901721422321007
24.0	0.002125	0.0021	0.0011	0.003	2.1187500000000004E-7	1.9789772727272733E-7	2.2895833333333321E-7	0.001923265149267659	0.0023267348507323414
25.0	0.00172	0.0017	0.0011	0.0031	2.3159999999999998E-7	1.6985454545454546E-7	3.070666666666667E-7	0.0015090835994997069	0.001930916400500293
26.0	0.00154	0.0016	7.0E-4	0.0027	2.824E-7	2.2959999999999996E-7	3.3520000000000004E-7	0.001307097891808597	0.001772902108191403
27.0	0.0013050000000000002	0.0014	5.0E-4	0.0018	8.247499999999999E-8	9.822500000000006E-8	6.672499999999992E-8	0.0011791357953983741	0.0014308642046016262
28.0	0.0011449999999999998	0.0012	4.0E-4	0.0019	1.19475E-7	1.3724722222222208E-7	1.0493409090909099E-7	9.93511525190858E-4	0.0012964884748091416
29.0	0.0010500000000000002	0.0011	6.0E-4	0.0016	1.0550000000000002E-7	9.85000000000001E-8	1.1249999999999992E-7	9.076467773459274E-4	0.0011923532226540729
30.0	8.699999999999999E-4	9.0E-4	3.0E-4	0.0018	1.371E-7	1.3778888888888882E-7	1.3653636363636367E-7	7.077219423335366E-4	0.0010322780576664632
31.0	7.900000000000001E-4	8.0E-4	3.0E-4	0.0014	7.490000000000002E-8	9.460000000000008E-8	6.176666666666663E-8	6.700550459585732E-4	9.09944954041427E-4
32.0	5.9E-4	6.0E-4	2.0E-4	0.0012	6.69E-8	7.010000000000003E-8	6.476666666666666E-8	4.766414890711774E-4	7.033585109288226E-4
33.0	5.9E-4	6.0E-4	1.0E-4	0.0014	1.0789999999999998E-7	1.1360000000000004E-7	1.0409999999999999E-7	4.460366991209219E-4	7.339633008790782E-4
34.0	5.85E-4	5.0E-4	2.0E-4	0.0011	6.7275E-8	3.984038461538462E-8	1.1822500000000001E-7	4.7132422421641455E-4	6.986757757835855E-4
35.0	5.099999999999999E-4	6.0E-4	2.0E-4	0.0011	6.39E-8	5.609999999999998E-8	7.170000000000003E-8	3.992123111532693E-4	6.207876888467306E-4
36.0	3.7E-4	3.0E-4	0.0	0.001	5.210000000000001E-8	3.180909090909091E-8	7.690000000000001E-8	2.699631667834292E-4	4.700368332165708E-4
37.0	4.3499999999999995E-4	5.0E-4	0.0	9.0E-4	7.427499999999998E-8	8.155833333333332E-8	6.83159090909091E-8	3.1555653220037517E-4	5.544434677996247E-4
38.0	3.65E-4	4.0E-4	0.0	7.0E-4	2.6275E-8	2.8780555555555548E-8	2.4225E-8	2.939584487781974E-4	4.3604155122180255E-4
39.0	3.349999999999999E-4	3.0E-4	1.0E-4	7.0E-4	3.627499999999999E-8	3.040681818181816E-8	4.344722222222226E-8	2.515272379754928E-4	4.18472762024507E-4
40.0	2.6000000000000003E-4	3.0E-4	0.0	7.0E-4	3.1399999999999997E-8	3.226666666666667E-8	3.069090909090909E-8	1.8233847799585697E-4	3.376615220041431E-4
41.0	2.25E-4	2.0E-4	0.0	6.0E-4	3.0875E-8	2.1041666666666665E-8	4.562499999999999E-8	1.4799045513704163E-4	3.0200954486295836E-4
42.0	2.2500000000000002E-4	2.0E-4	0.0	5.0E-4	2.3874999999999994E-8	1.9715909090909095E-8	2.8958333333333326E-8	1.572806526906823E-4	2.9271934730931774E-4
43.0	1.7499999999999997E-4	1.0E-4	0.0	5.0E-4	2.0875E-8	1.1874999999999994E-8	3.437500000000001E-8	1.1167804488173156E-4	2.3832195511826838E-4
44.0	1.9500000000000002E-4	2.0E-4	0.0	4.0E-4	1.8475E-8	1.869166666666667E-8	1.829772727272727E-8	1.3542921857151783E-4	2.545707814284822E-4
45.0	2.4000000000000003E-4	2.0E-4	0.0	7.0E-4	3.14E-8	2.010000000000001E-8	4.834999999999999E-8	1.6233847799585697E-4	3.176615220041431E-4
46.0	2.2E-4	2.0E-4	0.0	7.0E-4	2.16E-8	8.266666666666666E-9	6.16E-8	1.5558782723739246E-4	2.8441217276260755E-4
47.0	1.7E-4	2.0E-4	0.0	3.0E-4	9.099999999999997E-9	1.5185714285714287E-8	5.8230769230769204E-9	1.28191771144905E-4	2.1180822885509502E-4
48.0	1.4E-4	1.0E-4	0.0	4.0E-4	1.0399999999999997E-8	5.753846153846153E-9	1.9028571428571434E-8	9.530512333611379E-5	1.8469487666388618E-4
49.0	1.4499999999999997E-4	1.0E-4	0.0	4.0E-4	1.5474999999999998E-8	1.2388636363636355E-8	1.924722222222223E-8	9.047993030085157E-5	1.9952006969914838E-4
50.0	1.2500000000000003E-4	1.0E-4	0.0	4.0E-4	1.4874999999999998E-8	7.053571428571433E-9	3.3124999999999994E-8	7.154731063828504E-5	1.7845268936171501E-4
51.0	1.35E-4	1.0E-4	0.0	4.0E-4	1.4275E-8	7.763461538461539E-9	2.636785714285715E-8	8.263644397102121E-5	1.873635560289788E-4
52.0	6.500000000000001E-5	1.0E-4	0.0	2.0E-4	4.274999999999999E-9	4.225000000000001E-9	4.31590909090909E-9	3.634442462626166E-5	9.365557537373836E-5
53.0	1.0500000000000002E-4	1.0E-4	0.0	2.0E-4	7.475000000000002E-9	6.4416666666666706E-9	9.024999999999998E-9	6.710807473880485E-5	1.428919252611952E-4
54.0	1.1E-4	1.0E-4	0.0	3.0E-4	1.19E-8	7.484615384615382E-9	2.0099999999999995E-8	6.219046120281018E-5	1.5780953879718983E-4
55.0	9.5E-5	0.0	0.0	3.0E-4	1.4474999999999992E-8	9.025000000000001E-9	2.1136111111111106E-8	4.227089987492677E-5	1.4772910012507325E-4
56.0	6.500000000000001E-5	1.0E-4	0.0	2.0E-4	5.274999999999999E-9	4.225000000000001E-9	6.325E-9	3.316885173293305E-5	9.683114826706697E-5
57.0	1.1E-4	1.0E-4	0.0	3.0E-4	9.900000000000001E-9	6.561538461538462E-9	1.6099999999999995E-8	6.63927528958775E-5	1.536072471041225E-4
58.0	8.000000000000002E-5	1.0E-4	0.0	2.0E-4	5.600000000000001E-9	6.4000000000000035E-9	5.066666666666666E-9	4.720292695986426E-5	1.1279707304013577E-4
59.0	8.500000000000002E-5	1.0E-4	0.0	3.0E-4	7.274999999999999E-9	7.225000000000002E-9	7.308333333333332E-9	4.761842699938915E-5	1.223815730006109E-4
60.0	8.500000000000002E-5	1.0E-4	0.0	2.0E-4	5.275000000000001E-9	7.225000000000002E-9	4.224999999999998E-9	5.316885173293306E-5	1.1683114826706698E-4
61.0	1.0000000000000002E-4	1.0E-4	0.0	5.0E-4	1.6000000000000004E-8	6.0000000000000024E-9	4.5999999999999995E-8	4.4562828354974686E-5	1.5543717164502536E-4
62.0	7.500000000000001E-5	1.0E-4	0.0	3.0E-4	5.874999999999998E-9	5.625E-9	6.041666666666663E-9	4.14072924580349E-5	1.0859270754196511E-4
63.0	8.500000000000002E-5	1.0E-4	0.0	3.0E-4	7.274999999999999E-9	7.225000000000002E-9	7.3083333333333334E-9	4.761842699938915E-5	1.223815730006109E-4
64.0	5.0E-5	0.0	0.0	2.0E-4	4.500000000000001E-9	2.4999999999999996E-9	7.500000000000001E-9	2.0600000000000003E-5	7.94E-5
65.0	6.500000000000001E-5	0.0	0.0	3.0E-4	8.274999999999998E-9	4.225000000000001E-9	1.4349999999999996E-8	2.5131942610656352E-5	1.0486805738934367E-4
66.0	3.5000000000000004E-5	0.0	0.0	2.0E-4	3.275E-9	1.2249999999999998E-9	8.058333333333334E-9	9.918891571543338E-6	6.0081108428456666E-5
67.0	7.000000000000001E-5	1.0E-4	0.0	2.0E-4	5.1E-9	4.900000000000001E-9	5.263636363636364E-9	3.870130993156424E-5	1.0129869006843578E-4
68.0	6.000000000000001E-5	1.0E-4	0.0	2.0E-4	4.400000000000001E-9	3.6E-9	5.1999999999999994E-9	3.092850193058501E-5	8.9071498069415E-5
69.0	7.500000000000002E-5	1.0E-4	0.0	2.0E-4	5.874999999999999E-9	5.625000000000004E-9	6.079545454545453E-9	4.140729245803491E-5	1.0859270754196513E-4
70.0	4.4999999999999996E-5	0.0	0.0	3.0E-4	7.474999999999997E-9	2.0249999999999995E-9	2.3824999999999997E-8	7.10807473880484E-6	8.289192526119515E-5
71.0	4.000000000000001E-5	0.0	0.0	3.0E-4	5.400000000000001E-9	1.6000000000000009E-9	1.4266666666666669E-8	7.793913618696238E-6	7.220608638130378E-5
72.0	3.0000000000000004E-5	0.0	0.0	2.0E-4	4.100000000000001E-9	8.999999999999999E-10	1.6900000000000002E-8	1.9370707159783495E-6	5.8062929284021655E-5
73.0	5.0E-5	0.0	0.0	2.0E-4	4.500000000000001E-9	2.4999999999999996E-9	7.500000000000001E-9	2.0600000000000003E-5	7.94E-5
74.0	5.000000000000001E-5	0.0	0.0	4.0E-4	8.5E-9	2.5000000000000017E-9	1.9642857142857142E-8	9.59356486894694E-6	9.040643513105308E-5
75.0	6.500000000000001E-5	1.0E-4	0.0	2.0E-4	5.275E-9	4.225000000000001E-9	6.325E-9	3.316885173293305E-5	9.683114826706697E-5
76.0	7.000000000000001E-5	1.0E-4	0.0	2.0E-4	4.1E-9	4.900000000000001E-9	3.5666666666666684E-9	4.193707071597835E-5	9.806292928402167E-5
77.0	6.000000000000001E-5	1.0E-4	0.0	2.0E-4	3.4000000000000007E-9	3.6E-9	3.2363636363636365E-9	3.4444726571605626E-5	8.555527342839439E-5
78.0	4.000000000000001E-5	0.0	0.0	2.0E-4	3.4E-9	1.6000000000000009E-9	6.742857142857142E-9	1.4444726571605631E-5	6.555527342839439E-5
79.0	5.5E-5	0.0	0.0	2.0E-4	5.475000000000002E-9	3.025E-9	9.150000000000001E-9	2.2571031468762374E-5	8.742896853123762E-5
80.0	2.5E-5	0.0	0.0	2.0E-4	2.875E-9	6.250000000000001E-10	1.1874999999999999E-8	1.500425535767677E-6	4.8499574464232325E-5
81.0	2.0E-5	0.0	0.0	2.0E-4	2.600000000000001E-9	4.000000000000002E-10	1.506666666666667E-8	-2.347438331943106E-6	4.234743833194311E-5
82.0	2.5E-5	0.0	0.0	1.0E-4	1.8750000000000002E-9	6.250000000000001E-10	5.625000000000001E-9	6.02238160358366E-6	4.397761839641634E-5
83.0	2.0E-5	0.0	0.0	1.0E-4	1.6E-9	4.000000000000002E-10	6.400000000000001E-9	2.469227056401651E-6	3.7530772943598356E-5
84.0	3.5000000000000004E-5	0.0	0.0	2.0E-4	3.275E-9	1.2249999999999998E-9	8.058333333333334E-9	9.918891571543338E-6	6.0081108428456666E-5
85.0	2.0E-5	0.0	0.0	2.0E-4	2.599999999999999E-9	4.000000000000002E-10	1.506666666666667E-8	-2.347438331943099E-6	4.23474383319431E-5
86.0	4.500000000000001E-5	0.0	0.0	2.0E-4	3.475000000000001E-9	2.0250000000000003E-9	5.65E-9	1.9164404400130436E-5	7.083559559986958E-5
87.0	4.500000000000001E-5	0.0	0.0	2.0E-4	3.4750000000000005E-9	2.0250000000000003E-9	5.65E-9	1.916440440013044E-5	7.083559559986958E-5
88.0	2.5E-5	0.0	0.0	1.0E-4	1.8750000000000007E-9	6.250000000000001E-10	5.625000000000001E-9	6.022381603583657E-6	4.3977618396416345E-5
89.0	3.5E-5	0.0	0.0	2.0E-4	3.275E-9	1.2249999999999996E-9	8.058333333333334E-9	9.918891571543331E-6	6.0081108428456666E-5
90.0	4.0E-5	0.0	0.0	2.0E-4	3.4000000000000007E-9	1.6000000000000009E-9	6.742857142857143E-9	1.444472657160562E-5	6.555527342839439E-5
91.0	2.0E-5	0.0	0.0	1.0E-4	1.6E-9	4.000000000000002E-10	6.400000000000001E-9	2.469227056401651E-6	3.7530772943598356E-5
92.0	3.5000000000000004E-5	0.0	0.0	2.0E-4	3.275E-9	1.2249999999999998E-9	8.058333333333334E-9	9.918891571543338E-6	6.0081108428456666E-5
93.0	3.0000000000000004E-5	0.0	0.0	2.0E-4	4.100000000000001E-9	8.999999999999999E-10	1.6900000000000002E-8	1.9370707159783495E-6	5.8062929284021655E-5
94.0	1.5000000000000002E-5	0.0	0.0	1.0E-4	1.2750000000000003E-9	2.2499999999999997E-10	7.225000000000001E-9	-6.493450342178852E-7	3.064934503421789E-5
95.0	2.0E-5	0.0	0.0	1.0E-4	1.5999999999999999E-9	4.000000000000002E-10	6.400000000000001E-9	2.469227056401651E-6	3.7530772943598356E-5
96.0	1.5000000000000002E-5	0.0	0.0	1.0E-4	1.2750000000000003E-9	2.2499999999999997E-10	7.225000000000001E-9	-6.493450342178852E-7	3.064934503421789E-5
97.0	2.5E-5	0.0	0.0	1.0E-4	1.8750000000000002E-9	6.250000000000001E-10	5.625000000000001E-9	6.02238160358366E-6	4.397761839641634E-5
98.0	3.0000000000000004E-5	0.0	0.0	2.0E-4	3.1E-9	8.999999999999999E-10	9.7E-9	5.5981967879420916E-6	5.440180321205792E-5
99.0	1.5000000000000002E-5	0.0	0.0	1.0E-4	1.2750000000000003E-9	2.2499999999999997E-10	7.225000000000001E-9	-6.493450342178852E-7	3.064934503421789E-5
100.0	1.5000000000000002E-5	0.0	0.0	1.0E-4	1.2750000000000003E-9	2.2499999999999997E-10	7.225000000000001E-9	-6.493450342178852E-7	3.064934503421789E-5
101.0	1.5000000000000002E-5	0.0	0.0	2.0E-4	2.2749999999999972E-9	2.25E-10	2.0725E-8	-5.904114427547495E-6	3.59041144275475E-5
102.0	2.5E-5	0.0	0.0	1.0E-4	1.8750000000000002E-9	6.250000000000001E-10	5.625000000000001E-9	6.02238160358366E-6	4.397761839641634E-5
103.0	2.5E-5	0.0	0.0	2.0E-4	2.875E-9	6.250000000000001E-10	1.1874999999999999E-8	1.500425535767677E-6	4.8499574464232325E-5
104.0	2.5E-5	0.0	0.0	1.0E-4	1.8750000000000002E-9	6.250000000000001E-10	5.625000000000001E-9	6.02238160358366E-6	4.397761839641634E-5
105.0	5.0E-6	0.0	0.0	1.0E-4	4.750000000000002E-10	2.500000000000001E-11	9.025000000000001E-9	-4.551858457912785E-6	1.4551858457912785E-5
106.0	5.0E-6	0.0	0.0	1.0E-4	4.750000000000001E-10	2.500000000000001E-11	9.025000000000001E-9	-4.551858457912783E-6	1.4551858457912785E-5
107.0	1.0E-5	0.0	0.0	1.0E-4	9.000000000000004E-10	1.0000000000000006E-10	8.100000000000001E-9	-3.1480797076987655E-6	2.3148079707698767E-5
108.0	1.5000000000000002E-5	0.0	0.0	1.0E-4	1.2750000000000003E-9	2.2499999999999997E-10	7.225000000000001E-9	-6.493450342178852E-7	3.064934503421789E-5
109.0	1.0E-5	0.0	0.0	1.0E-4	9.000000000000006E-10	1.0000000000000006E-10	8.100000000000001E-9	-3.148079707698767E-6	2.314807970769877E-5
110.0	1.5000000000000002E-5	0.0	0.0	1.0E-4	1.2750000000000003E-9	2.2499999999999997E-10	7.225000000000001E-9	-6.493450342178852E-7	3.064934503421789E-5
111.0	2.5E-5	0.0	0.0	1.0E-4	1.8750000000000002E-9	6.250000000000001E-10	5.625000000000001E-9	6.02238160358366E-6	4.397761839641634E-5
112.0	1.0E-5	0.0	0.0	1.0E-4	8.999999999999998E-10	1.0000000000000006E-10	8.100000000000001E-9	-3.1480797076987604E-6	2.3148079707698764E-5
113.0	1.0E-5	0.0	0.0	1.0E-4	9.000000000000001E-10	1.0000000000000006E-10	8.100000000000001E-9	-3.148079707698762E-6	2.3148079707698764E-5
114.0	1.0E-5	0.0	0.0	1.0E-4	9.000000000000004E-10	1.0000000000000006E-10	8.100000000000001E-9	-3.1480797076987655E-6	2.3148079707698767E-5
115.0	1.0E-5	0.0	0.0	1.0E-4	8.999999999999998E-10	1.0000000000000006E-10	8.100000000000001E-9	-3.1480797076987604E-6	2.3148079707698764E-5
116.0	1.5000000000000002E-5	0.0	0.0	1.0E-4	1.2750000000000003E-9	2.2499999999999997E-10	7.225000000000001E-9	-6.493450342178852E-7	3.064934503421789E-5
117.0	1.5000000000000002E-5	0.0	0.0	1.0E-4	1.2750000000000003E-9	2.2499999999999997E-10	7.225000000000001E-9	-6.493450342178852E-7	3.064934503421789E-5
118.0	3.0000000000000004E-5	0.0	0.0	2.0E-4	3.1000000000000005E-9	8.999999999999999E-10	9.700000000000001E-9	5.5981967879420916E-6	5.440180321205792E-5
119.0	1.0E-5	0.0	0.0	1.0E-4	9.000000000000003E-10	1.0000000000000006E-10	8.100000000000001E-9	-3.148079707698764E-6	2.3148079707698764E-5
120.0	5.0E-6	0.0	0.0	1.0E-4	4.750000000000002E-10	2.500000000000001E-11	9.025000000000001E-9	-4.551858457912785E-6	1.4551858457912785E-5
121.0	2.0E-5	0.0	0.0	2.0E-4	2.600000000000001E-9	4.000000000000002E-10	1.506666666666667E-8	-2.347438331943106E-6	4.234743833194311E-5
122.0	2.5E-5	0.0	0.0	2.0E-4	2.875E-9	6.250000000000001E-10	1.1874999999999999E-8	1.500425535767677E-6	4.8499574464232325E-5
123.0	2.0E-5	0.0	0.0	1.0E-4	1.6E-9	4.000000000000002E-10	6.400000000000001E-9	2.469227056401651E-6	3.7530772943598356E-5
124.0	1.5000000000000002E-5	0.0	0.0	2.0E-4	2.2749999999999976E-9	2.25E-10	2.0725E-8	-5.904114427547498E-6	3.59041144275475E-5
125.0	0.0	0.0	0.0	0.0	0.0	0.0	0.0	0.0	0.0
126.0	3.0000000000000004E-5	0.0	0.0	1.0E-4	2.1E-9	8.999999999999999E-10	4.899999999999998E-9	9.915976498719192E-6	5.008402350128081E-5
127.0	1.0E-5	0.0	0.0	1.0E-4	9.000000000000001E-10	1.0000000000000006E-10	8.100000000000001E-9	-3.148079707698762E-6	2.3148079707698764E-5
128.0	2.0E-5	0.0	0.0	1.0E-4	1.6E-9	4.000000000000002E-10	6.400000000000001E-9	2.469227056401651E-6	3.7530772943598356E-5
129.0	1.5000000000000002E-5	0.0	0.0	2.0E-4	2.2749999999999993E-9	2.25E-10	2.0725E-8	-5.904114427547505E-6	3.590411442754751E-5
130.0	2.5E-5	0.0	0.0	2.0E-4	2.875E-9	6.250000000000001E-10	1.1875E-8	1.500425535767677E-6	4.8499574464232325E-5
131.0	2.0E-5	0.0	0.0	1.0E-4	1.6E-9	4.000000000000002E-10	6.400000000000001E-9	2.469227056401651E-6	3.7530772943598356E-5
132.0	5.0E-6	0.0	0.0	1.0E-4	4.750000000000003E-10	2.500000000000001E-11	9.025000000000001E-9	-4.551858457912786E-6	1.4551858457912788E-5
133.0	2.5E-5	0.0	0.0	1.0E-4	1.8750000000000002E-9	6.250000000000001E-10	5.625000000000001E-9	6.02238160358366E-6	4.397761839641634E-5
134.0	2.0E-5	0.0	0.0	1.0E-4	1.6E-9	4.000000000000002E-10	6.400000000000001E-9	2.469227056401651E-6	3.7530772943598356E-5
135.0	2.0E-5	0.0	0.0	1.0E-4	1.5999999999999994E-9	4.000000000000002E-10	6.400000000000001E-9	2.4692270564016545E-6	3.753077294359835E-5
136.0	5.0E-6	0.0	0.0	1.0E-4	4.750000000000001E-10	2.500000000000001E-11	9.025000000000001E-9	-4.551858457912783E-6	1.4551858457912785E-5
137.0	1.0E-5	0.0	0.0	1.0E-4	8.999999999999998E-10	1.0000000000000006E-10	8.100000000000001E-9	-3.1480797076987604E-6	2.3148079707698764E-5
138.0	5.0E-6	0.0	0.0	1.0E-4	4.750000000000001E-10	2.500000000000001E-11	9.025000000000001E-9	-4.551858457912783E-6	1.4551858457912785E-5
139.0	1.5000000000000002E-5	0.0	0.0	1.0E-4	1.2750000000000003E-9	2.2499999999999997E-10	7.225000000000001E-9	-6.493450342178852E-7	3.064934503421789E-5
140.0	5.0E-6	0.0	0.0	1.0E-4	4.750000000000002E-10	2.500000000000001E-11	9.025000000000001E-9	-4.551858457912785E-6	1.4551858457912785E-5
141.0	0.0	0.0	0.0	0.0	0.0	0.0	0.0	0.0	0.0
142.0	0.0	0.0	0.0	0.0	0.0	0.0	0.0	0.0	0.0
143.0	2.0E-5	0.0	0.0	1.0E-4	1.6E-9	4.000000000000002E-10	6.400000000000001E-9	2.469227056401651E-6	3.7530772943598356E-5
144.0	0.0	0.0	0.0	0.0	0.0	0.0	0.0	0.0	0.0
145.0	1.5000000000000002E-5	0.0	0.0	1.0E-4	1.2750000000000003E-9	2.2499999999999997E-10	7.225000000000001E-9	-6.493450342178852E-7	3.064934503421789E-5
146.0	5.0E-6	0.0	0.0	1.0E-4	4.750000000000002E-10	2.500000000000001E-11	9.025000000000001E-9	-4.551858457912785E-6	1.4551858457912785E-5
147.0	1.0E-5	0.0	0.0	1.0E-4	9.000000000000001E-10	1.0000000000000006E-10	8.100000000000001E-9	-3.148079707698762E-6	2.3148079707698764E-5
148.0	1.5000000000000002E-5	0.0	0.0	1.0E-4	1.2750000000000003E-9	2.2499999999999997E-10	7.225000000000001E-9	-6.493450342178852E-7	3.064934503421789E-5
149.0	1.5000000000000002E-5	0.0	0.0	1.0E-4	1.2750000000000003E-9	2.2499999999999997E-10	7.225000000000001E-9	-6.493450342178852E-7	3.064934503421789E-5
150.0	1.9999999999999998E-5	0.0	0.0	3.0E-4	4.600000000000001E-9	4.0000000000000007E-10	4.2399999999999996E-8	-9.724871740682079E-6	4.9724871740682075E-5
151.0	0.0	0.0	0.0	0.0	0.0	0.0	0.0	0.0	0.0
152.0	3.0000000000000004E-5	0.0	0.0	1.0E-4	2.0999999999999998E-9	8.999999999999999E-10	4.899999999999998E-9	9.915976498719195E-6	5.008402350128081E-5
153.0	0.0	0.0	0.0	0.0	0.0	0.0	0.0	0.0	0.0
154.0	1.0E-5	0.0	0.0	1.0E-4	9.000000000000001E-10	1.0000000000000006E-10	8.100000000000001E-9	-3.148079707698762E-6	2.3148079707698764E-5
155.0	1.5000000000000002E-5	0.0	0.0	1.0E-4	1.2750000000000003E-9	2.2499999999999997E-10	7.225000000000001E-9	-6.493450342178852E-7	3.064934503421789E-5
156.0	1.0E-5	0.0	0.0	1.0E-4	9.000000000000001E-10	1.0000000000000006E-10	8.100000000000001E-9	-3.148079707698762E-6	2.3148079707698764E-5
157.0	1.0E-5	0.0	0.0	1.0E-4	8.999999999999998E-10	1.0000000000000006E-10	8.100000000000001E-9	-3.1480797076987604E-6	2.3148079707698764E-5
158.0	5.0E-6	0.0	0.0	1.0E-4	4.750000000000001E-10	2.500000000000001E-11	9.025000000000001E-9	-4.551858457912783E-6	1.4551858457912785E-5
159.0	1.0E-5	0.0	0.0	1.0E-4	9.000000000000001E-10	1.0000000000000006E-10	8.100000000000001E-9	-3.148079707698762E-6	2.3148079707698764E-5
160.0	5.0E-6	0.0	0.0	1.0E-4	4.750000000000002E-10	2.500000000000001E-11	9.025000000000001E-9	-4.551858457912785E-6	1.4551858457912785E-5
161.0	5.0E-6	0.0	0.0	1.0E-4	4.750000000000002E-10	2.500000000000001E-11	9.025000000000001E-9	-4.551858457912785E-6	1.4551858457912785E-5
162.0	5.0E-6	0.0	0.0	1.0E-4	4.750000000000001E-10	2.500000000000001E-11	9.025000000000001E-9	-4.551858457912783E-6	1.4551858457912785E-5
163.0	1.0E-5	0.0	0.0	1.0E-4	9.000000000000003E-10	1.0000000000000006E-10	8.100000000000001E-9	-3.148079707698764E-6	2.3148079707698764E-5
164.0	5.0E-6	0.0	0.0	1.0E-4	4.750000000000002E-10	2.500000000000001E-11	9.025000000000001E-9	-4.551858457912785E-6	1.4551858457912785E-5
165.0	5.0E-6	0.0	0.0	1.0E-4	4.750000000000003E-10	2.500000000000001E-11	9.025000000000001E-9	-4.551858457912786E-6	1.4551858457912788E-5
166.0	1.0E-5	0.0	0.0	1.0E-4	9.000000000000004E-10	1.0000000000000006E-10	8.100000000000001E-9	-3.1480797076987655E-6	2.3148079707698767E-5
167.0	5.0E-6	0.0	0.0	1.0E-4	4.750000000000001E-10	2.500000000000001E-11	9.025000000000001E-9	-4.551858457912783E-6	1.4551858457912785E-5
168.0	5.0E-6	0.0	0.0	1.0E-4	4.750000000000002E-10	2.500000000000001E-11	9.025000000000001E-9	-4.551858457912785E-6	1.4551858457912785E-5
169.0	1.5000000000000002E-5	0.0	0.0	1.0E-4	1.2750000000000003E-9	2.2499999999999997E-10	7.225000000000001E-9	-6.493450342178852E-7	3.064934503421789E-5
170.0	5.0E-6	0.0	0.0	1.0E-4	4.750000000000002E-10	2.500000000000001E-11	9.025000000000001E-9	-4.551858457912785E-6	1.4551858457912785E-5
171.0	5.0E-6	0.0	0.0	1.0E-4	4.750000000000002E-10	2.500000000000001E-11	9.025000000000001E-9	-4.551858457912785E-6	1.4551858457912785E-5
172.0	5.0E-6	0.0	0.0	1.0E-4	4.750000000000002E-10	2.500000000000001E-11	9.025000000000001E-9	-4.551858457912785E-6	1.4551858457912785E-5
173.0	5.0E-6	0.0	0.0	1.0E-4	4.750000000000003E-10	2.500000000000001E-11	9.025000000000001E-9	-4.551858457912786E-6	1.4551858457912788E-5
174.0	2.0E-5	0.0	0.0	1.0E-4	1.5999999999999994E-9	4.000000000000002E-10	6.400000000000001E-9	2.4692270564016545E-6	3.753077294359835E-5
175.0	1.0E-5	0.0	0.0	1.0E-4	9.0E-10	1.0000000000000006E-10	8.100000000000001E-9	-3.148079707698762E-6	2.3148079707698764E-5
176.0	1.4999999999999999E-5	0.0	0.0	3.0E-4	4.275E-9	2.2500000000000002E-10	8.122499999999999E-8	-1.3655575373738357E-5	4.3655575373738354E-5
177.0	0.0	0.0	0.0	0.0	0.0	0.0	0.0	0.0	0.0
178.0	5.0E-6	0.0	0.0	1.0E-4	4.750000000000002E-10	2.500000000000001E-11	9.025000000000001E-9	-4.551858457912785E-6	1.4551858457912785E-5
179.0	5.0E-6	0.0	0.0	1.0E-4	4.750000000000002E-10	2.500000000000001E-11	9.025000000000001E-9	-4.551858457912785E-6	1.4551858457912785E-5
180.0	1.5000000000000002E-5	0.0	0.0	2.0E-4	2.2749999999999985E-9	2.25E-10	2.0725E-8	-5.904114427547498E-6	3.59041144275475E-5
181.0	1.0E-5	0.0	0.0	1.0E-4	8.999999999999996E-10	1.0000000000000006E-10	8.100000000000001E-9	-3.1480797076987587E-6	2.314807970769876E-5
182.0	5.0E-6	0.0	0.0	1.0E-4	4.750000000000002E-10	2.500000000000001E-11	9.025000000000001E-9	-4.551858457912785E-6	1.4551858457912785E-5
183.0	5.0E-6	0.0	0.0	1.0E-4	4.750000000000003E-10	2.500000000000001E-11	9.025000000000001E-9	-4.551858457912786E-6	1.4551858457912788E-5
184.0	0.0	0.0	0.0	0.0	0.0	0.0	0.0	0.0	0.0
185.0	5.0E-6	0.0	0.0	1.0E-4	4.750000000000002E-10	2.500000000000001E-11	9.025000000000001E-9	-4.551858457912785E-6	1.4551858457912785E-5
186.0	1.5000000000000002E-5	0.0	0.0	2.0E-4	2.2749999999999993E-9	2.25E-10	2.0725E-8	-5.904114427547505E-6	3.590411442754751E-5
187.0	5.0E-6	0.0	0.0	1.0E-4	4.750000000000002E-10	2.500000000000001E-11	9.025000000000001E-9	-4.551858457912785E-6	1.4551858457912785E-5
188.0	1.0E-5	0.0	0.0	1.0E-4	9.000000000000004E-10	1.0000000000000006E-10	8.100000000000001E-9	-3.1480797076987655E-6	2.3148079707698767E-5
189.0	1.0E-5	0.0	0.0	1.0E-4	9.000000000000001E-10	1.0000000000000006E-10	8.100000000000001E-9	-3.148079707698762E-6	2.3148079707698764E-5
190.0	0.0	0.0	0.0	0.0	0.0	0.0	0.0	0.0	0.0
191.0	1.5000000000000002E-5	0.0	0.0	1.0E-4	1.2750000000000003E-9	2.2499999999999997E-10	7.225000000000001E-9	-6.493450342178852E-7	3.064934503421789E-5
192.0	0.0	0.0	0.0	0.0	0.0	0.0	0.0	0.0	0.0
193.0	1.0E-5	0.0	0.0	1.0E-4	9.0E-10	1.0000000000000006E-10	8.100000000000001E-9	-3.148079707698762E-6	2.3148079707698764E-5
194.0	5.0E-6	0.0	0.0	1.0E-4	4.750000000000001E-10	2.500000000000001E-11	9.025000000000001E-9	-4.551858457912783E-6	1.4551858457912785E-5
195.0	5.0E-6	0.0	0.0	1.0E-4	4.750000000000001E-10	2.500000000000001E-11	9.025000000000001E-9	-4.551858457912783E-6	1.4551858457912785E-5
196.0	0.0	0.0	0.0	0.0	0.0	0.0	0.0	0.0	0.0
197.0	0.0	0.0	0.0	0.0	0.0	0.0	0.0	0.0	0.0
198.0	1.0E-5	0.0	0.0	1.0E-4	9.000000000000006E-10	1.0000000000000006E-10	8.100000000000001E-9	-3.148079707698767E-6	2.314807970769877E-5
199.0	0.0	0.0	0.0	0.0	0.0	0.0	0.0	0.0	0.0
200.0	0.0	0.0	0.0	0.0	0.0	0.0	0.0	0.0	0.0
201.0	0.0	0.0	0.0	0.0	0.0	0.0	0.0	0.0	0.0
202.0	5.0E-6	0.0	0.0	1.0E-4	4.750000000000002E-10	2.500000000000001E-11	9.025000000000001E-9	-4.551858457912785E-6	1.4551858457912785E-5
203.0	0.0	0.0	0.0	0.0	0.0	0.0	0.0	0.0	0.0
204.0	0.0	0.0	0.0	0.0	0.0	0.0	0.0	0.0	0.0
205.0	1.0E-5	0.0	0.0	1.0E-4	8.999999999999998E-10	1.0000000000000006E-10	8.100000000000001E-9	-3.1480797076987604E-6	2.3148079707698764E-5
206.0	1.0E-5	0.0	0.0	1.0E-4	9.000000000000001E-10	1.0000000000000006E-10	8.100000000000001E-9	-3.148079707698762E-6	2.3148079707698764E-5
207.0	0.0	0.0	0.0	0.0	0.0	0.0	0.0	0.0	0.0
208.0	0.0	0.0	0.0	0.0	0.0	0.0	0.0	0.0	0.0
209.0	5.0E-6	0.0	0.0	1.0E-4	4.750000000000003E-10	2.500000000000001E-11	9.025000000000001E-9	-4.551858457912786E-6	1.4551858457912788E-5
210.0	0.0	0.0	0.0	0.0	0.0	0.0	0.0	0.0	0.0
211.0	0.0	0.0	0.0	0.0	0.0	0.0	0.0	0.0	0.0
212.0	0.0	0.0	0.0	0.0	0.0	0.0	0.0	0.0	0.0
213.0	0.0	0.0	0.0	0.0	0.0	0.0	0.0	0.0	0.0
214.0	0.0	0.0	0.0	0.0	0.0	0.0	0.0	0.0	0.0
215.0	0.0	0.0	0.0	0.0	0.0	0.0	0.0	0.0	0.0
216.0	1.0E-5	0.0	0.0	1.0E-4	9.000000000000001E-10	1.0000000000000006E-10	8.100000000000001E-9	-3.148079707698762E-6	2.3148079707698764E-5
217.0	5.0E-6	0.0	0.0	1.0E-4	4.750000000000002E-10	2.500000000000001E-11	9.025000000000001E-9	-4.551858457912785E-6	1.4551858457912785E-5
218.0	1.0E-5	0.0	0.0	1.0E-4	8.999999999999998E-10	1.0000000000000006E-10	8.100000000000001E-9	-3.1480797076987604E-6	2.3148079707698764E-5
219.0	5.0E-6	0.0	0.0	1.0E-4	4.750000000000003E-10	2.500000000000001E-11	9.025000000000001E-9	-4.551858457912786E-6	1.4551858457912788E-5
220.0	0.0	0.0	0.0	0.0	0.0	0.0	0.0	0.0	0.0
221.0	5.0E-6	0.0	0.0	1.0E-4	4.750000000000001E-10	2.500000000000001E-11	9.025000000000001E-9	-4.551858457912783E-6	1.4551858457912785E-5
222.0	0.0	0.0	0.0	0.0	0.0	0.0	0.0	0.0	0.0
223.0	0.0	0.0	0.0	0.0	0.0	0.0	0.0	0.0	0.0
224.0	5.0E-6	0.0	0.0	1.0E-4	4.750000000000001E-10	2.500000000000001E-11	9.025000000000001E-9	-4.551858457912783E-6	1.4551858457912785E-5
225.0	5.0E-6	0.0	0.0	1.0E-4	4.750000000000001E-10	2.500000000000001E-11	9.025000000000001E-9	-4.551858457912783E-6	1.4551858457912785E-5
226.0	1.5000000000000002E-5	0.0	0.0	1.0E-4	1.2750000000000003E-9	2.2499999999999997E-10	7.225000000000001E-9	-6.493450342178852E-7	3.064934503421789E-5
227.0	1.0E-5	0.0	0.0	1.0E-4	8.999999999999998E-10	1.0000000000000006E-10	8.100000000000001E-9	-3.1480797076987604E-6	2.3148079707698764E-5
228.0	0.0	0.0	0.0	0.0	0.0	0.0	0.0	0.0	0.0
229.0	0.0	0.0	0.0	0.0	0.0	0.0	0.0	0.0	0.0
230.0	1.0E-5	0.0	0.0	1.0E-4	9.000000000000008E-10	1.0000000000000006E-10	8.100000000000001E-9	-3.148079707698767E-6	2.314807970769877E-5
231.0	0.0	0.0	0.0	0.0	0.0	0.0	0.0	0.0	0.0
232.0	0.0	0.0	0.0	0.0	0.0	0.0	0.0	0.0	0.0
233.0	5.0E-6	0.0	0.0	1.0E-4	4.750000000000002E-10	2.500000000000001E-11	9.025000000000001E-9	-4.551858457912785E-6	1.4551858457912785E-5
234.0	0.0	0.0	0.0	0.0	0.0	0.0	0.0	0.0	0.0
235.0	5.0E-6	0.0	0.0	1.0E-4	4.750000000000002E-10	2.500000000000001E-11	9.025000000000001E-9	-4.551858457912785E-6	1.4551858457912785E-5
236.0	0.0	0.0	0.0	0.0	0.0	0.0	0.0	0.0	0.0
237.0	0.0	0.0	0.0	0.0	0.0	0.0	0.0	0.0	0.0
238.0	5.0E-6	0.0	0.0	1.0E-4	4.750000000000001E-10	2.500000000000001E-11	9.025000000000001E-9	-4.551858457912783E-6	1.4551858457912785E-5
239.0	0.0	0.0	0.0	0.0	0.0	0.0	0.0	0.0	0.0
240.0	5.0E-6	0.0	0.0	1.0E-4	4.750000000000001E-10	2.500000000000001E-11	9.025000000000001E-9	-4.551858457912783E-6	1.4551858457912785E-5
241.0	0.0	0.0	0.0	0.0	0.0	0.0	0.0	0.0	0.0
242.0	0.0	0.0	0.0	0.0	0.0	0.0	0.0	0.0	0.0
243.0	5.0E-6	0.0	0.0	1.0E-4	4.750000000000001E-10	2.500000000000001E-11	9.025000000000001E-9	-4.551858457912783E-6	1.4551858457912785E-5
244.0	5.0E-6	0.0	0.0	1.0E-4	4.750000000000001E-10	2.500000000000001E-11	9.025000000000001E-9	-4.551858457912783E-6	1.4551858457912785E-5
245.0	1.0E-5	0.0	0.0	1.0E-4	9.000000000000004E-10	1.0000000000000006E-10	8.100000000000001E-9	-3.1480797076987655E-6	2.3148079707698767E-5
246.0	5.0E-6	0.0	0.0	1.0E-4	4.750000000000001E-10	2.500000000000001E-11	9.025000000000001E-9	-4.551858457912783E-6	1.4551858457912785E-5
247.0	0.0	0.0	0.0	0.0	0.0	0.0	0.0	0.0	0.0
248.0	0.0	0.0	0.0	0.0	0.0	0.0	0.0	0.0	0.0
249.0	0.0	0.0	0.0	0.0	0.0	0.0	0.0	0.0	0.0
250.0	5.0E-6	0.0	0.0	1.0E-4	4.750000000000002E-10	2.500000000000001E-11	9.025000000000001E-9	-4.551858457912785E-6	1.4551858457912785E-5
251.0	0.0	0.0	0.0	0.0	0.0	0.0	0.0	0.0	0.0
252.0	0.0	0.0	0.0	0.0	0.0	0.0	0.0	0.0	0.0
253.0	0.0	0.0	0.0	0.0	0.0	0.0	0.0	0.0	0.0
254.0	0.0	0.0	0.0	0.0	0.0	0.0	0.0	0.0	0.0
255.0	0.0	0.0	0.0	0.0	0.0	0.0	0.0	0.0	0.0
256.0	0.0	0.0	0.0	0.0	0.0	0.0	0.0	0.0	0.0
257.0	0.0	0.0	0.0	0.0	0.0	0.0	0.0	0.0	0.0
258.0	5.0E-6	0.0	0.0	1.0E-4	4.750000000000001E-10	2.500000000000001E-11	9.025000000000001E-9	-4.551858457912783E-6	1.4551858457912785E-5
259.0	0.0	0.0	0.0	0.0	0.0	0.0	0.0	0.0	0.0
260.0	0.0	0.0	0.0	0.0	0.0	0.0	0.0	0.0	0.0
261.0	0.0	0.0	0.0	0.0	0.0	0.0	0.0	0.0	0.0
262.0	5.0E-6	0.0	0.0	1.0E-4	4.750000000000002E-10	2.500000000000001E-11	9.025000000000001E-9	-4.551858457912785E-6	1.4551858457912785E-5
263.0	5.0E-6	0.0	0.0	1.0E-4	4.750000000000002E-10	2.500000000000001E-11	9.025000000000001E-9	-4.551858457912785E-6	1.4551858457912785E-5
264.0	0.0	0.0	0.0	0.0	0.0	0.0	0.0	0.0	0.0
265.0	5.0E-6	0.0	0.0	1.0E-4	4.750000000000002E-10	2.500000000000001E-11	9.025000000000001E-9	-4.551858457912785E-6	1.4551858457912785E-5
266.0	0.0	0.0	0.0	0.0	0.0	0.0	0.0	0.0	0.0
267.0	0.0	0.0	0.0	0.0	0.0	0.0	0.0	0.0	0.0
268.0	0.0	0.0	0.0	0.0	0.0	0.0	0.0	0.0	0.0
269.0	0.0	0.0	0.0	0.0	0.0	0.0	0.0	0.0	0.0
270.0	0.0	0.0	0.0	0.0	0.0	0.0	0.0	0.0	0.0
271.0	5.0E-6	0.0	0.0	1.0E-4	4.750000000000003E-10	2.500000000000001E-11	9.025000000000001E-9	-4.551858457912786E-6	1.4551858457912788E-5
272.0	0.0	0.0	0.0	0.0	0.0	0.0	0.0	0.0	0.0
273.0	0.0	0.0	0.0	0.0	0.0	0.0	0.0	0.0	0.0
274.0	0.0	0.0	0.0	0.0	0.0	0.0	0.0	0.0	0.0
275.0	0.0	0.0	0.0	0.0	0.0	0.0	0.0	0.0	0.0
276.0	0.0	0.0	0.0	0.0	0.0	0.0	0.0	0.0	0.0
277.0	0.0	0.0	0.0	0.0	0.0	0.0	0.0	0.0	0.0
278.0	0.0	0.0	0.0	0.0	0.0	0.0	0.0	0.0	0.0
279.0	0.0	0.0	0.0	0.0	0.0	0.0	0.0	0.0	0.0
280.0	0.0	0.0	0.0	0.0	0.0	0.0	0.0	0.0	0.0
281.0	0.0	0.0	0.0	0.0	0.0	0.0	0.0	0.0	0.0
282.0	0.0	0.0	0.0	0.0	0.0	0.0	0.0	0.0	0.0
283.0	0.0	0.0	0.0	0.0	0.0	0.0	0.0	0.0	0.0
284.0	0.0	0.0	0.0	0.0	0.0	0.0	0.0	0.0	0.0
285.0	5.0E-6	0.0	0.0	1.0E-4	4.750000000000001E-10	2.500000000000001E-11	9.025000000000001E-9	-4.551858457912783E-6	1.4551858457912785E-5
286.0	0.0	0.0	0.0	0.0	0.0	0.0	0.0	0.0	0.0
287.0	0.0	0.0	0.0	0.0	0.0	0.0	0.0	0.0	0.0
288.0	0.0	0.0	0.0	0.0	0.0	0.0	0.0	0.0	0.0
289.0	0.0	0.0	0.0	0.0	0.0	0.0	0.0	0.0	0.0
290.0	0.0	0.0	0.0	0.0	0.0	0.0	0.0	0.0	0.0
291.0	0.0	0.0	0.0	0.0	0.0	0.0	0.0	0.0	0.0
292.0	0.0	0.0	0.0	0.0	0.0	0.0	0.0	0.0	0.0
293.0	0.0	0.0	0.0	0.0	0.0	0.0	0.0	0.0	0.0
294.0	0.0	0.0	0.0	0.0	0.0	0.0	0.0	0.0	0.0
295.0	0.0	0.0	0.0	0.0	0.0	0.0	0.0	0.0	0.0
296.0	0.0	0.0	0.0	0.0	0.0	0.0	0.0	0.0	0.0
297.0	0.0	0.0	0.0	0.0	0.0	0.0	0.0	0.0	0.0
298.0	0.0	0.0	0.0	0.0	0.0	0.0	0.0	0.0	0.0
299.0	0.0	0.0	0.0	0.0	0.0	0.0	0.0	0.0	0.0
300.0	5.0E-6	0.0	0.0	1.0E-4	4.750000000000002E-10	2.500000000000001E-11	9.025000000000001E-9	-4.551858457912785E-6	1.4551858457912785E-5
301.0	0.0	0.0	0.0	0.0	0.0	0.0	0.0	0.0	0.0
302.0	0.0	0.0	0.0	0.0	0.0	0.0	0.0	0.0	0.0
303.0	0.0	0.0	0.0	0.0	0.0	0.0	0.0	0.0	0.0
304.0	0.0	0.0	0.0	0.0	0.0	0.0	0.0	0.0	0.0
305.0	0.0	0.0	0.0	0.0	0.0	0.0	0.0	0.0	0.0
306.0	5.0E-6	0.0	0.0	1.0E-4	4.750000000000001E-10	2.500000000000001E-11	9.025000000000001E-9	-4.551858457912783E-6	1.4551858457912785E-5
307.0	0.0	0.0	0.0	0.0	0.0	0.0	0.0	0.0	0.0
308.0	5.0E-6	0.0	0.0	1.0E-4	4.750000000000002E-10	2.500000000000001E-11	9.025000000000001E-9	-4.551858457912785E-6	1.4551858457912785E-5
309.0	5.0E-6	0.0	0.0	1.0E-4	4.750000000000001E-10	2.500000000000001E-11	9.025000000000001E-9	-4.551858457912783E-6	1.4551858457912785E-5
310.0	0.0	0.0	0.0	0.0	0.0	0.0	0.0	0.0	0.0
311.0	0.0	0.0	0.0	0.0	0.0	0.0	0.0	0.0	0.0
312.0	0.0	0.0	0.0	0.0	0.0	0.0	0.0	0.0	0.0
313.0	0.0	0.0	0.0	0.0	0.0	0.0	0.0	0.0	0.0
314.0	5.0E-6	0.0	0.0	1.0E-4	4.750000000000002E-10	2.500000000000001E-11	9.025000000000001E-9	-4.551858457912785E-6	1.4551858457912785E-5
315.0	0.0	0.0	0.0	0.0	0.0	0.0	0.0	0.0	0.0
316.0	0.0	0.0	0.0	0.0	0.0	0.0	0.0	0.0	0.0
317.0	0.0	0.0	0.0	0.0	0.0	0.0	0.0	0.0	0.0
318.0	0.0	0.0	0.0	0.0	0.0	0.0	0.0	0.0	0.0
319.0	0.0	0.0	0.0	0.0	0.0	0.0	0.0	0.0	0.0
320.0	0.0	0.0	0.0	0.0	0.0	0.0	0.0	0.0	0.0
321.0	0.0	0.0	0.0	0.0	0.0	0.0	0.0	0.0	0.0
322.0	0.0	0.0	0.0	0.0	0.0	0.0	0.0	0.0	0.0
323.0	0.0	0.0	0.0	0.0	0.0	0.0	0.0	0.0	0.0
324.0	0.0	0.0	0.0	0.0	0.0	0.0	0.0	0.0	0.0
325.0	0.0	0.0	0.0	0.0	0.0	0.0	0.0	0.0	0.0
326.0	0.0	0.0	0.0	0.0	0.0	0.0	0.0	0.0	0.0
327.0	0.0	0.0	0.0	0.0	0.0	0.0	0.0	0.0	0.0
328.0	0.0	0.0	0.0	0.0	0.0	0.0	0.0	0.0	0.0
329.0	0.0	0.0	0.0	0.0	0.0	0.0	0.0	0.0	0.0
330.0	0.0	0.0	0.0	0.0	0.0	0.0	0.0	0.0	0.0
331.0	0.0	0.0	0.0	0.0	0.0	0.0	0.0	0.0	0.0
332.0	0.0	0.0	0.0	0.0	0.0	0.0	0.0	0.0	0.0
333.0	0.0	0.0	0.0	0.0	0.0	0.0	0.0	0.0	0.0
334.0	0.0	0.0	0.0	0.0	0.0	0.0	0.0	0.0	0.0
335.0	0.0	0.0	0.0	0.0	0.0	0.0	0.0	0.0	0.0
336.0	0.0	0.0	0.0	0.0	0.0	0.0	0.0	0.0	0.0
337.0	0.0	0.0	0.0	0.0	0.0	0.0	0.0	0.0	0.0
338.0	0.0	0.0	0.0	0.0	0.0	0.0	0.0	0.0	0.0
339.0	0.0	0.0	0.0	0.0	0.0	0.0	0.0	0.0	0.0
340.0	0.0	0.0	0.0	0.0	0.0	0.0	0.0	0.0	0.0
341.0	1.0E-5	0.0	0.0	1.0E-4	9.000000000000004E-10	1.0000000000000006E-10	8.100000000000001E-9	-3.1480797076987655E-6	2.3148079707698767E-5
342.0	5.0E-6	0.0	0.0	1.0E-4	4.750000000000003E-10	2.500000000000001E-11	9.025000000000001E-9	-4.551858457912786E-6	1.4551858457912788E-5
343.0	0.0	0.0	0.0	0.0	0.0	0.0	0.0	0.0	0.0
344.0	0.0	0.0	0.0	0.0	0.0	0.0	0.0	0.0	0.0
345.0	0.0	0.0	0.0	0.0	0.0	0.0	0.0	0.0	0.0
346.0	0.0	0.0	0.0	0.0	0.0	0.0	0.0	0.0	0.0
347.0	0.0	0.0	0.0	0.0	0.0	0.0	0.0	0.0	0.0
348.0	0.0	0.0	0.0	0.0	0.0	0.0	0.0	0.0	0.0
349.0	0.0	0.0	0.0	0.0	0.0	0.0	0.0	0.0	0.0
350.0	0.0	0.0	0.0	0.0	0.0	0.0	0.0	0.0	0.0
351.0	0.0	0.0	0.0	0.0	0.0	0.0	0.0	0.0	0.0
352.0	0.0	0.0	0.0	0.0	0.0	0.0	0.0	0.0	0.0
353.0	0.0	0.0	0.0	0.0	0.0	0.0	0.0	0.0	0.0
354.0	0.0	0.0	0.0	0.0	0.0	0.0	0.0	0.0	0.0
355.0	0.0	0.0	0.0	0.0	0.0	0.0	0.0	0.0	0.0
356.0	5.0E-6	0.0	0.0	1.0E-4	4.750000000000001E-10	2.500000000000001E-11	9.025000000000001E-9	-4.551858457912783E-6	1.4551858457912785E-5
357.0	0.0	0.0	0.0	0.0	0.0	0.0	0.0	0.0	0.0
358.0	0.0	0.0	0.0	0.0	0.0	0.0	0.0	0.0	0.0
359.0	0.0	0.0	0.0	0.0	0.0	0.0	0.0	0.0	0.0
360.0	5.0E-6	0.0	0.0	1.0E-4	4.750000000000001E-10	2.500000000000001E-11	9.025000000000001E-9	-4.551858457912783E-6	1.4551858457912785E-5
361.0	0.0	0.0	0.0	0.0	0.0	0.0	0.0	0.0	0.0
362.0	0.0	0.0	0.0	0.0	0.0	0.0	0.0	0.0	0.0
363.0	0.0	0.0	0.0	0.0	0.0	0.0	0.0	0.0	0.0
364.0	0.0	0.0	0.0	0.0	0.0	0.0	0.0	0.0	0.0
365.0	0.0	0.0	0.0	0.0	0.0	0.0	0.0	0.0	0.0
366.0	0.0	0.0	0.0	0.0	0.0	0.0	0.0	0.0	0.0
367.0	0.0	0.0	0.0	0.0	0.0	0.0	0.0	0.0	0.0
368.0	0.0	0.0	0.0	0.0	0.0	0.0	0.0	0.0	0.0
369.0	0.0	0.0	0.0	0.0	0.0	0.0	0.0	0.0	0.0
370.0	0.0	0.0	0.0	0.0	0.0	0.0	0.0	0.0	0.0
371.0	0.0	0.0	0.0	0.0	0.0	0.0	0.0	0.0	0.0
372.0	0.0	0.0	0.0	0.0	0.0	0.0	0.0	0.0	0.0
373.0	0.0	0.0	0.0	0.0	0.0	0.0	0.0	0.0	0.0
374.0	0.0	0.0	0.0	0.0	0.0	0.0	0.0	0.0	0.0
375.0	0.0	0.0	0.0	0.0	0.0	0.0	0.0	0.0	0.0
376.0	0.0	0.0	0.0	0.0	0.0	0.0	0.0	0.0	0.0
377.0	0.0	0.0	0.0	0.0	0.0	0.0	0.0	0.0	0.0
378.0	0.0	0.0	0.0	0.0	0.0	0.0	0.0	0.0	0.0
379.0	0.0	0.0	0.0	0.0	0.0	0.0	0.0	0.0	0.0
380.0	0.0	0.0	0.0	0.0	0.0	0.0	0.0	0.0	0.0
381.0	0.0	0.0	0.0	0.0	0.0	0.0	0.0	0.0	0.0
382.0	0.0	0.0	0.0	0.0	0.0	0.0	0.0	0.0	0.0
383.0	0.0	0.0	0.0	0.0	0.0	0.0	0.0	0.0	0.0
384.0	0.0	0.0	0.0	0.0	0.0	0.0	0.0	0.0	0.0
385.0	5.0E-6	0.0	0.0	1.0E-4	4.750000000000001E-10	2.500000000000001E-11	9.025000000000001E-9	-4.551858457912783E-6	1.4551858457912785E-5
386.0	0.0	0.0	0.0	0.0	0.0	0.0	0.0	0.0	0.0
387.0	0.0	0.0	0.0	0.0	0.0	0.0	0.0	0.0	0.0
388.0	0.0	0.0	0.0	0.0	0.0	0.0	0.0	0.0	0.0
389.0	0.0	0.0	0.0	0.0	0.0	0.0	0.0	0.0	0.0
390.0	0.0	0.0	0.0	0.0	0.0	0.0	0.0	0.0	0.0
391.0	0.0	0.0	0.0	0.0	0.0	0.0	0.0	0.0	0.0
392.0	0.0	0.0	0.0	0.0	0.0	0.0	0.0	0.0	0.0
393.0	0.0	0.0	0.0	0.0	0.0	0.0	0.0	0.0	0.0
394.0	0.0	0.0	0.0	0.0	0.0	0.0	0.0	0.0	0.0
395.0	0.0	0.0	0.0	0.0	0.0	0.0	0.0	0.0	0.0
396.0	0.0	0.0	0.0	0.0	0.0	0.0	0.0	0.0	0.0
397.0	0.0	0.0	0.0	0.0	0.0	0.0	0.0	0.0	0.0
398.0	0.0	0.0	0.0	0.0	0.0	0.0	0.0	0.0	0.0
399.0	0.0	0.0	0.0	0.0	0.0	0.0	0.0	0.0	0.0
400.0	0.0	0.0	0.0	0.0	0.0	0.0	0.0	0.0	0.0
401.0	0.0	0.0	0.0	0.0	0.0	0.0	0.0	0.0	0.0
402.0	0.0	0.0	0.0	0.0	0.0	0.0	0.0	0.0	0.0
403.0	0.0	0.0	0.0	0.0	0.0	0.0	0.0	0.0	0.0
404.0	0.0	0.0	0.0	0.0	0.0	0.0	0.0	0.0	0.0
405.0	0.0	0.0	0.0	0.0	0.0	0.0	0.0	0.0	0.0
406.0	0.0	0.0	0.0	0.0	0.0	0.0	0.0	0.0	0.0
407.0	0.0	0.0	0.0	0.0	0.0	0.0	0.0	0.0	0.0
408.0	0.0	0.0	0.0	0.0	0.0	0.0	0.0	0.0	0.0
409.0	0.0	0.0	0.0	0.0	0.0	0.0	0.0	0.0	0.0
410.0	0.0	0.0	0.0	0.0	0.0	0.0	0.0	0.0	0.0
411.0	0.0	0.0	0.0	0.0	0.0	0.0	0.0	0.0	0.0
412.0	0.0	0.0	0.0	0.0	0.0	0.0	0.0	0.0	0.0
413.0	0.0	0.0	0.0	0.0	0.0	0.0	0.0	0.0	0.0
414.0	0.0	0.0	0.0	0.0	0.0	0.0	0.0	0.0	0.0
415.0	0.0	0.0	0.0	0.0	0.0	0.0	0.0	0.0	0.0
416.0	0.0	0.0	0.0	0.0	0.0	0.0	0.0	0.0	0.0
417.0	0.0	0.0	0.0	0.0	0.0	0.0	0.0	0.0	0.0
418.0	0.0	0.0	0.0	0.0	0.0	0.0	0.0	0.0	0.0
419.0	0.0	0.0	0.0	0.0	0.0	0.0	0.0	0.0	0.0
420.0	0.0	0.0	0.0	0.0	0.0	0.0	0.0	0.0	0.0
421.0	0.0	0.0	0.0	0.0	0.0	0.0	0.0	0.0	0.0
422.0	0.0	0.0	0.0	0.0	0.0	0.0	0.0	0.0	0.0
423.0	0.0	0.0	0.0	0.0	0.0	0.0	0.0	0.0	0.0
424.0	0.0	0.0	0.0	0.0	0.0	0.0	0.0	0.0	0.0
425.0	0.0	0.0	0.0	0.0	0.0	0.0	0.0	0.0	0.0
426.0	0.0	0.0	0.0	0.0	0.0	0.0	0.0	0.0	0.0
427.0	0.0	0.0	0.0	0.0	0.0	0.0	0.0	0.0	0.0
428.0	0.0	0.0	0.0	0.0	0.0	0.0	0.0	0.0	0.0
429.0	0.0	0.0	0.0	0.0	0.0	0.0	0.0	0.0	0.0
430.0	0.0	0.0	0.0	0.0	0.0	0.0	0.0	0.0	0.0
431.0	0.0	0.0	0.0	0.0	0.0	0.0	0.0	0.0	0.0
432.0	0.0	0.0	0.0	0.0	0.0	0.0	0.0	0.0	0.0
433.0	0.0	0.0	0.0	0.0	0.0	0.0	0.0	0.0	0.0
434.0	0.0	0.0	0.0	0.0	0.0	0.0	0.0	0.0	0.0
435.0	0.0	0.0	0.0	0.0	0.0	0.0	0.0	0.0	0.0
436.0	0.0	0.0	0.0	0.0	0.0	0.0	0.0	0.0	0.0
437.0	0.0	0.0	0.0	0.0	0.0	0.0	0.0	0.0	0.0
438.0	0.0	0.0	0.0	0.0	0.0	0.0	0.0	0.0	0.0
439.0	0.0	0.0	0.0	0.0	0.0	0.0	0.0	0.0	0.0
440.0	0.0	0.0	0.0	0.0	0.0	0.0	0.0	0.0	0.0
441.0	0.0	0.0	0.0	0.0	0.0	0.0	0.0	0.0	0.0
442.0	0.0	0.0	0.0	0.0	0.0	0.0	0.0	0.0	0.0
443.0	0.0	0.0	0.0	0.0	0.0	0.0	0.0	0.0	0.0
444.0	0.0	0.0	0.0	0.0	0.0	0.0	0.0	0.0	0.0
445.0	5.0E-6	0.0	0.0	1.0E-4	4.750000000000002E-10	2.500000000000001E-11	9.025000000000001E-9	-4.551858457912785E-6	1.4551858457912785E-5
446.0	0.0	0.0	0.0	0.0	0.0	0.0	0.0	0.0	0.0
447.0	0.0	0.0	0.0	0.0	0.0	0.0	0.0	0.0	0.0
448.0	0.0	0.0	0.0	0.0	0.0	0.0	0.0	0.0	0.0
449.0	0.0	0.0	0.0	0.0	0.0	0.0	0.0	0.0	0.0
450.0	0.0	0.0	0.0	0.0	0.0	0.0	0.0	0.0	0.0
451.0	0.0	0.0	0.0	0.0	0.0	0.0	0.0	0.0	0.0
452.0	0.0	0.0	0.0	0.0	0.0	0.0	0.0	0.0	0.0
453.0	5.0E-6	0.0	0.0	1.0E-4	4.750000000000003E-10	2.500000000000001E-11	9.025000000000001E-9	-4.551858457912786E-6	1.4551858457912788E-5
454.0	0.0	0.0	0.0	0.0	0.0	0.0	0.0	0.0	0.0
455.0	0.0	0.0	0.0	0.0	0.0	0.0	0.0	0.0	0.0
456.0	0.0	0.0	0.0	0.0	0.0	0.0	0.0	0.0	0.0
457.0	0.0	0.0	0.0	0.0	0.0	0.0	0.0	0.0	0.0
458.0	0.0	0.0	0.0	0.0	0.0	0.0	0.0	0.0	0.0
459.0	0.0	0.0	0.0	0.0	0.0	0.0	0.0	0.0	0.0
460.0	0.0	0.0	0.0	0.0	0.0	0.0	0.0	0.0	0.0
461.0	0.0	0.0	0.0	0.0	0.0	0.0	0.0	0.0	0.0
462.0	0.0	0.0	0.0	0.0	0.0	0.0	0.0	0.0	0.0
463.0	0.0	0.0	0.0	0.0	0.0	0.0	0.0	0.0	0.0
464.0	0.0	0.0	0.0	0.0	0.0	0.0	0.0	0.0	0.0
465.0	5.0E-6	0.0	0.0	1.0E-4	4.750000000000001E-10	2.500000000000001E-11	9.025000000000001E-9	-4.551858457912783E-6	1.4551858457912785E-5
466.0	0.0	0.0	0.0	0.0	0.0	0.0	0.0	0.0	0.0
467.0	0.0	0.0	0.0	0.0	0.0	0.0	0.0	0.0	0.0
468.0	0.0	0.0	0.0	0.0	0.0	0.0	0.0	0.0	0.0
469.0	0.0	0.0	0.0	0.0	0.0	0.0	0.0	0.0	0.0
470.0	0.0	0.0	0.0	0.0	0.0	0.0	0.0	0.0	0.0
471.0	0.0	0.0	0.0	0.0	0.0	0.0	0.0	0.0	0.0
472.0	0.0	0.0	0.0	0.0	0.0	0.0	0.0	0.0	0.0
473.0	0.0	0.0	0.0	0.0	0.0	0.0	0.0	0.0	0.0
474.0	0.0	0.0	0.0	0.0	0.0	0.0	0.0	0.0	0.0
475.0	0.0	0.0	0.0	0.0	0.0	0.0	0.0	0.0	0.0
476.0	0.0	0.0	0.0	0.0	0.0	0.0	0.0	0.0	0.0
477.0	0.0	0.0	0.0	0.0	0.0	0.0	0.0	0.0	0.0
478.0	0.0	0.0	0.0	0.0	0.0	0.0	0.0	0.0	0.0
479.0	0.0	0.0	0.0	0.0	0.0	0.0	0.0	0.0	0.0
480.0	0.0	0.0	0.0	0.0	0.0	0.0	0.0	0.0	0.0
481.0	0.0	0.0	0.0	0.0	0.0	0.0	0.0	0.0	0.0
482.0	0.0	0.0	0.0	0.0	0.0	0.0	0.0	0.0	0.0
483.0	0.0	0.0	0.0	0.0	0.0	0.0	0.0	0.0	0.0
484.0	0.0	0.0	0.0	0.0	0.0	0.0	0.0	0.0	0.0
485.0	0.0	0.0	0.0	0.0	0.0	0.0	0.0	0.0	0.0
486.0	0.0	0.0	0.0	0.0	0.0	0.0	0.0	0.0	0.0
487.0	0.0	0.0	0.0	0.0	0.0	0.0	0.0	0.0	0.0
488.0	0.0	0.0	0.0	0.0	0.0	0.0	0.0	0.0	0.0
489.0	0.0	0.0	0.0	0.0	0.0	0.0	0.0	0.0	0.0
490.0	0.0	0.0	0.0	0.0	0.0	0.0	0.0	0.0	0.0
491.0	0.0	0.0	0.0	0.0	0.0	0.0	0.0	0.0	0.0
492.0	0.0	0.0	0.0	0.0	0.0	0.0	0.0	0.0	0.0
493.0	0.0	0.0	0.0	0.0	0.0	0.0	0.0	0.0	0.0
494.0	0.0	0.0	0.0	0.0	0.0	0.0	0.0	0.0	0.0
495.0	0.0	0.0	0.0	0.0	0.0	0.0	0.0	0.0	0.0
496.0	0.0	0.0	0.0	0.0	0.0	0.0	0.0	0.0	0.0
497.0	0.0	0.0	0.0	0.0	0.0	0.0	0.0	0.0	0.0
498.0	0.0	0.0	0.0	0.0	0.0	0.0	0.0	0.0	0.0
499.0	0.0	0.0	0.0	0.0	0.0	0.0	0.0	0.0	0.0
500.0	0.0	0.0	0.0	0.0	0.0	0.0	0.0	0.0	0.0
501.0	0.0	0.0	0.0	0.0	0.0	0.0	0.0	0.0	0.0
502.0	0.0	0.0	0.0	0.0	0.0	0.0	0.0	0.0	0.0
503.0	0.0	0.0	0.0	0.0	0.0	0.0	0.0	0.0	0.0
504.0	0.0	0.0	0.0	0.0	0.0	0.0	0.0	0.0	0.0
505.0	0.0	0.0	0.0	0.0	0.0	0.0	0.0	0.0	0.0
506.0	0.0	0.0	0.0	0.0	0.0	0.0	0.0	0.0	0.0
507.0	0.0	0.0	0.0	0.0	0.0	0.0	0.0	0.0	0.0
508.0	0.0	0.0	0.0	0.0	0.0	0.0	0.0	0.0	0.0
509.0	0.0	0.0	0.0	0.0	0.0	0.0	0.0	0.0	0.0
510.0	0.0	0.0	0.0	0.0	0.0	0.0	0.0	0.0	0.0
511.0	0.0	0.0	0.0	0.0	0.0	0.0	0.0	0.0	0.0
512.0	0.0	0.0	0.0	0.0	0.0	0.0	0.0	0.0	0.0
513.0	0.0	0.0	0.0	0.0	0.0	0.0	0.0	0.0	0.0
514.0	0.0	0.0	0.0	0.0	0.0	0.0	0.0	0.0	0.0
515.0	0.0	0.0	0.0	0.0	0.0	0.0	0.0	0.0	0.0
516.0	0.0	0.0	0.0	0.0	0.0	0.0	0.0	0.0	0.0
517.0	0.0	0.0	0.0	0.0	0.0	0.0	0.0	0.0	0.0
518.0	0.0	0.0	0.0	0.0	0.0	0.0	0.0	0.0	0.0
519.0	0.0	0.0	0.0	0.0	0.0	0.0	0.0	0.0	0.0
520.0	0.0	0.0	0.0	0.0	0.0	0.0	0.0	0.0	0.0
521.0	0.0	0.0	0.0	0.0	0.0	0.0	0.0	0.0	0.0
522.0	0.0	0.0	0.0	0.0	0.0	0.0	0.0	0.0	0.0
523.0	0.0	0.0	0.0	0.0	0.0	0.0	0.0	0.0	0.0
524.0	0.0	0.0	0.0	0.0	0.0	0.0	0.0	0.0	0.0
525.0	0.0	0.0	0.0	0.0	0.0	0.0	0.0	0.0	0.0
526.0	0.0	0.0	0.0	0.0	0.0	0.0	0.0	0.0	0.0
527.0	0.0	0.0	0.0	0.0	0.0	0.0	0.0	0.0	0.0
528.0	0.0	0.0	0.0	0.0	0.0	0.0	0.0	0.0	0.0
529.0	0.0	0.0	0.0	0.0	0.0	0.0	0.0	0.0	0.0
530.0	0.0	0.0	0.0	0.0	0.0	0.0	0.0	0.0	0.0
531.0	0.0	0.0	0.0	0.0	0.0	0.0	0.0	0.0	0.0
532.0	0.0	0.0	0.0	0.0	0.0	0.0	0.0	0.0	0.0
533.0	0.0	0.0	0.0	0.0	0.0	0.0	0.0	0.0	0.0
534.0	0.0	0.0	0.0	0.0	0.0	0.0	0.0	0.0	0.0
535.0	0.0	0.0	0.0	0.0	0.0	0.0	0.0	0.0	0.0
536.0	0.0	0.0	0.0	0.0	0.0	0.0	0.0	0.0	0.0
537.0	0.0	0.0	0.0	0.0	0.0	0.0	0.0	0.0	0.0
538.0	0.0	0.0	0.0	0.0	0.0	0.0	0.0	0.0	0.0
539.0	0.0	0.0	0.0	0.0	0.0	0.0	0.0	0.0	0.0
540.0	0.0	0.0	0.0	0.0	0.0	0.0	0.0	0.0	0.0
541.0	0.0	0.0	0.0	0.0	0.0	0.0	0.0	0.0	0.0
542.0	0.0	0.0	0.0	0.0	0.0	0.0	0.0	0.0	0.0
543.0	0.0	0.0	0.0	0.0	0.0	0.0	0.0	0.0	0.0
544.0	0.0	0.0	0.0	0.0	0.0	0.0	0.0	0.0	0.0
545.0	0.0	0.0	0.0	0.0	0.0	0.0	0.0	0.0	0.0
546.0	0.0	0.0	0.0	0.0	0.0	0.0	0.0	0.0	0.0
547.0	0.0	0.0	0.0	0.0	0.0	0.0	0.0	0.0	0.0
548.0	0.0	0.0	0.0	0.0	0.0	0.0	0.0	0.0	0.0
549.0	0.0	0.0	0.0	0.0	0.0	0.0	0.0	0.0	0.0
550.0	0.0	0.0	0.0	0.0	0.0	0.0	0.0	0.0	0.0
551.0	0.0	0.0	0.0	0.0	0.0	0.0	0.0	0.0	0.0
552.0	0.0	0.0	0.0	0.0	0.0	0.0	0.0	0.0	0.0
553.0	0.0	0.0	0.0	0.0	0.0	0.0	0.0	0.0	0.0
554.0	0.0	0.0	0.0	0.0	0.0	0.0	0.0	0.0	0.0
555.0	0.0	0.0	0.0	0.0	0.0	0.0	0.0	0.0	0.0
556.0	0.0	0.0	0.0	0.0	0.0	0.0	0.0	0.0	0.0
557.0	0.0	0.0	0.0	0.0	0.0	0.0	0.0	0.0	0.0
558.0	0.0	0.0	0.0	0.0	0.0	0.0	0.0	0.0	0.0
559.0	0.0	0.0	0.0	0.0	0.0	0.0	0.0	0.0	0.0
560.0	0.0	0.0	0.0	0.0	0.0	0.0	0.0	0.0	0.0
561.0	0.0	0.0	0.0	0.0	0.0	0.0	0.0	0.0	0.0
562.0	0.0	0.0	0.0	0.0	0.0	0.0	0.0	0.0	0.0
563.0	0.0	0.0	0.0	0.0	0.0	0.0	0.0	0.0	0.0
564.0	0.0	0.0	0.0	0.0	0.0	0.0	0.0	0.0	0.0
565.0	0.0	0.0	0.0	0.0	0.0	0.0	0.0	0.0	0.0
566.0	0.0	0.0	0.0	0.0	0.0	0.0	0.0	0.0	0.0
567.0	0.0	0.0	0.0	0.0	0.0	0.0	0.0	0.0	0.0
568.0	0.0	0.0	0.0	0.0	0.0	0.0	0.0	0.0	0.0
569.0	0.0	0.0	0.0	0.0	0.0	0.0	0.0	0.0	0.0
570.0	0.0	0.0	0.0	0.0	0.0	0.0	0.0	0.0	0.0
571.0	0.0	0.0	0.0	0.0	0.0	0.0	0.0	0.0	0.0
572.0	0.0	0.0	0.0	0.0	0.0	0.0	0.0	0.0	0.0
573.0	0.0	0.0	0.0	0.0	0.0	0.0	0.0	0.0	0.0
574.0	0.0	0.0	0.0	0.0	0.0	0.0	0.0	0.0	0.0
575.0	0.0	0.0	0.0	0.0	0.0	0.0	0.0	0.0	0.0
576.0	0.0	0.0	0.0	0.0	0.0	0.0	0.0	0.0	0.0
577.0	0.0	0.0	0.0	0.0	0.0	0.0	0.0	0.0	0.0
578.0	0.0	0.0	0.0	0.0	0.0	0.0	0.0	0.0	0.0
579.0	0.0	0.0	0.0	0.0	0.0	0.0	0.0	0.0	0.0
580.0	0.0	0.0	0.0	0.0	0.0	0.0	0.0	0.0	0.0
581.0	0.0	0.0	0.0	0.0	0.0	0.0	0.0	0.0	0.0
582.0	0.0	0.0	0.0	0.0	0.0	0.0	0.0	0.0	0.0
583.0	0.0	0.0	0.0	0.0	0.0	0.0	0.0	0.0	0.0
584.0	0.0	0.0	0.0	0.0	0.0	0.0	0.0	0.0	0.0
585.0	0.0	0.0	0.0	0.0	0.0	0.0	0.0	0.0	0.0
586.0	0.0	0.0	0.0	0.0	0.0	0.0	0.0	0.0	0.0
587.0	0.0	0.0	0.0	0.0	0.0	0.0	0.0	0.0	0.0
588.0	0.0	0.0	0.0	0.0	0.0	0.0	0.0	0.0	0.0
589.0	0.0	0.0	0.0	0.0	0.0	0.0	0.0	0.0	0.0
590.0	0.0	0.0	0.0	0.0	0.0	0.0	0.0	0.0	0.0
591.0	0.0	0.0	0.0	0.0	0.0	0.0	0.0	0.0	0.0
592.0	0.0	0.0	0.0	0.0	0.0	0.0	0.0	0.0	0.0
593.0	0.0	0.0	0.0	0.0	0.0	0.0	0.0	0.0	0.0
594.0	0.0	0.0	0.0	0.0	0.0	0.0	0.0	0.0	0.0
595.0	0.0	0.0	0.0	0.0	0.0	0.0	0.0	0.0	0.0
596.0	0.0	0.0	0.0	0.0	0.0	0.0	0.0	0.0	0.0
597.0	0.0	0.0	0.0	0.0	0.0	0.0	0.0	0.0	0.0
598.0	0.0	0.0	0.0	0.0	0.0	0.0	0.0	0.0	0.0
599.0	0.0	0.0	0.0	0.0	0.0	0.0	0.0	0.0	0.0
600.0	0.0	0.0	0.0	0.0	0.0	0.0	0.0	0.0	0.0
601.0	0.0	0.0	0.0	0.0	0.0	0.0	0.0	0.0	0.0
602.0	0.0	0.0	0.0	0.0	0.0	0.0	0.0	0.0	0.0
603.0	0.0	0.0	0.0	0.0	0.0	0.0	0.0	0.0	0.0
604.0	0.0	0.0	0.0	0.0	0.0	0.0	0.0	0.0	0.0
605.0	0.0	0.0	0.0	0.0	0.0	0.0	0.0	0.0	0.0
606.0	0.0	0.0	0.0	0.0	0.0	0.0	0.0	0.0	0.0
607.0	0.0	0.0	0.0	0.0	0.0	0.0	0.0	0.0	0.0
608.0	0.0	0.0	0.0	0.0	0.0	0.0	0.0	0.0	0.0
609.0	0.0	0.0	0.0	0.0	0.0	0.0	0.0	0.0	0.0
610.0	0.0	0.0	0.0	0.0	0.0	0.0	0.0	0.0	0.0
611.0	0.0	0.0	0.0	0.0	0.0	0.0	0.0	0.0	0.0
612.0	0.0	0.0	0.0	0.0	0.0	0.0	0.0	0.0	0.0
613.0	5.0E-6	0.0	0.0	1.0E-4	4.750000000000001E-10	2.500000000000001E-11	9.025000000000001E-9	-4.551858457912783E-6	1.4551858457912785E-5
614.0	0.0	0.0	0.0	0.0	0.0	0.0	0.0	0.0	0.0
615.0	0.0	0.0	0.0	0.0	0.0	0.0	0.0	0.0	0.0
616.0	0.0	0.0	0.0	0.0	0.0	0.0	0.0	0.0	0.0
617.0	0.0	0.0	0.0	0.0	0.0	0.0	0.0	0.0	0.0
618.0	0.0	0.0	0.0	0.0	0.0	0.0	0.0	0.0	0.0
619.0	0.0	0.0	0.0	0.0	0.0	0.0	0.0	0.0	0.0
620.0	0.0	0.0	0.0	0.0	0.0	0.0	0.0	0.0	0.0
621.0	0.0	0.0	0.0	0.0	0.0	0.0	0.0	0.0	0.0
622.0	0.0	0.0	0.0	0.0	0.0	0.0	0.0	0.0	0.0
623.0	0.0	0.0	0.0	0.0	0.0	0.0	0.0	0.0	0.0
624.0	0.0	0.0	0.0	0.0	0.0	0.0	0.0	0.0	0.0
625.0	0.0	0.0	0.0	0.0	0.0	0.0	0.0	0.0	0.0
626.0	0.0	0.0	0.0	0.0	0.0	0.0	0.0	0.0	0.0
627.0	0.0	0.0	0.0	0.0	0.0	0.0	0.0	0.0	0.0
628.0	0.0	0.0	0.0	0.0	0.0	0.0	0.0	0.0	0.0
629.0	0.0	0.0	0.0	0.0	0.0	0.0	0.0	0.0	0.0
630.0	0.0	0.0	0.0	0.0	0.0	0.0	0.0	0.0	0.0
631.0	0.0	0.0	0.0	0.0	0.0	0.0	0.0	0.0	0.0
632.0	0.0	0.0	0.0	0.0	0.0	0.0	0.0	0.0	0.0
633.0	0.0	0.0	0.0	0.0	0.0	0.0	0.0	0.0	0.0
634.0	0.0	0.0	0.0	0.0	0.0	0.0	0.0	0.0	0.0
635.0	0.0	0.0	0.0	0.0	0.0	0.0	0.0	0.0	0.0
636.0	0.0	0.0	0.0	0.0	0.0	0.0	0.0	0.0	0.0
637.0	0.0	0.0	0.0	0.0	0.0	0.0	0.0	0.0	0.0
638.0	0.0	0.0	0.0	0.0	0.0	0.0	0.0	0.0	0.0
639.0	0.0	0.0	0.0	0.0	0.0	0.0	0.0	0.0	0.0
640.0	0.0	0.0	0.0	0.0	0.0	0.0	0.0	0.0	0.0
641.0	0.0	0.0	0.0	0.0	0.0	0.0	0.0	0.0	0.0
642.0	0.0	0.0	0.0	0.0	0.0	0.0	0.0	0.0	0.0
643.0	0.0	0.0	0.0	0.0	0.0	0.0	0.0	0.0	0.0
644.0	0.0	0.0	0.0	0.0	0.0	0.0	0.0	0.0	0.0
645.0	0.0	0.0	0.0	0.0	0.0	0.0	0.0	0.0	0.0
646.0	0.0	0.0	0.0	0.0	0.0	0.0	0.0	0.0	0.0
647.0	0.0	0.0	0.0	0.0	0.0	0.0	0.0	0.0	0.0
648.0	0.0	0.0	0.0	0.0	0.0	0.0	0.0	0.0	0.0
649.0	0.0	0.0	0.0	0.0	0.0	0.0	0.0	0.0	0.0
650.0	0.0	0.0	0.0	0.0	0.0	0.0	0.0	0.0	0.0
651.0	0.0	0.0	0.0	0.0	0.0	0.0	0.0	0.0	0.0
652.0	0.0	0.0	0.0	0.0	0.0	0.0	0.0	0.0	0.0
653.0	0.0	0.0	0.0	0.0	0.0	0.0	0.0	0.0	0.0
654.0	5.0E-6	0.0	0.0	1.0E-4	4.750000000000002E-10	2.500000000000001E-11	9.025000000000001E-9	-4.551858457912785E-6	1.4551858457912785E-5
655.0	0.0	0.0	0.0	0.0	0.0	0.0	0.0	0.0	0.0
656.0	0.0	0.0	0.0	0.0	0.0	0.0	0.0	0.0	0.0
657.0	0.0	0.0	0.0	0.0	0.0	0.0	0.0	0.0	0.0
658.0	0.0	0.0	0.0	0.0	0.0	0.0	0.0	0.0	0.0
659.0	0.0	0.0	0.0	0.0	0.0	0.0	0.0	0.0	0.0
660.0	0.0	0.0	0.0	0.0	0.0	0.0	0.0	0.0	0.0
661.0	0.0	0.0	0.0	0.0	0.0	0.0	0.0	0.0	0.0
662.0	0.0	0.0	0.0	0.0	0.0	0.0	0.0	0.0	0.0
663.0	0.0	0.0	0.0	0.0	0.0	0.0	0.0	0.0	0.0
664.0	0.0	0.0	0.0	0.0	0.0	0.0	0.0	0.0	0.0
665.0	0.0	0.0	0.0	0.0	0.0	0.0	0.0	0.0	0.0
666.0	0.0	0.0	0.0	0.0	0.0	0.0	0.0	0.0	0.0
667.0	0.0	0.0	0.0	0.0	0.0	0.0	0.0	0.0	0.0
668.0	0.0	0.0	0.0	0.0	0.0	0.0	0.0	0.0	0.0
669.0	0.0	0.0	0.0	0.0	0.0	0.0	0.0	0.0	0.0
670.0	0.0	0.0	0.0	0.0	0.0	0.0	0.0	0.0	0.0
671.0	0.0	0.0	0.0	0.0	0.0	0.0	0.0	0.0	0.0
672.0	0.0	0.0	0.0	0.0	0.0	0.0	0.0	0.0	0.0
673.0	0.0	0.0	0.0	0.0	0.0	0.0	0.0	0.0	0.0
674.0	0.0	0.0	0.0	0.0	0.0	0.0	0.0	0.0	0.0
675.0	0.0	0.0	0.0	0.0	0.0	0.0	0.0	0.0	0.0
676.0	0.0	0.0	0.0	0.0	0.0	0.0	0.0	0.0	0.0
677.0	0.0	0.0	0.0	0.0	0.0	0.0	0.0	0.0	0.0
678.0	0.0	0.0	0.0	0.0	0.0	0.0	0.0	0.0	0.0
679.0	0.0	0.0	0.0	0.0	0.0	0.0	0.0	0.0	0.0
680.0	0.0	0.0	0.0	0.0	0.0	0.0	0.0	0.0	0.0
681.0	0.0	0.0	0.0	0.0	0.0	0.0	0.0	0.0	0.0
682.0	0.0	0.0	0.0	0.0	0.0	0.0	0.0	0.0	0.0
683.0	0.0	0.0	0.0	0.0	0.0	0.0	0.0	0.0	0.0
684.0	0.0	0.0	0.0	0.0	0.0	0.0	0.0	0.0	0.0
685.0	0.0	0.0	0.0	0.0	0.0	0.0	0.0	0.0	0.0
686.0	0.0	0.0	0.0	0.0	0.0	0.0	0.0	0.0	0.0
687.0	0.0	0.0	0.0	0.0	0.0	0.0	0.0	0.0	0.0
688.0	0.0	0.0	0.0	0.0	0.0	0.0	0.0	0.0	0.0
689.0	0.0	0.0	0.0	0.0	0.0	0.0	0.0	0.0	0.0
690.0	0.0	0.0	0.0	0.0	0.0	0.0	0.0	0.0	0.0
691.0	0.0	0.0	0.0	0.0	0.0	0.0	0.0	0.0	0.0
692.0	0.0	0.0	0.0	0.0	0.0	0.0	0.0	0.0	0.0
693.0	0.0	0.0	0.0	0.0	0.0	0.0	0.0	0.0	0.0
694.0	0.0	0.0	0.0	0.0	0.0	0.0	0.0	0.0	0.0
695.0	0.0	0.0	0.0	0.0	0.0	0.0	0.0	0.0	0.0
696.0	0.0	0.0	0.0	0.0	0.0	0.0	0.0	0.0	0.0
697.0	0.0	0.0	0.0	0.0	0.0	0.0	0.0	0.0	0.0
698.0	0.0	0.0	0.0	0.0	0.0	0.0	0.0	0.0	0.0
699.0	0.0	0.0	0.0	0.0	0.0	0.0	0.0	0.0	0.0
700.0	0.0	0.0	0.0	0.0	0.0	0.0	0.0	0.0	0.0
701.0	0.0	0.0	0.0	0.0	0.0	0.0	0.0	0.0	0.0
702.0	0.0	0.0	0.0	0.0	0.0	0.0	0.0	0.0	0.0
703.0	0.0	0.0	0.0	0.0	0.0	0.0	0.0	0.0	0.0
704.0	0.0	0.0	0.0	0.0	0.0	0.0	0.0	0.0	0.0
705.0	0.0	0.0	0.0	0.0	0.0	0.0	0.0	0.0	0.0
706.0	0.0	0.0	0.0	0.0	0.0	0.0	0.0	0.0	0.0
707.0	0.0	0.0	0.0	0.0	0.0	0.0	0.0	0.0	0.0
708.0	0.0	0.0	0.0	0.0	0.0	0.0	0.0	0.0	0.0
709.0	0.0	0.0	0.0	0.0	0.0	0.0	0.0	0.0	0.0
710.0	0.0	0.0	0.0	0.0	0.0	0.0	0.0	0.0	0.0
711.0	0.0	0.0	0.0	0.0	0.0	0.0	0.0	0.0	0.0
712.0	0.0	0.0	0.0	0.0	0.0	0.0	0.0	0.0	0.0
713.0	0.0	0.0	0.0	0.0	0.0	0.0	0.0	0.0	0.0
714.0	0.0	0.0	0.0	0.0	0.0	0.0	0.0	0.0	0.0
715.0	0.0	0.0	0.0	0.0	0.0	0.0	0.0	0.0	0.0
716.0	0.0	0.0	0.0	0.0	0.0	0.0	0.0	0.0	0.0
717.0	0.0	0.0	0.0	0.0	0.0	0.0	0.0	0.0	0.0
718.0	0.0	0.0	0.0	0.0	0.0	0.0	0.0	0.0	0.0
719.0	0.0	0.0	0.0	0.0	0.0	0.0	0.0	0.0	0.0
720.0	0.0	0.0	0.0	0.0	0.0	0.0	0.0	0.0	0.0
721.0	0.0	0.0	0.0	0.0	0.0	0.0	0.0	0.0	0.0
722.0	0.0	0.0	0.0	0.0	0.0	0.0	0.0	0.0	0.0
723.0	0.0	0.0	0.0	0.0	0.0	0.0	0.0	0.0	0.0
724.0	0.0	0.0	0.0	0.0	0.0	0.0	0.0	0.0	0.0
725.0	0.0	0.0	0.0	0.0	0.0	0.0	0.0	0.0	0.0
726.0	0.0	0.0	0.0	0.0	0.0	0.0	0.0	0.0	0.0
727.0	0.0	0.0	0.0	0.0	0.0	0.0	0.0	0.0	0.0
728.0	0.0	0.0	0.0	0.0	0.0	0.0	0.0	0.0	0.0
729.0	0.0	0.0	0.0	0.0	0.0	0.0	0.0	0.0	0.0
730.0	0.0	0.0	0.0	0.0	0.0	0.0	0.0	0.0	0.0
731.0	0.0	0.0	0.0	0.0	0.0	0.0	0.0	0.0	0.0
732.0	0.0	0.0	0.0	0.0	0.0	0.0	0.0	0.0	0.0
733.0	0.0	0.0	0.0	0.0	0.0	0.0	0.0	0.0	0.0
734.0	0.0	0.0	0.0	0.0	0.0	0.0	0.0	0.0	0.0
735.0	0.0	0.0	0.0	0.0	0.0	0.0	0.0	0.0	0.0
736.0	0.0	0.0	0.0	0.0	0.0	0.0	0.0	0.0	0.0
737.0	0.0	0.0	0.0	0.0	0.0	0.0	0.0	0.0	0.0
738.0	0.0	0.0	0.0	0.0	0.0	0.0	0.0	0.0	0.0
739.0	0.0	0.0	0.0	0.0	0.0	0.0	0.0	0.0	0.0
740.0	0.0	0.0	0.0	0.0	0.0	0.0	0.0	0.0	0.0
741.0	0.0	0.0	0.0	0.0	0.0	0.0	0.0	0.0	0.0
742.0	0.0	0.0	0.0	0.0	0.0	0.0	0.0	0.0	0.0
743.0	0.0	0.0	0.0	0.0	0.0	0.0	0.0	0.0	0.0
744.0	0.0	0.0	0.0	0.0	0.0	0.0	0.0	0.0	0.0
745.0	0.0	0.0	0.0	0.0	0.0	0.0	0.0	0.0	0.0
746.0	0.0	0.0	0.0	0.0	0.0	0.0	0.0	0.0	0.0
747.0	0.0	0.0	0.0	0.0	0.0	0.0	0.0	0.0	0.0
748.0	0.0	0.0	0.0	0.0	0.0	0.0	0.0	0.0	0.0
749.0	0.0	0.0	0.0	0.0	0.0	0.0	0.0	0.0	0.0
750.0	0.0	0.0	0.0	0.0	0.0	0.0	0.0	0.0	0.0
751.0	0.0	0.0	0.0	0.0	0.0	0.0	0.0	0.0	0.0
752.0	0.0	0.0	0.0	0.0	0.0	0.0	0.0	0.0	0.0
753.0	0.0	0.0	0.0	0.0	0.0	0.0	0.0	0.0	0.0
754.0	0.0	0.0	0.0	0.0	0.0	0.0	0.0	0.0	0.0
755.0	0.0	0.0	0.0	0.0	0.0	0.0	0.0	0.0	0.0
756.0	0.0	0.0	0.0	0.0	0.0	0.0	0.0	0.0	0.0
757.0	0.0	0.0	0.0	0.0	0.0	0.0	0.0	0.0	0.0
758.0	0.0	0.0	0.0	0.0	0.0	0.0	0.0	0.0	0.0
759.0	0.0	0.0	0.0	0.0	0.0	0.0	0.0	0.0	0.0
760.0	0.0	0.0	0.0	0.0	0.0	0.0	0.0	0.0	0.0
761.0	0.0	0.0	0.0	0.0	0.0	0.0	0.0	0.0	0.0
762.0	0.0	0.0	0.0	0.0	0.0	0.0	0.0	0.0	0.0
763.0	0.0	0.0	0.0	0.0	0.0	0.0	0.0	0.0	0.0
764.0	0.0	0.0	0.0	0.0	0.0	0.0	0.0	0.0	0.0
765.0	0.0	0.0	0.0	0.0	0.0	0.0	0.0	0.0	0.0
766.0	0.0	0.0	0.0	0.0	0.0	0.0	0.0	0.0	0.0
767.0	0.0	0.0	0.0	0.0	0.0	0.0	0.0	0.0	0.0
768.0	0.0	0.0	0.0	0.0	0.0	0.0	0.0	0.0	0.0
769.0	0.0	0.0	0.0	0.0	0.0	0.0	0.0	0.0	0.0
770.0	0.0	0.0	0.0	0.0	0.0	0.0	0.0	0.0	0.0
771.0	0.0	0.0	0.0	0.0	0.0	0.0	0.0	0.0	0.0
772.0	0.0	0.0	0.0	0.0	0.0	0.0	0.0	0.0	0.0
773.0	0.0	0.0	0.0	0.0	0.0	0.0	0.0	0.0	0.0
774.0	0.0	0.0	0.0	0.0	0.0	0.0	0.0	0.0	0.0
775.0	0.0	0.0	0.0	0.0	0.0	0.0	0.0	0.0	0.0
776.0	0.0	0.0	0.0	0.0	0.0	0.0	0.0	0.0	0.0
777.0	0.0	0.0	0.0	0.0	0.0	0.0	0.0	0.0	0.0
778.0	0.0	0.0	0.0	0.0	0.0	0.0	0.0	0.0	0.0
779.0	0.0	0.0	0.0	0.0	0.0	0.0	0.0	0.0	0.0
780.0	0.0	0.0	0.0	0.0	0.0	0.0	0.0	0.0	0.0
781.0	0.0	0.0	0.0	0.0	0.0	0.0	0.0	0.0	0.0
782.0	0.0	0.0	0.0	0.0	0.0	0.0	0.0	0.0	0.0
783.0	0.0	0.0	0.0	0.0	0.0	0.0	0.0	0.0	0.0
784.0	0.0	0.0	0.0	0.0	0.0	0.0	0.0	0.0	0.0
785.0	0.0	0.0	0.0	0.0	0.0	0.0	0.0	0.0	0.0
786.0	0.0	0.0	0.0	0.0	0.0	0.0	0.0	0.0	0.0
787.0	0.0	0.0	0.0	0.0	0.0	0.0	0.0	0.0	0.0
788.0	0.0	0.0	0.0	0.0	0.0	0.0	0.0	0.0	0.0
789.0	0.0	0.0	0.0	0.0	0.0	0.0	0.0	0.0	0.0
790.0	0.0	0.0	0.0	0.0	0.0	0.0	0.0	0.0	0.0
791.0	0.0	0.0	0.0	0.0	0.0	0.0	0.0	0.0	0.0
792.0	0.0	0.0	0.0	0.0	0.0	0.0	0.0	0.0	0.0
793.0	0.0	0.0	0.0	0.0	0.0	0.0	0.0	0.0	0.0
794.0	0.0	0.0	0.0	0.0	0.0	0.0	0.0	0.0	0.0
795.0	0.0	0.0	0.0	0.0	0.0	0.0	0.0	0.0	0.0
796.0	0.0	0.0	0.0	0.0	0.0	0.0	0.0	0.0	0.0
797.0	0.0	0.0	0.0	0.0	0.0	0.0	0.0	0.0	0.0
798.0	0.0	0.0	0.0	0.0	0.0	0.0	0.0	0.0	0.0
799.0	0.0	0.0	0.0	0.0	0.0	0.0	0.0	0.0	0.0
800.0	0.0	0.0	0.0	0.0	0.0	0.0	0.0	0.0	0.0
801.0	0.0	0.0	0.0	0.0	0.0	0.0	0.0	0.0	0.0
802.0	0.0	0.0	0.0	0.0	0.0	0.0	0.0	0.0	0.0
803.0	0.0	0.0	0.0	0.0	0.0	0.0	0.0	0.0	0.0
804.0	0.0	0.0	0.0	0.0	0.0	0.0	0.0	0.0	0.0
805.0	0.0	0.0	0.0	0.0	0.0	0.0	0.0	0.0	0.0
806.0	0.0	0.0	0.0	0.0	0.0	0.0	0.0	0.0	0.0
807.0	0.0	0.0	0.0	0.0	0.0	0.0	0.0	0.0	0.0
808.0	0.0	0.0	0.0	0.0	0.0	0.0	0.0	0.0	0.0
809.0	0.0	0.0	0.0	0.0	0.0	0.0	0.0	0.0	0.0
810.0	0.0	0.0	0.0	0.0	0.0	0.0	0.0	0.0	0.0
811.0	0.0	0.0	0.0	0.0	0.0	0.0	0.0	0.0	0.0
812.0	0.0	0.0	0.0	0.0	0.0	0.0	0.0	0.0	0.0
813.0	0.0	0.0	0.0	0.0	0.0	0.0	0.0	0.0	0.0
814.0	0.0	0.0	0.0	0.0	0.0	0.0	0.0	0.0	0.0
815.0	0.0	0.0	0.0	0.0	0.0	0.0	0.0	0.0	0.0
816.0	0.0	0.0	0.0	0.0	0.0	0.0	0.0	0.0	0.0
817.0	0.0	0.0	0.0	0.0	0.0	0.0	0.0	0.0	0.0
818.0	0.0	0.0	0.0	0.0	0.0	0.0	0.0	0.0	0.0
819.0	0.0	0.0	0.0	0.0	0.0	0.0	0.0	0.0	0.0
820.0	0.0	0.0	0.0	0.0	0.0	0.0	0.0	0.0	0.0
821.0	0.0	0.0	0.0	0.0	0.0	0.0	0.0	0.0	0.0
822.0	0.0	0.0	0.0	0.0	0.0	0.0	0.0	0.0	0.0
823.0	0.0	0.0	0.0	0.0	0.0	0.0	0.0	0.0	0.0
824.0	0.0	0.0	0.0	0.0	0.0	0.0	0.0	0.0	0.0
825.0	0.0	0.0	0.0	0.0	0.0	0.0	0.0	0.0	0.0
826.0	0.0	0.0	0.0	0.0	0.0	0.0	0.0	0.0	0.0
827.0	0.0	0.0	0.0	0.0	0.0	0.0	0.0	0.0	0.0
828.0	0.0	0.0	0.0	0.0	0.0	0.0	0.0	0.0	0.0
829.0	0.0	0.0	0.0	0.0	0.0	0.0	0.0	0.0	0.0
830.0	0.0	0.0	0.0	0.0	0.0	0.0	0.0	0.0	0.0
831.0	0.0	0.0	0.0	0.0	0.0	0.0	0.0	0.0	0.0
832.0	0.0	0.0	0.0	0.0	0.0	0.0	0.0	0.0	0.0
833.0	0.0	0.0	0.0	0.0	0.0	0.0	0.0	0.0	0.0
834.0	0.0	0.0	0.0	0.0	0.0	0.0	0.0	0.0	0.0
835.0	0.0	0.0	0.0	0.0	0.0	0.0	0.0	0.0	0.0
836.0	0.0	0.0	0.0	0.0	0.0	0.0	0.0	0.0	0.0
837.0	0.0	0.0	0.0	0.0	0.0	0.0	0.0	0.0	0.0
838.0	0.0	0.0	0.0	0.0	0.0	0.0	0.0	0.0	0.0
839.0	0.0	0.0	0.0	0.0	0.0	0.0	0.0	0.0	0.0
840.0	0.0	0.0	0.0	0.0	0.0	0.0	0.0	0.0	0.0
841.0	0.0	0.0	0.0	0.0	0.0	0.0	0.0	0.0	0.0
842.0	0.0	0.0	0.0	0.0	0.0	0.0	0.0	0.0	0.0
843.0	0.0	0.0	0.0	0.0	0.0	0.0	0.0	0.0	0.0
844.0	0.0	0.0	0.0	0.0	0.0	0.0	0.0	0.0	0.0
845.0	0.0	0.0	0.0	0.0	0.0	0.0	0.0	0.0	0.0
846.0	0.0	0.0	0.0	0.0	0.0	0.0	0.0	0.0	0.0
847.0	0.0	0.0	0.0	0.0	0.0	0.0	0.0	0.0	0.0
848.0	0.0	0.0	0.0	0.0	0.0	0.0	0.0	0.0	0.0
849.0	0.0	0.0	0.0	0.0	0.0	0.0	0.0	0.0	0.0
850.0	0.0	0.0	0.0	0.0	0.0	0.0	0.0	0.0	0.0
851.0	0.0	0.0	0.0	0.0	0.0	0.0	0.0	0.0	0.0
852.0	0.0	0.0	0.0	0.0	0.0	0.0	0.0	0.0	0.0
853.0	0.0	0.0	0.0	0.0	0.0	0.0	0.0	0.0	0.0
854.0	0.0	0.0	0.0	0.0	0.0	0.0	0.0	0.0	0.0
855.0	0.0	0.0	0.0	0.0	0.0	0.0	0.0	0.0	0.0
856.0	0.0	0.0	0.0	0.0	0.0	0.0	0.0	0.0	0.0
857.0	0.0	0.0	0.0	0.0	0.0	0.0	0.0	0.0	0.0
858.0	0.0	0.0	0.0	0.0	0.0	0.0	0.0	0.0	0.0
859.0	0.0	0.0	0.0	0.0	0.0	0.0	0.0	0.0	0.0
860.0	0.0	0.0	0.0	0.0	0.0	0.0	0.0	0.0	0.0
861.0	0.0	0.0	0.0	0.0	0.0	0.0	0.0	0.0	0.0
862.0	0.0	0.0	0.0	0.0	0.0	0.0	0.0	0.0	0.0
863.0	0.0	0.0	0.0	0.0	0.0	0.0	0.0	0.0	0.0
864.0	0.0	0.0	0.0	0.0	0.0	0.0	0.0	0.0	0.0
865.0	0.0	0.0	0.0	0.0	0.0	0.0	0.0	0.0	0.0
866.0	0.0	0.0	0.0	0.0	0.0	0.0	0.0	0.0	0.0
867.0	0.0	0.0	0.0	0.0	0.0	0.0	0.0	0.0	0.0
868.0	0.0	0.0	0.0	0.0	0.0	0.0	0.0	0.0	0.0
869.0	0.0	0.0	0.0	0.0	0.0	0.0	0.0	0.0	0.0
870.0	0.0	0.0	0.0	0.0	0.0	0.0	0.0	0.0	0.0
871.0	0.0	0.0	0.0	0.0	0.0	0.0	0.0	0.0	0.0
872.0	0.0	0.0	0.0	0.0	0.0	0.0	0.0	0.0	0.0
873.0	0.0	0.0	0.0	0.0	0.0	0.0	0.0	0.0	0.0
874.0	0.0	0.0	0.0	0.0	0.0	0.0	0.0	0.0	0.0
875.0	0.0	0.0	0.0	0.0	0.0	0.0	0.0	0.0	0.0
876.0	0.0	0.0	0.0	0.0	0.0	0.0	0.0	0.0	0.0
877.0	0.0	0.0	0.0	0.0	0.0	0.0	0.0	0.0	0.0
878.0	0.0	0.0	0.0	0.0	0.0	0.0	0.0	0.0	0.0
879.0	0.0	0.0	0.0	0.0	0.0	0.0	0.0	0.0	0.0
880.0	0.0	0.0	0.0	0.0	0.0	0.0	0.0	0.0	0.0
881.0	0.0	0.0	0.0	0.0	0.0	0.0	0.0	0.0	0.0
882.0	0.0	0.0	0.0	0.0	0.0	0.0	0.0	0.0	0.0
883.0	0.0	0.0	0.0	0.0	0.0	0.0	0.0	0.0	0.0
884.0	0.0	0.0	0.0	0.0	0.0	0.0	0.0	0.0	0.0
885.0	0.0	0.0	0.0	0.0	0.0	0.0	0.0	0.0	0.0
886.0	0.0	0.0	0.0	0.0	0.0	0.0	0.0	0.0	0.0
887.0	0.0	0.0	0.0	0.0	0.0	0.0	0.0	0.0	0.0
888.0	0.0	0.0	0.0	0.0	0.0	0.0	0.0	0.0	0.0
889.0	0.0	0.0	0.0	0.0	0.0	0.0	0.0	0.0	0.0
890.0	0.0	0.0	0.0	0.0	0.0	0.0	0.0	0.0	0.0
891.0	0.0	0.0	0.0	0.0	0.0	0.0	0.0	0.0	0.0
892.0	0.0	0.0	0.0	0.0	0.0	0.0	0.0	0.0	0.0
893.0	0.0	0.0	0.0	0.0	0.0	0.0	0.0	0.0	0.0
894.0	0.0	0.0	0.0	0.0	0.0	0.0	0.0	0.0	0.0
895.0	0.0	0.0	0.0	0.0	0.0	0.0	0.0	0.0	0.0
896.0	0.0	0.0	0.0	0.0	0.0	0.0	0.0	0.0	0.0
897.0	0.0	0.0	0.0	0.0	0.0	0.0	0.0	0.0	0.0
898.0	0.0	0.0	0.0	0.0	0.0	0.0	0.0	0.0	0.0
899.0	0.0	0.0	0.0	0.0	0.0	0.0	0.0	0.0	0.0
900.0	0.0	0.0	0.0	0.0	0.0	0.0	0.0	0.0	0.0
901.0	0.0	0.0	0.0	0.0	0.0	0.0	0.0	0.0	0.0
902.0	0.0	0.0	0.0	0.0	0.0	0.0	0.0	0.0	0.0
903.0	0.0	0.0	0.0	0.0	0.0	0.0	0.0	0.0	0.0
904.0	0.0	0.0	0.0	0.0	0.0	0.0	0.0	0.0	0.0
905.0	0.0	0.0	0.0	0.0	0.0	0.0	0.0	0.0	0.0
906.0	0.0	0.0	0.0	0.0	0.0	0.0	0.0	0.0	0.0
907.0	0.0	0.0	0.0	0.0	0.0	0.0	0.0	0.0	0.0
908.0	0.0	0.0	0.0	0.0	0.0	0.0	0.0	0.0	0.0
909.0	0.0	0.0	0.0	0.0	0.0	0.0	0.0	0.0	0.0
910.0	0.0	0.0	0.0	0.0	0.0	0.0	0.0	0.0	0.0
911.0	0.0	0.0	0.0	0.0	0.0	0.0	0.0	0.0	0.0
912.0	0.0	0.0	0.0	0.0	0.0	0.0	0.0	0.0	0.0
913.0	0.0	0.0	0.0	0.0	0.0	0.0	0.0	0.0	0.0
914.0	0.0	0.0	0.0	0.0	0.0	0.0	0.0	0.0	0.0
915.0	0.0	0.0	0.0	0.0	0.0	0.0	0.0	0.0	0.0
916.0	0.0	0.0	0.0	0.0	0.0	0.0	0.0	0.0	0.0
917.0	0.0	0.0	0.0	0.0	0.0	0.0	0.0	0.0	0.0
918.0	0.0	0.0	0.0	0.0	0.0	0.0	0.0	0.0	0.0
919.0	0.0	0.0	0.0	0.0	0.0	0.0	0.0	0.0	0.0
920.0	0.0	0.0	0.0	0.0	0.0	0.0	0.0	0.0	0.0
921.0	0.0	0.0	0.0	0.0	0.0	0.0	0.0	0.0	0.0
922.0	0.0	0.0	0.0	0.0	0.0	0.0	0.0	0.0	0.0
923.0	0.0	0.0	0.0	0.0	0.0	0.0	0.0	0.0	0.0
924.0	0.0	0.0	0.0	0.0	0.0	0.0	0.0	0.0	0.0
925.0	0.0	0.0	0.0	0.0	0.0	0.0	0.0	0.0	0.0
926.0	0.0	0.0	0.0	0.0	0.0	0.0	0.0	0.0	0.0
927.0	0.0	0.0	0.0	0.0	0.0	0.0	0.0	0.0	0.0
928.0	0.0	0.0	0.0	0.0	0.0	0.0	0.0	0.0	0.0
929.0	0.0	0.0	0.0	0.0	0.0	0.0	0.0	0.0	0.0
930.0	0.0	0.0	0.0	0.0	0.0	0.0	0.0	0.0	0.0
931.0	0.0	0.0	0.0	0.0	0.0	0.0	0.0	0.0	0.0
932.0	0.0	0.0	0.0	0.0	0.0	0.0	0.0	0.0	0.0
933.0	0.0	0.0	0.0	0.0	0.0	0.0	0.0	0.0	0.0
934.0	0.0	0.0	0.0	0.0	0.0	0.0	0.0	0.0	0.0
935.0	0.0	0.0	0.0	0.0	0.0	0.0	0.0	0.0	0.0
936.0	0.0	0.0	0.0	0.0	0.0	0.0	0.0	0.0	0.0
937.0	0.0	0.0	0.0	0.0	0.0	0.0	0.0	0.0	0.0
938.0	0.0	0.0	0.0	0.0	0.0	0.0	0.0	0.0	0.0
939.0	5.0E-6	0.0	0.0	1.0E-4	4.750000000000002E-10	2.500000000000001E-11	9.025000000000001E-9	-4.551858457912785E-6	1.4551858457912785E-5
