0.0	0.0	0.0	0.0	0.0	0.0	0.0	0.0	0.0	0.0
1.0	0.0012132723078296223	0.001272264631043257	7.653619068445222E-4	0.0018565032215791199	7.714482859171057E-8	7.066507983561208E-8	8.362457734780906E-8	0.0010915431877477958	0.0013350014279114488
2.0	0.07790136992369903	0.07743889249405148	0.07429631245908794	0.08202259052042647	4.347827241093734E-6	3.2126084001244854E-6	6.050655502547606E-6	0.07698751509033146	0.07881522475706661
3.0	0.2949866150125961	0.2961280553752974	0.2832306338028169	0.3102610165909331	3.774067424035063E-5	4.938350299972011E-5	2.9978788400770995E-5	0.292294175838151	0.2976790541870412
4.0	0.28568054508758395	0.28460529193089873	0.2764548852108916	0.2978049579556623	2.9724698344525906E-5	2.1187143268459497E-5	4.015948788194042E-5	0.2832910848853591	0.2880700052898088
5.0	0.16432655238848923	0.16393617021276596	0.15589962626801923	0.1753882152733461	2.0941909926423558E-5	1.7033621645198037E-5	2.571870671458808E-5	0.16232092977726162	0.16633217499971684
6.0	0.08277880688715847	0.08234915181447283	0.07461555122373836	0.09154929577464789	1.968242307394685E-5	1.7027344508052966E-5	2.292751909892826E-5	0.0808344304256563	0.08472318334866064
7.0	0.03842875021946702	0.03954013108413022	0.032125118884074814	0.04180656341384165	6.297219098791696E-6	1.2030956739570233E-5	3.209821907603251E-6	0.037328945762076564	0.03952855467685747
8.0	0.01940263400955503	0.01925531914893617	0.01595688470886611	0.021462893753336893	1.8355779687834457E-6	1.899450252185518E-6	1.7575118446253573E-6	0.018808851375720116	0.01999641664338994
9.0	0.01126626388759532	0.011152416356877323	0.008518073604892432	0.01385555313113681	2.076024460590927E-6	1.730615075861696E-6	2.4981914863710986E-6	0.010634787222634291	0.01189774055255635
10.0	0.0066471304534402335	0.006700701978302489	0.004810846271594139	0.00956269474589019	1.0869555365700049E-6	9.88598783561362E-7	1.1674292435770763E-6	0.00619020330447186	0.007104057602408607
11.0	0.004521710754364483	0.00458215142919485	0.003244646333549643	0.005956179536268879	4.080115524953334E-7	3.493720083330725E-7	4.666510966575943E-7	0.0042417627966950195	0.004801658712033947
12.0	0.002976886853971004	0.0030547676194632336	0.0019806338028169014	0.0039353329078919376	3.480857145657987E-7	4.797927508718814E-7	2.602810236950768E-7	0.0027183132589273518	0.003235460449014656
13.0	0.0019073733564389638	0.0018252093622503757	8.736485748607623E-4	0.003416978109983983	4.262096997141546E-7	2.421478422886273E-7	7.680388635044196E-7	0.0016212503774227813	0.0021934963354551464
14.0	0.001510846123321572	0.0014843087362171332	8.727907484180668E-4	0.0026695141484249867	2.3492787960793448E-7	1.5791274620343635E-7	3.504505797146816E-7	0.0012984197899372856	0.0017232724567058585
15.0	9.816518562987806E-4	9.670140754270979E-4	4.2408821034775233E-4	0.0014794462643981823	1.2274660309921813E-7	1.1891739795817404E-7	1.2742674271604974E-7	8.281032727061671E-4	0.0011352004398913942
16.0	8.752580608163309E-4	8.51063829787234E-4	4.3322863641286687E-4	0.0017101325352714834	8.716176138777854E-8	4.9080331265964014E-8	1.5788441732829125E-7	7.458670598643153E-4	0.0010046490617683466
17.0	6.227626116175915E-4	6.406833956219968E-4	2.1272069772388852E-4	0.0011611949751926527	6.005528435905162E-8	4.963016804833717E-8	7.048040066976608E-8	5.153595435995566E-4	7.301656796356265E-4
18.0	5.583850996103057E-4	5.407743889249405E-4	1.0602205258693808E-4	9.840367373715286E-4	5.7239765464105984E-8	5.107915024101371E-8	6.476940629232986E-8	4.5352989396773647E-4	6.632403052528749E-4
19.0	4.714489673241349E-4	4.3682428743038114E-4	0.0	9.474681545425834E-4	6.007267313093384E-8	5.481518594969003E-8	6.649849079689847E-8	3.640303513630746E-4	5.788675832851953E-4
20.0	2.9416756972079644E-4	2.1841214371519057E-4	1.0556317956296844E-4	9.474681545425834E-4	4.794404863441786E-8	2.0488179060868216E-8	8.912785299474233E-8	1.982035511424825E-4	3.901315882991104E-4
21.0	3.055350744089868E-4	3.190810465858328E-4	0.0	9.474681545425834E-4	5.7850881766837216E-8	4.077610014862629E-8	7.492566338504816E-8	2.0012161525990996E-4	4.109485335580636E-4
22.0	3.001716023398277E-4	3.2729653065677506E-4	0.0	6.406833956219968E-4	2.3410481519211507E-8	2.8915790030778648E-8	1.9740275844833406E-8	2.331142739542579E-4	3.672289307253975E-4
23.0	1.6631208056759115E-4	2.1112635912593687E-4	0.0	4.3682428743038114E-4	2.1549848964635603E-8	2.2290550375562345E-8	2.0943820537513712E-8	1.0197472758250786E-4	2.3064943355267443E-4
24.0	1.6573923821899318E-4	1.0920607185759528E-4	0.0	4.2978403352315463E-4	1.9842883463788953E-8	1.4308266701670962E-8	2.6607415061933174E-8	1.0400253069644561E-4	2.2747594574154073E-4
25.0	2.463331654438801E-4	2.1489201676157732E-4	0.0	5.319714863283328E-4	1.9440122461735202E-8	1.547262089824533E-8	2.5391374806970012E-8	1.8522622048301583E-4	3.074401104047444E-4
26.0	9.672455704982011E-5	1.0567473317129874E-4	0.0	4.311273981461522E-4	1.2615534671120654E-8	9.355639936483905E-9	1.528272127218709E-8	4.749862994195494E-5	1.4595048415768527E-4
27.0	1.2362582853653434E-4	1.0829542993285683E-4	0.0	3.206498503634032E-4	1.0650164304634197E-8	7.1905152874073786E-9	1.7075226765198293E-8	7.839659507371589E-5	1.688550619993528E-4
28.0	1.2335710339688905E-4	1.0736525660296328E-4	0.0	5.319148936170213E-4	2.0887195639533625E-8	1.0609369755312932E-8	3.997458656737207E-8	6.001665393178328E-5	1.8669755286199484E-4
29.0	1.334652319360397E-4	1.0778184953653804E-4	0.0	5.263711969681019E-4	1.7856046657892964E-8	1.0678019092920784E-8	2.8623088005351236E-8	7.4900827712586E-5	1.9202963615949338E-4
30.0	8.051105836033367E-5	1.0653030787258975E-4	0.0	2.1661431820643344E-4	4.4435172095814794E-9	6.4820305183010554E-9	3.3458561971940147E-9	5.1296151452790554E-5	1.0972596526787679E-4
31.0	8.577164587234248E-5	1.0639429726566656E-4	0.0	2.1867483052700635E-4	6.44777967166828E-9	7.3567752356505245E-9	5.841782629013449E-9	5.0579466068669584E-5	1.2096382567601538E-4
32.0	4.2863974473897814E-5	0.0	0.0	2.1376656690893543E-4	3.89883077220472E-9	1.8373203076989634E-9	7.727350206286843E-9	1.5498167072597144E-5	7.022978187519848E-5
33.0	5.880721968979951E-5	1.0527423939362039E-4	0.0	2.1278859453133312E-4	3.9623747579324856E-9	3.458289087644343E-9	4.4664604282206286E-9	3.121930669327744E-5	8.639513268632158E-5
34.0	4.836499066727076E-5	0.0	0.0	2.130606157451795E-4	3.9946577832230935E-9	2.339172322245188E-9	6.477885974689955E-9	2.066492086588774E-5	7.606506046865378E-5
35.0	2.1371941082733025E-5	0.0	0.0	2.1134946634259749E-4	2.9441701011499434E-9	4.567598656438117E-10	1.7039494769018026E-8	-2.408643288322304E-6	4.5152525453788354E-5
36.0	2.133452054392823E-5	0.0	0.0	1.0829542993285683E-4	1.8209562117625694E-9	4.551617668392955E-10	7.284133991455661E-9	2.6324011678961584E-6	4.0036639919960304E-5
37.0	6.451661048289373E-5	1.0556317956296844E-4	0.0	2.1356113187399894E-4	3.916372547701368E-9	4.162393028201433E-9	3.7150830636558607E-9	3.708930950444383E-5	9.194391146134364E-5
38.0	5.880884326101177E-5	0.0	0.0	2.1659085986571366E-4	5.143294327346548E-9	3.45848004569825E-9	7.20251178269447E-9	2.7377585341597775E-5	9.024010118042576E-5
39.0	4.828871218386771E-5	0.0	0.0	3.233455486096141E-4	7.488185125057691E-9	2.3317997243764142E-9	1.9519751059980662E-8	1.0363382932547016E-5	8.621404143518841E-5
40.0	3.2037069547152906E-5	0.0	0.0	2.127659574468085E-4	3.526794527581591E-9	1.0263738251691125E-9	1.102805663481903E-8	6.009647606863239E-6	5.8064491487442573E-5
41.0	1.6057827772348068E-5	0.0	0.0	1.0909884355225835E-4	1.461498420100088E-9	2.578538327663929E-10	8.282151081657693E-9	-6.970108282719003E-7	3.281266637296803E-5
42.0	2.142570863808854E-5	0.0	0.0	1.0815487778498811E-4	1.8363473575129014E-9	4.590609906442619E-10	7.345492824987459E-9	2.644718237391403E-6	4.020669903878568E-5
43.0	1.0784888206272372E-5	0.0	0.0	1.0933741526350318E-4	1.0470458957051182E-9	1.1631381362179291E-10	9.423634634455045E-9	-3.3966693826188797E-6	2.4966445795163623E-5
44.0	3.228693052900341E-5	0.0	0.0	2.1630975556997622E-4	4.7426363307142565E-9	1.042445882984692E-9	1.95433981216325E-8	2.10472407547198E-6	6.246913698253484E-5
45.0	2.1274659887569497E-5	0.0	0.0	1.0829542993285683E-4	1.8107225623545224E-9	4.5261115333175866E-10	7.243168198445573E-9	2.625166870946856E-6	3.9924152904192135E-5
46.0	3.2223416215476573E-5	0.0	0.0	2.130606157451795E-4	3.5584973032934163E-9	1.0383485525958385E-9	1.111894355538614E-8	6.079274194431029E-6	5.836755823652212E-5
47.0	1.0744600838078866E-5	0.0	0.0	2.1489201676157732E-4	2.1934824962232564E-9	1.1544644716964507E-10	4.167616742824187E-8	-9.781580440341214E-6	3.127078211649894E-5
48.0	0.0	0.0	0.0	0.0	0.0	0.0	0.0	0.0	0.0
49.0	2.671466292137001E-5	0.0	0.0	1.0829542993285683E-4	2.141276440691339E-9	7.136732150024216E-10	6.424086117758093E-9	6.434219663689656E-6	4.699510617905036E-5
50.0	1.609227839270895E-5	0.0	0.0	1.0920607185759528E-4	1.467835072926139E-9	2.589614238684473E-10	8.318119084253054E-9	-6.988430947811793E-7	3.288339988019908E-5
51.0	1.0779452529049977E-5	0.0	0.0	1.0920607185759528E-4	1.045968617805485E-9	1.161965968260419E-10	9.413916806620476E-9	-3.3948076670970328E-6	2.4953712725196986E-5
52.0	1.596135144772178E-5	0.0	0.0	1.0688328345446772E-4	1.4437207811261847E-9	2.5476474003769015E-10	8.181138347294321E-9	-6.912725989177606E-7	3.261397549436132E-5
53.0	5.339028296849973E-6	0.0	0.0	1.0678056593699947E-4	5.415992399367298E-10	2.8505223154564732E-11	1.0290385558797868E-8	-4.860500222010448E-6	1.5538556815710394E-5
54.0	1.6307659623405415E-5	0.0	0.0	1.1003521126760564E-4	1.5072856054589645E-9	2.659397623928472E-10	8.541578716166963E-9	-7.076105506634582E-7	3.332292979747429E-5
55.0	5.339028296849973E-6	0.0	0.0	1.0678056593699947E-4	5.415992399367298E-10	2.8505223154564732E-11	1.0290385558797868E-8	-4.860500222010448E-6	1.5538556815710394E-5
56.0	0.0	0.0	0.0	0.0	0.0	0.0	0.0	0.0	0.0
57.0	1.604726970984709E-5	0.0	0.0	1.0778184953653804E-4	1.4593028605297782E-9	2.5751486514057597E-10	8.26943483440193E-9	-6.949790474304012E-7	3.278951846712458E-5
58.0	5.263711969681019E-6	0.0	0.0	1.0527423939362039E-4	5.26426610295502E-10	2.7706663699763236E-11	1.0002105595614526E-8	-4.791934369841866E-6	1.5319358309203905E-5
59.0	1.6089193914046968E-5	0.0	0.0	1.0933741526350318E-4	1.4672524160939616E-9	2.5886216080380597E-10	8.31479719607151E-9	-6.985946265359772E-7	3.287698245462991E-5
60.0	1.0670679566352873E-5	0.0	0.0	1.0688328345446772E-4	1.0247737364640613E-9	1.1386340240778075E-10	9.22296674297059E-9	-3.3592363029607003E-6	2.4700595435666448E-5
61.0	1.0870300132773754E-5	0.0	0.0	1.0909884355225835E-4	1.063486493895901E-9	1.1816342497658108E-10	9.57139411416978E-9	-3.4221624173792E-6	2.516276268292671E-5
62.0	5.389092476826902E-6	0.0	0.0	1.0778184953653804E-4	5.518040367520539E-10	2.904231772379233E-11	1.0484276698289025E-8	-4.9060772342237375E-6	1.5684262187877543E-5
63.0	5.319148936170213E-6	0.0	0.0	1.0638297872340425E-4	5.375735626980536E-10	2.8293345405160708E-11	1.0213897691263016E-8	-4.842402614800835E-6	1.548070048714126E-5
64.0	0.0	0.0	0.0	0.0	0.0	0.0	0.0	0.0	0.0
65.0	1.0786585626458487E-5	0.0	0.0	1.0933741526350318E-4	1.0473704138810167E-9	1.1635042947692078E-10	9.426550273517885E-9	-3.397169486284602E-6	2.4970340739201577E-5
66.0	5.415357955160836E-6	0.0	0.0	1.0830715910321672E-4	5.571959338679513E-10	2.9326101782523744E-11	1.0586722743491074E-8	-4.929988582164827E-6	1.57607044924865E-5
67.0	5.372300419039433E-6	0.0	0.0	1.0744600838078866E-4	5.483706240558141E-10	2.8861611792411268E-11	1.0419041857060468E-8	-4.890790220170607E-6	1.563539105824947E-5
68.0	0.0	0.0	0.0	0.0	0.0	0.0	0.0	0.0	0.0
69.0	0.0	0.0	0.0	0.0	0.0	0.0	0.0	0.0	0.0
70.0	1.058286090585123E-5	0.0	0.0	1.0638297872340425E-4	1.0080032371458836E-9	1.119969449525943E-10	9.072059866885496E-9	-3.3317810870633307E-6	2.4497502898765792E-5
71.0	0.0	0.0	0.0	0.0	0.0	0.0	0.0	0.0	0.0
72.0	5.283736658564937E-6	0.0	0.0	1.0567473317129874E-4	5.304395884641964E-10	2.7917873077062946E-11	1.007835218081973E-8	-4.810164279734528E-6	1.5377637596864403E-5
73.0	5.263711969681019E-6	0.0	0.0	1.0527423939362039E-4	5.26426610295502E-10	2.7706663699763236E-11	1.0002105595614526E-8	-4.791934369841866E-6	1.5319358309203905E-5
74.0	5.344164172723386E-6	0.0	0.0	1.0688328345446772E-4	5.426417233953842E-10	2.8560090705020237E-11	1.0310192744512304E-8	-4.8651757780170826E-6	1.5553504123463855E-5
75.0	1.0746772186099378E-5	0.0	0.0	1.0815487778498811E-4	1.0394852301056617E-9	1.1549311241991919E-10	9.355414289277339E-9	-3.383490479495182E-6	2.4877034851693938E-5
76.0	5.407743889249406E-6	0.0	0.0	1.0815487778498811E-4	5.556301854625715E-10	2.924369397171429E-11	1.0556973523788857E-8	-4.923056952101217E-6	1.5738544730600028E-5
77.0	5.407743889249406E-6	0.0	0.0	1.0815487778498811E-4	5.556301854625715E-10	2.924369397171429E-11	1.0556973523788857E-8	-4.923056952101217E-6	1.5738544730600028E-5
78.0	5.319714863283328E-6	0.0	0.0	1.0639429726566656E-4	5.376879583061134E-10	2.829936622663756E-11	1.021607120781616E-8	-4.842917818824113E-6	1.5482347545390767E-5
79.0	0.0	0.0	0.0	0.0	0.0	0.0	0.0	0.0	0.0
80.0	1.0820909499550494E-5	0.0	0.0	1.1003521126760564E-4	1.0541622116410826E-9	1.170920823974621E-10	9.487793374833664E-9	-3.4087594218270916E-6	2.505057842092808E-5
81.0	5.339028296849973E-6	0.0	0.0	1.0678056593699947E-4	5.415992399367298E-10	2.8505223154564732E-11	1.0290385558797868E-8	-4.860500222010448E-6	1.5538556815710394E-5
82.0	0.0	0.0	0.0	0.0	0.0	0.0	0.0	0.0	0.0
83.0	0.0	0.0	0.0	0.0	0.0	0.0	0.0	0.0	0.0
84.0	0.0	0.0	0.0	0.0	0.0	0.0	0.0	0.0	0.0
85.0	0.0	0.0	0.0	0.0	0.0	0.0	0.0	0.0	0.0
86.0	0.0	0.0	0.0	0.0	0.0	0.0	0.0	0.0	0.0
87.0	5.368262830148164E-6	0.0	0.0	1.0736525660296328E-4	5.475466704574571E-10	2.8818245813550374E-11	1.0403386738691686E-8	-4.887114513541747E-6	1.5623640173838076E-5
88.0	0.0	0.0	0.0	0.0	0.0	0.0	0.0	0.0	0.0
89.0	0.0	0.0	0.0	0.0	0.0	0.0	0.0	0.0	0.0
90.0	0.0	0.0	0.0	0.0	0.0	0.0	0.0	0.0	0.0
91.0	0.0	0.0	0.0	0.0	0.0	0.0	0.0	0.0	0.0
92.0	5.415357955160836E-6	0.0	0.0	1.0830715910321672E-4	5.571959338679513E-10	2.9326101782523744E-11	1.0586722743491074E-8	-4.929988582164827E-6	1.57607044924865E-5
93.0	0.0	0.0	0.0	0.0	0.0	0.0	0.0	0.0	0.0
94.0	0.0	0.0	0.0	0.0	0.0	0.0	0.0	0.0	0.0
95.0	0.0	0.0	0.0	0.0	0.0	0.0	0.0	0.0	0.0
96.0	0.0	0.0	0.0	0.0	0.0	0.0	0.0	0.0	0.0
97.0	5.454942177612917E-6	0.0	0.0	1.0909884355225835E-4	5.653714890609069E-10	2.9756394161100354E-11	1.0742058292157231E-8	-4.96602493771851E-6	1.5875909292944345E-5
98.0	0.0	0.0	0.0	0.0	0.0	0.0	0.0	0.0	0.0
99.0	0.0	0.0	0.0	0.0	0.0	0.0	0.0	0.0	0.0
100.0	0.0	0.0	0.0	0.0	0.0	0.0	0.0	0.0	0.0
101.0	0.0	0.0	0.0	0.0	0.0	0.0	0.0	0.0	0.0
102.0	0.0	0.0	0.0	0.0	0.0	0.0	0.0	0.0	0.0
103.0	5.318017443097213E-6	0.0	0.0	1.0636034886194426E-4	5.373448809766382E-10	2.828130952508621E-11	1.0209552738556126E-8	-4.841372535537956E-6	1.547740742173238E-5
