0.0	0.0021750000000000007	0.0021	8.0E-4	0.0066	1.563875E-6	7.601704545454558E-7	2.546180555555554E-6	0.0016269223503918451	0.0027230776496081563
1.0	0.003505	0.0036	0.0023	0.0049	4.50475E-7	6.01775E-7	3.496083333333334E-7	0.003210844874258496	0.003799155125741504
2.0	0.078575	0.0787	0.0733	0.0838	5.444875E-6	5.570125000000017E-6	5.31962499999998E-6	0.0775523311435269	0.07959766885647311
3.0	0.28306000000000003	0.2844	0.2639	0.2913	4.5557399999999985E-5	5.822640000000024E-5	3.288839999999973E-5	0.2801018476388124	0.28601815236118766
4.0	0.256525	0.2571	0.2435	0.2748	5.9447875E-5	5.885212500000005E-5	6.004362499999996E-5	0.2531458362232647	0.2599041637767353
5.0	0.150175	0.1497	0.1454	0.1591	1.4764874999999983E-5	8.693541666666667E-6	2.3871874999999965E-5	0.14849094620335335	0.15185905379664666
6.0	0.07944500000000002	0.0798	0.0699	0.0888	1.9930474999999997E-5	2.636077500000012E-5	1.564360833333325E-5	0.07748840969081416	0.08140159030918587
7.0	0.04005000000000001	0.0402	0.0358	0.046	6.124500000000001E-6	6.56472222222226E-6	5.764318181818151E-6	0.03896538303535304	0.04113461696464698
8.0	0.023624999999999997	0.0239	0.0188	0.0284	5.945875E-6	6.215624999999986E-6	5.676125000000013E-6	0.022556316852383268	0.024693683147616725
9.0	0.016014999999999998	0.0158	0.0119	0.0194	2.2152749999999997E-6	1.6812249999999961E-6	3.207082142857148E-6	0.015362688707747594	0.0166673112922524
10.0	0.011065000000000002	0.0111	0.0094	0.0133	1.251275E-6	1.1177250000000036E-6	1.3848249999999963E-6	0.010574750163692023	0.011555249836307981
11.0	0.008275000000000001	0.0082	0.0068	0.0105	1.057875E-6	6.710416666666681E-7	1.638124999999998E-6	0.00782422663122141	0.008725773368778592
12.0	0.00652	0.0066	0.0046	0.0078	7.515999999999999E-7	9.455111111111108E-7	5.929454545454548E-7	0.006140042991905663	0.006899957008094337
13.0	0.004905	0.0049	0.0036	0.0064	4.834750000000002E-7	4.487522727272725E-7	5.259138888888894E-7	0.004600260967383566	0.0052097390326164335
14.0	0.004000000000000001	0.0041	0.0024	0.0054	4.840000000000002E-7	5.522222222222235E-7	4.281818181818174E-7	0.0036950955559523616	0.004304904444047641
15.0	0.003085	0.0031	0.0019	0.0041	3.972750000000001E-7	4.406694444444445E-7	3.6177045454545454E-7	0.0028087599196351116	0.0033612400803648885
16.0	0.0026100000000000003	0.0027	0.0015	0.0037	3.1389999999999997E-7	3.614333333333336E-7	2.7500909090909066E-7	0.002364451813283014	0.0028555481867169868
17.0	0.0020800000000000003	0.0022	0.0012	0.0029	2.0659999999999998E-7	2.470666666666669E-7	1.7349090909090889E-7	0.0018807922491467766	0.002279207750853224
18.0	0.0020749999999999996	0.0021	0.0012	0.003	3.12875E-7	3.016249999999997E-7	3.2412500000000037E-7	0.0018298530440735595	0.00232014695592644
19.0	0.00165	0.0018	9.0E-4	0.0022	1.3349999999999997E-7	1.4850000000000004E-7	1.1850000000000001E-7	0.0014898666805439917	0.0018101333194560083
20.0	0.00155	0.0014	7.0E-4	0.0032	2.8850000000000013E-7	1.7522727272727275E-7	4.2694444444444455E-7	0.0013145959218704994	0.0017854040781295005
21.0	0.00145	0.0014	8.0E-4	0.0022	1.6650000000000002E-7	1.497727272727272E-7	1.8694444444444455E-7	0.0012711667816092322	0.0016288332183907676
22.0	0.0010800000000000002	0.0011	6.0E-4	0.0016	6.460000000000001E-8	6.773333333333344E-8	6.203636363636357E-8	9.686071456510789E-4	0.0011913928543489216
23.0	0.0010999999999999998	0.0011	5.0E-4	0.0017	8.899999999999998E-8	1.3857142857142848E-7	6.230769230769234E-8	9.692516921715618E-4	0.001230748307828438
24.0	0.0010099999999999998	0.001	6.0E-4	0.0019	1.0489999999999998E-7	7.282727272727265E-8	1.4410000000000008E-7	8.680521504213606E-4	0.0011519478495786392
25.0	9.549999999999998E-4	0.001	5.0E-4	0.0014	6.347499999999998E-8	7.158055555555545E-8	5.6843181818181876E-8	8.445813512127591E-4	0.0010654186487872403
26.0	8.1E-4	8.0E-4	4.0E-4	0.0012	4.49E-8	4.009999999999999E-8	5.2100000000000017E-8	7.1713239531462E-4	9.028676046853799E-4
27.0	7.05E-4	7.0E-4	4.0E-4	0.0012	4.547499999999999E-8	3.8843181818181815E-8	5.358055555555554E-8	6.115396447684903E-4	7.984603552315098E-4
28.0	8.199999999999999E-4	9.0E-4	2.0E-4	0.0013	8.360000000000002E-8	1.2564999999999994E-7	5.5566666666666714E-8	6.932802777780821E-4	9.467197222219176E-4
29.0	6.799999999999999E-4	7.0E-4	4.0E-4	9.0E-4	2.56E-8	3.4149999999999985E-8	1.990000000000001E-8	6.098769082256066E-4	7.501230917743933E-4
30.0	6.3E-4	7.0E-4	3.0E-4	0.001	5.809999999999999E-8	5.97E-8	5.649999999999999E-8	5.243598182508191E-4	7.35640181749181E-4
31.0	4.999999999999999E-4	6.0E-4	2.0E-4	8.0E-4	3.4999999999999996E-8	5.714285714285711E-8	2.3076923076923096E-8	4.180073173996605E-4	5.819926826003392E-4
32.0	5.299999999999999E-4	5.0E-4	1.0E-4	0.0012	7.710000000000001E-8	4.656666666666663E-8	1.2290000000000005E-7	4.083062532420008E-4	6.516937467579989E-4
33.0	4.999999999999999E-4	5.0E-4	2.0E-4	8.0E-4	3.3000000000000004E-8	2.9999999999999964E-8	3.600000000000003E-8	4.203844236345675E-4	5.796155763654323E-4
34.0	3.9500000000000006E-4	4.0E-4	0.0	8.0E-4	4.047499999999999E-8	5.0525000000000024E-8	3.3774999999999977E-8	3.068272264244796E-4	4.831727735755205E-4
35.0	3.1999999999999997E-4	3.0E-4	0.0	7.0E-4	2.8600000000000005E-8	1.611428571428571E-8	5.773333333333333E-8	2.45881932027339E-4	3.9411806797266097E-4
36.0	3.2E-4	3.0E-4	1.0E-4	7.0E-4	4.66E-8	3.356666666666668E-8	6.614999999999997E-8	2.2539065585260623E-4	4.146093441473938E-4
37.0	3.399999999999999E-4	3.0E-4	0.0	9.0E-4	5.64E-8	3.276666666666664E-8	9.185000000000004E-8	2.3591680250876216E-4	4.440831974912377E-4
38.0	3.7E-4	4.0E-4	0.0	8.0E-4	6.41E-8	6.13E-8	6.69E-8	2.5903906993900963E-4	4.8096093006099036E-4
39.0	2.95E-4	3.0E-4	0.0	6.0E-4	2.8474999999999995E-8	2.7358333333333335E-8	2.9388636363636352E-8	2.210440806966745E-4	3.6895591930332554E-4
40.0	2.55E-4	3.0E-4	0.0	5.0E-4	1.8475E-8	1.9625E-8	1.7324999999999998E-8	1.9542921857151782E-4	3.145707814284822E-4
41.0	2.85E-4	3.0E-4	0.0	8.0E-4	4.127499999999999E-8	2.8124999999999995E-8	5.442500000000001E-8	1.9596011006296112E-4	3.7403988993703883E-4
42.0	2.9E-4	3.0E-4	0.0	7.0E-4	2.7900000000000005E-8	3.781428571428572E-8	2.256153846153846E-8	2.1679459036382626E-4	3.6320540963617374E-4
43.0	3.250000000000001E-4	4.0E-4	0.0	7.0E-4	3.0875E-8	3.312500000000003E-8	2.862499999999998E-8	2.4799045513704173E-4	4.0200954486295846E-4
44.0	2.7499999999999996E-4	2.0E-4	1.0E-4	5.0E-4	1.8875000000000002E-8	1.4715909090909087E-8	2.3958333333333344E-8	2.1478779193552188E-4	3.3521220806447807E-4
45.0	1.85E-4	2.0E-4	0.0	4.0E-4	1.3275E-8	1.3975E-8	1.2808333333333339E-8	1.3450384173028607E-4	2.3549615826971393E-4
46.0	2.0999999999999998E-4	2.0E-4	0.0	4.0E-4	1.2899999999999998E-8	9.02307692307692E-9	2.0100000000000005E-8	1.6022217361113484E-4	2.597778263888651E-4
47.0	2.3999999999999998E-4	2.0E-4	1.0E-4	5.0E-4	1.4400000000000002E-8	1.1418181818181812E-8	1.8044444444444453E-8	1.8740768116920492E-4	2.9259231883079504E-4
48.0	1.7999999999999998E-4	1.0E-4	0.0	6.0E-4	1.6599999999999996E-8	8.763636363636358E-9	2.6177777777777773E-8	1.235329476597193E-4	2.3646705234028068E-4
49.0	1.8999999999999998E-4	2.0E-4	0.0	5.0E-4	2.0900000000000002E-8	2.5599999999999994E-8	1.776666666666667E-8	1.2664013888904108E-4	2.533598611109589E-4
50.0	1.7E-4	2.0E-4	0.0	3.0E-4	1.1099999999999997E-8	1.8614285714285717E-8	7.0538461538461496E-9	1.238254615615922E-4	2.161745384384078E-4
51.0	1.0E-4	1.0E-4	0.0	4.0E-4	1.3000000000000002E-8	9.999999999999999E-9	2.8333333333333336E-8	5.002960876679071E-5	1.499703912332093E-4
52.0	1.7E-4	2.0E-4	0.0	4.0E-4	1.2099999999999999E-8	9.7E-9	1.4499999999999996E-8	1.2179037440510456E-4	2.1820962559489546E-4
53.0	1.25E-4	1.0E-4	0.0	3.0E-4	6.874999999999998E-9	5.624999999999999E-9	8.749999999999999E-9	8.866062741323127E-5	1.6133937258676874E-4
54.0	1.5500000000000003E-4	2.0E-4	0.0	6.0E-4	1.6474999999999997E-8	1.2358333333333336E-8	1.9843181818181807E-8	9.874595125682067E-5	2.1125404874317938E-4
55.0	9.500000000000002E-5	1.0E-4	0.0	3.0E-4	7.474999999999997E-9	9.025000000000003E-9	6.6403846153846135E-9	5.710807473880486E-5	1.328919252611952E-4
56.0	1.0E-4	1.0E-4	0.0	4.0E-4	1.1000000000000001E-8	9.999999999999999E-9	3.75E-8	5.4033925553730394E-5	1.459660744462696E-4
57.0	1.45E-4	1.0E-4	0.0	5.0E-4	2.2475E-8	1.3108333333333332E-8	3.6525000000000004E-8	7.929613405590201E-5	2.10703865944098E-4
58.0	1.3500000000000003E-4	2.0E-4	0.0	3.0E-4	1.0275000000000001E-8	1.2558333333333338E-8	8.406818181818178E-9	9.057453432995893E-5	1.7942546567004114E-4
59.0	1.1500000000000002E-4	1.0E-4	0.0	3.0E-4	1.2274999999999996E-8	8.89166666666667E-9	1.7349999999999987E-8	6.644300256399704E-5	1.63556997436003E-4
60.0	1.25E-4	1.0E-4	0.0	3.0E-4	6.874999999999998E-9	3.839285714285715E-9	1.3958333333333333E-8	8.866062741323127E-5	1.6133937258676874E-4
61.0	5.5E-5	0.0	0.0	3.0E-4	5.475000000000001E-9	3.0249999999999998E-9	8.469444444444445E-9	2.257103146876238E-5	8.742896853123762E-5
62.0	9.5E-5	1.0E-4	0.0	3.0E-4	1.0474999999999998E-8	9.025000000000001E-9	1.1441666666666663E-8	5.014425343392445E-5	1.3985574656607557E-4
63.0	7.500000000000001E-5	1.0E-4	0.0	2.0E-4	4.874999999999999E-9	5.625E-9	4.375E-9	4.439950980784786E-5	1.0560049019215216E-4
64.0	1.0000000000000002E-4	1.0E-4	0.0	2.0E-4	7.0000000000000015E-9	5.384615384615386E-9	9.999999999999999E-9	6.333175760961539E-5	1.3666824239038465E-4
65.0	9.000000000000002E-5	1.0E-4	0.0	4.0E-4	8.900000000000002E-9	8.100000000000001E-9	9.330769230769231E-9	4.86537547049312E-5	1.3134624529506883E-4
66.0	1.0E-4	1.0E-4	0.0	3.0E-4	6.999999999999999E-9	9.999999999999999E-9	1.6E-8	6.333175760961539E-5	1.3666824239038462E-4
67.0	4.5E-5	0.0	0.0	2.0E-4	4.475000000000001E-9	2.0250000000000003E-9	9.025E-9	1.5681780408762882E-5	7.431821959123712E-5
68.0	5.5E-5	0.0	0.0	3.0E-4	5.475E-9	3.0249999999999998E-9	8.469444444444445E-9	2.257103146876238E-5	8.742896853123762E-5
69.0	1.0000000000000002E-4	1.0E-4	0.0	3.0E-4	1.0000000000000004E-8	5.714285714285716E-9	1.9999999999999994E-8	5.617306764100414E-5	1.438269323589959E-4
70.0	5.5000000000000016E-5	0.0	0.0	2.0E-4	4.475E-9	3.025000000000002E-9	6.247222222222222E-9	2.5681780408762902E-5	8.431821959123712E-5
71.0	8.5E-5	1.0E-4	0.0	3.0E-4	8.275E-9	7.225000000000001E-9	8.974999999999998E-9	4.513194261065635E-5	1.2486805738934367E-4
72.0	4.000000000000001E-5	0.0	0.0	3.0E-4	6.399999999999998E-9	1.6000000000000009E-9	2.0799999999999998E-8	4.938454112803316E-6	7.506154588719671E-5
73.0	6.000000000000001E-5	1.0E-4	0.0	2.0E-4	4.400000000000001E-9	3.6E-9	5.1999999999999994E-9	3.092850193058501E-5	8.9071498069415E-5
74.0	4.500000000000001E-5	0.0	0.0	1.0E-4	2.475E-9	2.0250000000000003E-9	3.0249999999999994E-9	2.3196376447938763E-5	6.680362355206125E-5
75.0	6.500000000000001E-5	1.0E-4	0.0	3.0E-4	5.274999999999999E-9	4.225000000000001E-9	6.134090909090908E-9	3.316885173293305E-5	9.683114826706697E-5
76.0	6.000000000000001E-5	0.0	0.0	3.0E-4	6.4E-9	3.5999999999999996E-9	9.822222222222222E-9	2.4938454112803307E-5	9.506154588719671E-5
77.0	5.5E-5	0.0	0.0	2.0E-4	5.475000000000001E-9	3.025E-9	9.150000000000001E-9	2.257103146876238E-5	8.742896853123762E-5
78.0	7.000000000000001E-5	1.0E-4	0.0	2.0E-4	6.1E-9	4.9E-9	7.300000000000002E-9	3.577007157471697E-5	1.0422992842528305E-4
79.0	7.000000000000001E-5	1.0E-4	0.0	3.0E-4	7.099999999999997E-9	4.9E-9	9.299999999999999E-9	3.3070770384423145E-5	1.0692922961557687E-4
80.0	1.5000000000000002E-5	0.0	0.0	2.0E-4	2.2749999999999985E-9	2.25E-10	2.0725E-8	-5.904114427547498E-6	3.59041144275475E-5
81.0	5.5E-5	0.0	0.0	3.0E-4	5.475000000000002E-9	3.0249999999999998E-9	8.469444444444446E-9	2.2571031468762374E-5	8.742896853123762E-5
82.0	2.5E-5	0.0	0.0	2.0E-4	2.875E-9	6.250000000000001E-10	1.1874999999999999E-8	1.500425535767677E-6	4.8499574464232325E-5
83.0	5.000000000000001E-5	1.0E-4	0.0	1.0E-4	2.5000000000000013E-9	2.5000000000000013E-9	2.4999999999999996E-9	2.8086533820502066E-5	7.191346617949795E-5
84.0	3.0000000000000004E-5	0.0	0.0	2.0E-4	3.1000000000000005E-9	8.999999999999999E-10	9.7E-9	5.5981967879420916E-6	5.440180321205792E-5
85.0	2.0E-5	0.0	0.0	1.0E-4	1.6E-9	4.000000000000002E-10	6.400000000000001E-9	2.469227056401651E-6	3.7530772943598356E-5
86.0	3.0000000000000004E-5	0.0	0.0	1.0E-4	2.1E-9	8.999999999999999E-10	4.899999999999998E-9	9.915976498719192E-6	5.008402350128081E-5
87.0	2.5E-5	0.0	0.0	1.0E-4	1.8750000000000007E-9	6.250000000000001E-10	5.625000000000001E-9	6.022381603583657E-6	4.3977618396416345E-5
88.0	3.5000000000000004E-5	0.0	0.0	3.0E-4	5.274999999999999E-9	1.2249999999999998E-9	1.7425E-8	3.168851732933044E-6	6.683114826706697E-5
89.0	3.9999999999999996E-5	0.0	0.0	3.0E-4	5.4E-9	1.6E-9	1.4266666666666664E-8	7.793913618696232E-6	7.220608638130375E-5
90.0	2.5E-5	0.0	0.0	1.0E-4	1.8750000000000002E-9	6.250000000000001E-10	5.625000000000001E-9	6.02238160358366E-6	4.397761839641634E-5
91.0	3.5000000000000004E-5	0.0	0.0	2.0E-4	3.275E-9	1.2249999999999998E-9	8.058333333333333E-9	9.918891571543338E-6	6.0081108428456666E-5
92.0	2.5E-5	0.0	0.0	1.0E-4	1.8750000000000002E-9	6.250000000000001E-10	5.625000000000001E-9	6.02238160358366E-6	4.397761839641634E-5
93.0	3.5000000000000004E-5	0.0	0.0	1.0E-4	2.2749999999999997E-9	1.2249999999999998E-9	4.225000000000001E-9	1.4095885572452497E-5	5.5904114427547514E-5
94.0	1.5000000000000002E-5	0.0	0.0	1.0E-4	1.2750000000000003E-9	2.2499999999999997E-10	7.225000000000001E-9	-6.493450342178852E-7	3.064934503421789E-5
95.0	1.5000000000000002E-5	0.0	0.0	1.0E-4	1.2750000000000003E-9	2.2499999999999997E-10	7.225000000000001E-9	-6.493450342178852E-7	3.064934503421789E-5
96.0	1.5000000000000002E-5	0.0	0.0	2.0E-4	2.274999999999999E-9	2.25E-10	2.0725E-8	-5.904114427547502E-6	3.59041144275475E-5
97.0	1.5000000000000002E-5	0.0	0.0	1.0E-4	1.2750000000000003E-9	2.2499999999999997E-10	7.225000000000001E-9	-6.493450342178852E-7	3.064934503421789E-5
98.0	1.5000000000000002E-5	0.0	0.0	1.0E-4	1.2750000000000003E-9	2.2499999999999997E-10	7.225000000000001E-9	-6.493450342178852E-7	3.064934503421789E-5
99.0	3.5000000000000004E-5	0.0	0.0	2.0E-4	3.275E-9	1.2249999999999998E-9	8.058333333333333E-9	9.918891571543338E-6	6.0081108428456666E-5
100.0	5.0E-6	0.0	0.0	1.0E-4	4.750000000000002E-10	2.500000000000001E-11	9.025000000000001E-9	-4.551858457912785E-6	1.4551858457912785E-5
101.0	2.5E-5	0.0	0.0	1.0E-4	1.8750000000000002E-9	6.250000000000001E-10	5.625000000000001E-9	6.02238160358366E-6	4.397761839641634E-5
102.0	2.0E-5	0.0	0.0	1.0E-4	1.5999999999999994E-9	4.000000000000002E-10	6.400000000000001E-9	2.4692270564016545E-6	3.753077294359835E-5
103.0	3.0000000000000004E-5	0.0	0.0	2.0E-4	3.1000000000000005E-9	8.999999999999999E-10	9.7E-9	5.5981967879420916E-6	5.440180321205792E-5
104.0	2.5E-5	0.0	0.0	2.0E-4	2.875E-9	6.250000000000001E-10	1.1874999999999999E-8	1.500425535767677E-6	4.8499574464232325E-5
105.0	5.0E-6	0.0	0.0	1.0E-4	4.750000000000001E-10	2.500000000000001E-11	9.025000000000001E-9	-4.551858457912783E-6	1.4551858457912785E-5
106.0	5.0E-6	0.0	0.0	1.0E-4	4.750000000000002E-10	2.500000000000001E-11	9.025000000000001E-9	-4.551858457912785E-6	1.4551858457912785E-5
107.0	0.0	0.0	0.0	0.0	0.0	0.0	0.0	0.0	0.0
108.0	1.0E-5	0.0	0.0	1.0E-4	9.000000000000001E-10	1.0000000000000006E-10	8.100000000000001E-9	-3.148079707698762E-6	2.3148079707698764E-5
109.0	1.5000000000000002E-5	0.0	0.0	2.0E-4	2.2749999999999997E-9	2.25E-10	2.0725E-8	-5.904114427547505E-6	3.590411442754751E-5
110.0	2.0E-5	0.0	0.0	1.0E-4	1.5999999999999994E-9	4.000000000000002E-10	6.400000000000001E-9	2.4692270564016545E-6	3.753077294359835E-5
111.0	1.0E-5	0.0	0.0	1.0E-4	8.999999999999998E-10	1.0000000000000006E-10	8.100000000000001E-9	-3.1480797076987604E-6	2.3148079707698764E-5
112.0	2.5E-5	0.0	0.0	1.0E-4	1.8750000000000002E-9	6.250000000000001E-10	5.625000000000001E-9	6.02238160358366E-6	4.397761839641634E-5
113.0	5.0E-6	0.0	0.0	1.0E-4	4.750000000000002E-10	2.500000000000001E-11	9.025000000000001E-9	-4.551858457912785E-6	1.4551858457912785E-5
114.0	1.0E-5	0.0	0.0	1.0E-4	9.000000000000001E-10	1.0000000000000006E-10	8.100000000000001E-9	-3.148079707698762E-6	2.3148079707698764E-5
115.0	3.0000000000000004E-5	0.0	0.0	1.0E-4	2.0999999999999998E-9	8.999999999999999E-10	4.899999999999998E-9	9.915976498719195E-6	5.008402350128081E-5
116.0	3.0000000000000004E-5	0.0	0.0	3.0E-4	5.0999999999999985E-9	8.999999999999999E-10	2.189999999999999E-8	-1.2986900684357636E-6	6.129869006843577E-5
117.0	1.5000000000000002E-5	0.0	0.0	1.0E-4	1.2750000000000003E-9	2.2499999999999997E-10	7.225000000000001E-9	-6.493450342178852E-7	3.064934503421789E-5
118.0	1.0E-5	0.0	0.0	1.0E-4	9.000000000000006E-10	1.0000000000000006E-10	8.100000000000001E-9	-3.148079707698767E-6	2.314807970769877E-5
119.0	2.5E-5	0.0	0.0	1.0E-4	1.8750000000000002E-9	6.250000000000001E-10	5.625000000000001E-9	6.02238160358366E-6	4.397761839641634E-5
120.0	1.0E-5	0.0	0.0	1.0E-4	9.000000000000001E-10	1.0000000000000006E-10	8.100000000000001E-9	-3.148079707698762E-6	2.3148079707698764E-5
121.0	5.0E-6	0.0	0.0	1.0E-4	4.750000000000002E-10	2.500000000000001E-11	9.025000000000001E-9	-4.551858457912785E-6	1.4551858457912785E-5
122.0	5.0E-6	0.0	0.0	1.0E-4	4.750000000000002E-10	2.500000000000001E-11	9.025000000000001E-9	-4.551858457912785E-6	1.4551858457912785E-5
123.0	5.0E-6	0.0	0.0	1.0E-4	4.750000000000001E-10	2.500000000000001E-11	9.025000000000001E-9	-4.551858457912783E-6	1.4551858457912785E-5
124.0	0.0	0.0	0.0	0.0	0.0	0.0	0.0	0.0	0.0
125.0	0.0	0.0	0.0	0.0	0.0	0.0	0.0	0.0	0.0
126.0	0.0	0.0	0.0	0.0	0.0	0.0	0.0	0.0	0.0
127.0	0.0	0.0	0.0	0.0	0.0	0.0	0.0	0.0	0.0
128.0	1.5000000000000002E-5	0.0	0.0	2.0E-4	2.2749999999999972E-9	2.25E-10	2.0725E-8	-5.904114427547495E-6	3.59041144275475E-5
129.0	0.0	0.0	0.0	0.0	0.0	0.0	0.0	0.0	0.0
130.0	0.0	0.0	0.0	0.0	0.0	0.0	0.0	0.0	0.0
131.0	5.0E-6	0.0	0.0	1.0E-4	4.750000000000002E-10	2.500000000000001E-11	9.025000000000001E-9	-4.551858457912785E-6	1.4551858457912785E-5
132.0	5.0E-6	0.0	0.0	1.0E-4	4.750000000000001E-10	2.500000000000001E-11	9.025000000000001E-9	-4.551858457912783E-6	1.4551858457912785E-5
133.0	5.0E-6	0.0	0.0	1.0E-4	4.750000000000002E-10	2.500000000000001E-11	9.025000000000001E-9	-4.551858457912785E-6	1.4551858457912785E-5
134.0	5.0E-6	0.0	0.0	1.0E-4	4.750000000000003E-10	2.500000000000001E-11	9.025000000000001E-9	-4.551858457912786E-6	1.4551858457912788E-5
135.0	0.0	0.0	0.0	0.0	0.0	0.0	0.0	0.0	0.0
136.0	1.0E-5	0.0	0.0	1.0E-4	9.000000000000009E-10	1.0000000000000006E-10	8.100000000000001E-9	-3.148079707698767E-6	2.314807970769877E-5
137.0	1.0E-5	0.0	0.0	1.0E-4	9.000000000000001E-10	1.0000000000000006E-10	8.100000000000001E-9	-3.148079707698762E-6	2.3148079707698764E-5
138.0	0.0	0.0	0.0	0.0	0.0	0.0	0.0	0.0	0.0
139.0	0.0	0.0	0.0	0.0	0.0	0.0	0.0	0.0	0.0
140.0	1.0E-5	0.0	0.0	1.0E-4	8.999999999999995E-10	1.0000000000000006E-10	8.100000000000001E-9	-3.148079707698757E-6	2.3148079707698757E-5
141.0	5.0E-6	0.0	0.0	1.0E-4	4.750000000000001E-10	2.500000000000001E-11	9.025000000000001E-9	-4.551858457912783E-6	1.4551858457912785E-5
142.0	0.0	0.0	0.0	0.0	0.0	0.0	0.0	0.0	0.0
143.0	2.0E-5	0.0	0.0	1.0E-4	1.6E-9	4.000000000000002E-10	6.400000000000001E-9	2.469227056401651E-6	3.7530772943598356E-5
144.0	0.0	0.0	0.0	0.0	0.0	0.0	0.0	0.0	0.0
145.0	0.0	0.0	0.0	0.0	0.0	0.0	0.0	0.0	0.0
146.0	1.0E-5	0.0	0.0	1.0E-4	9.000000000000001E-10	1.0000000000000006E-10	8.100000000000001E-9	-3.148079707698762E-6	2.3148079707698764E-5
147.0	1.0E-5	0.0	0.0	1.0E-4	9.000000000000001E-10	1.0000000000000006E-10	8.100000000000001E-9	-3.148079707698762E-6	2.3148079707698764E-5
148.0	0.0	0.0	0.0	0.0	0.0	0.0	0.0	0.0	0.0
149.0	0.0	0.0	0.0	0.0	0.0	0.0	0.0	0.0	0.0
150.0	5.0E-6	0.0	0.0	1.0E-4	4.750000000000001E-10	2.500000000000001E-11	9.025000000000001E-9	-4.551858457912783E-6	1.4551858457912785E-5
151.0	0.0	0.0	0.0	0.0	0.0	0.0	0.0	0.0	0.0
152.0	0.0	0.0	0.0	0.0	0.0	0.0	0.0	0.0	0.0
153.0	0.0	0.0	0.0	0.0	0.0	0.0	0.0	0.0	0.0
154.0	0.0	0.0	0.0	0.0	0.0	0.0	0.0	0.0	0.0
155.0	0.0	0.0	0.0	0.0	0.0	0.0	0.0	0.0	0.0
156.0	5.0E-6	0.0	0.0	1.0E-4	4.750000000000002E-10	2.500000000000001E-11	9.025000000000001E-9	-4.551858457912785E-6	1.4551858457912785E-5
157.0	0.0	0.0	0.0	0.0	0.0	0.0	0.0	0.0	0.0
158.0	0.0	0.0	0.0	0.0	0.0	0.0	0.0	0.0	0.0
159.0	0.0	0.0	0.0	0.0	0.0	0.0	0.0	0.0	0.0
160.0	0.0	0.0	0.0	0.0	0.0	0.0	0.0	0.0	0.0
161.0	0.0	0.0	0.0	0.0	0.0	0.0	0.0	0.0	0.0
162.0	5.0E-6	0.0	0.0	1.0E-4	4.750000000000001E-10	2.500000000000001E-11	9.025000000000001E-9	-4.551858457912783E-6	1.4551858457912785E-5
163.0	0.0	0.0	0.0	0.0	0.0	0.0	0.0	0.0	0.0
164.0	0.0	0.0	0.0	0.0	0.0	0.0	0.0	0.0	0.0
165.0	0.0	0.0	0.0	0.0	0.0	0.0	0.0	0.0	0.0
166.0	0.0	0.0	0.0	0.0	0.0	0.0	0.0	0.0	0.0
167.0	0.0	0.0	0.0	0.0	0.0	0.0	0.0	0.0	0.0
168.0	0.0	0.0	0.0	0.0	0.0	0.0	0.0	0.0	0.0
169.0	0.0	0.0	0.0	0.0	0.0	0.0	0.0	0.0	0.0
170.0	0.0	0.0	0.0	0.0	0.0	0.0	0.0	0.0	0.0
171.0	0.0	0.0	0.0	0.0	0.0	0.0	0.0	0.0	0.0
172.0	0.0	0.0	0.0	0.0	0.0	0.0	0.0	0.0	0.0
173.0	0.0	0.0	0.0	0.0	0.0	0.0	0.0	0.0	0.0
174.0	0.0	0.0	0.0	0.0	0.0	0.0	0.0	0.0	0.0
175.0	5.0E-6	0.0	0.0	1.0E-4	4.750000000000003E-10	2.500000000000001E-11	9.025000000000001E-9	-4.551858457912786E-6	1.4551858457912788E-5
176.0	0.0	0.0	0.0	0.0	0.0	0.0	0.0	0.0	0.0
177.0	0.0	0.0	0.0	0.0	0.0	0.0	0.0	0.0	0.0
178.0	0.0	0.0	0.0	0.0	0.0	0.0	0.0	0.0	0.0
179.0	0.0	0.0	0.0	0.0	0.0	0.0	0.0	0.0	0.0
180.0	0.0	0.0	0.0	0.0	0.0	0.0	0.0	0.0	0.0
181.0	0.0	0.0	0.0	0.0	0.0	0.0	0.0	0.0	0.0
182.0	0.0	0.0	0.0	0.0	0.0	0.0	0.0	0.0	0.0
183.0	0.0	0.0	0.0	0.0	0.0	0.0	0.0	0.0	0.0
184.0	0.0	0.0	0.0	0.0	0.0	0.0	0.0	0.0	0.0
185.0	0.0	0.0	0.0	0.0	0.0	0.0	0.0	0.0	0.0
186.0	0.0	0.0	0.0	0.0	0.0	0.0	0.0	0.0	0.0
187.0	0.0	0.0	0.0	0.0	0.0	0.0	0.0	0.0	0.0
188.0	0.0	0.0	0.0	0.0	0.0	0.0	0.0	0.0	0.0
189.0	0.0	0.0	0.0	0.0	0.0	0.0	0.0	0.0	0.0
190.0	0.0	0.0	0.0	0.0	0.0	0.0	0.0	0.0	0.0
191.0	0.0	0.0	0.0	0.0	0.0	0.0	0.0	0.0	0.0
192.0	0.0	0.0	0.0	0.0	0.0	0.0	0.0	0.0	0.0
193.0	0.0	0.0	0.0	0.0	0.0	0.0	0.0	0.0	0.0
194.0	0.0	0.0	0.0	0.0	0.0	0.0	0.0	0.0	0.0
195.0	0.0	0.0	0.0	0.0	0.0	0.0	0.0	0.0	0.0
196.0	0.0	0.0	0.0	0.0	0.0	0.0	0.0	0.0	0.0
197.0	0.0	0.0	0.0	0.0	0.0	0.0	0.0	0.0	0.0
198.0	0.0	0.0	0.0	0.0	0.0	0.0	0.0	0.0	0.0
199.0	0.0	0.0	0.0	0.0	0.0	0.0	0.0	0.0	0.0
200.0	0.0	0.0	0.0	0.0	0.0	0.0	0.0	0.0	0.0
201.0	0.0	0.0	0.0	0.0	0.0	0.0	0.0	0.0	0.0
202.0	0.0	0.0	0.0	0.0	0.0	0.0	0.0	0.0	0.0
203.0	5.0E-6	0.0	0.0	1.0E-4	4.750000000000001E-10	2.500000000000001E-11	9.025000000000001E-9	-4.551858457912783E-6	1.4551858457912785E-5
