0.0	0.0	0.0	0.0	0.0	0.0	0.0	0.0	0.0	0.0
1.0	0.0	0.0	0.0	0.0	0.0	0.0	0.0	0.0	0.0
2.0	0.026018099547511313	0.0196078431372549	0.019230769230769232	0.0392156862745098	8.711184516348211E-5	4.357962003689979E-5	1.7417629541664672E-4	0.015456394123669434	0.03657980497135319
3.0	0.1430367018602313	0.13725490196078433	0.11538461538461539	0.17647058823529413	6.386306182242658E-4	3.990335482660924E-4	0.0011178247581406125	0.11443971260745422	0.17163369111300836
4.0	0.22724987430869784	0.23076923076923078	0.17647058823529413	0.27450980392156865	0.0016081409036781235	0.0025785358941245715	0.0011229434084548994	0.18187060556341475	0.2726291430539809
5.0	0.10369532428355958	0.09803921568627451	0.0784313725490196	0.1346153846153846	5.421029842110491E-4	3.351294108547238E-4	9.560501309236995E-4	0.07734801054227426	0.1300426380248449
6.0	0.08446455505279034	0.07692307692307693	0.058823529411764705	0.11764705882352941	6.051382149332641E-4	3.571680441523398E-4	0.0011010785564951127	0.056627535537478076	0.11230157456810261
7.0	0.025892408245349424	0.0196078431372549	0.0196078431372549	0.038461538461538464	7.899151719575819E-5	3.949575859787911E-5	1.5798303439151635E-4	0.015835009435530775	0.03594980705516807
8.0	0.05819507290095525	0.0784313725490196	0.0	0.09615384615384616	0.0017456809334193775	0.003386666509947496	9.251881451553181E-4	0.010915028224496234	0.10547511757741426
9.0	0.026018099547511313	0.019230769230769232	0.0	0.058823529411764705	5.997351951570741E-4	3.6150467844638725E-4	0.001076196228578448	-0.001694368920162316	0.05373056801518494
10.0	0.038838612368024134	0.0392156862745098	0.0196078431372549	0.057692307692307696	2.4180883243965493E-4	3.6982248520710064E-4	1.778020060559321E-4	0.021241900452629463	0.056435324283418804
11.0	0.032428355957767725	0.038461538461538464	0.0	0.058823529411764705	5.949009143046939E-4	0.0010515982701236894	3.6655223639519614E-4	0.0048278043183957765	0.06002890759713968
12.0	0.038838612368024134	0.0392156862745098	0.0196078431372549	0.057692307692307696	2.4180883243965493E-4	3.6982248520710064E-4	1.778020060559321E-4	0.021241900452629463	0.056435324283418804
13.0	0.026143790849673203	0.0196078431372549	0.0	0.058823529411764705	5.980605749925242E-4	3.631082062454612E-4	0.0010679653124866502	-0.0015299602807830187	0.053817541980129426
14.0	0.012946204122674712	0.019230769230769232	0.0	0.0196078431372549	8.382579804813858E-5	1.676042011859597E-4	4.1936596479228E-5	0.0025856187823616594	0.023306789462987764
15.0	0.006535947712418301	0.0	0.0	0.0196078431372549	8.543722499893203E-5	4.271861249946602E-5	1.7087444999786404E-4	-0.003923747049793092	0.016995642474629695
16.0	0.012946204122674712	0.019230769230769232	0.0	0.0196078431372549	8.382579804813858E-5	1.676042011859597E-4	4.1936596479228E-5	0.0025856187823616594	0.023306789462987764
17.0	0.012946204122674712	0.019230769230769232	0.0	0.0196078431372549	8.382579804813858E-5	1.676042011859597E-4	4.1936596479228E-5	0.0025856187823616594	0.023306789462987764
18.0	0.0	0.0	0.0	0.0	0.0	0.0	0.0	0.0	0.0
19.0	0.013071895424836602	0.0196078431372549	0.0	0.0196078431372549	8.543722499893203E-5	1.708744499978641E-4	4.271861249946601E-5	0.0026122006626252085	0.023531590187047993
20.0	0.006535947712418301	0.0	0.0	0.0196078431372549	8.543722499893203E-5	4.271861249946602E-5	1.7087444999786404E-4	-0.003923747049793092	0.016995642474629695
21.0	0.006535947712418301	0.0	0.0	0.0196078431372549	8.543722499893203E-5	4.271861249946602E-5	1.7087444999786404E-4	-0.003923747049793092	0.016995642474629695
22.0	0.012946204122674712	0.019230769230769232	0.0	0.0196078431372549	8.382579804813858E-5	1.676042011859597E-4	4.1936596479228E-5	0.0025856187823616594	0.023306789462987764
23.0	0.0	0.0	0.0	0.0	0.0	0.0	0.0	0.0	0.0
24.0	0.0	0.0	0.0	0.0	0.0	0.0	0.0	0.0	0.0
25.0	0.0	0.0	0.0	0.0	0.0	0.0	0.0	0.0	0.0
26.0	0.0	0.0	0.0	0.0	0.0	0.0	0.0	0.0	0.0
27.0	0.0	0.0	0.0	0.0	0.0	0.0	0.0	0.0	0.0
28.0	0.0	0.0	0.0	0.0	0.0	0.0	0.0	0.0	0.0
29.0	0.0	0.0	0.0	0.0	0.0	0.0	0.0	0.0	0.0
30.0	0.0	0.0	0.0	0.0	0.0	0.0	0.0	0.0	0.0
31.0	0.0	0.0	0.0	0.0	0.0	0.0	0.0	0.0	0.0
32.0	0.013071895424836602	0.0	0.0	0.0392156862745098	3.417488999957281E-4	1.708744499978641E-4	6.834977999914561E-4	-0.007847494099586185	0.03399128494925939
33.0	0.006535947712418301	0.0	0.0	0.0196078431372549	8.543722499893203E-5	4.271861249946602E-5	1.7087444999786404E-4	-0.003923747049793092	0.016995642474629695
34.0	0.0	0.0	0.0	0.0	0.0	0.0	0.0	0.0	0.0
35.0	0.0	0.0	0.0	0.0	0.0	0.0	0.0	0.0	0.0
36.0	0.006535947712418301	0.0	0.0	0.0196078431372549	8.543722499893203E-5	4.271861249946602E-5	1.7087444999786404E-4	-0.003923747049793092	0.016995642474629695
37.0	0.006535947712418301	0.0	0.0	0.0196078431372549	8.543722499893203E-5	4.271861249946602E-5	1.7087444999786404E-4	-0.003923747049793092	0.016995642474629695
38.0	0.0	0.0	0.0	0.0	0.0	0.0	0.0	0.0	0.0
39.0	0.0	0.0	0.0	0.0	0.0	0.0	0.0	0.0	0.0
40.0	0.0	0.0	0.0	0.0	0.0	0.0	0.0	0.0	0.0
41.0	0.0	0.0	0.0	0.0	0.0	0.0	0.0	0.0	0.0
42.0	0.0	0.0	0.0	0.0	0.0	0.0	0.0	0.0	0.0
43.0	0.0	0.0	0.0	0.0	0.0	0.0	0.0	0.0	0.0
44.0	0.0	0.0	0.0	0.0	0.0	0.0	0.0	0.0	0.0
45.0	0.006410256410256411	0.0	0.0	0.019230769230769232	8.21827744904668E-5	4.109138724523341E-5	1.6436554898093358E-4	-0.0038482903757586116	0.016668803196271433
46.0	0.0	0.0	0.0	0.0	0.0	0.0	0.0	0.0	0.0
47.0	0.012946204122674712	0.019230769230769232	0.0	0.0196078431372549	8.382579804813858E-5	1.676042011859597E-4	4.1936596479228E-5	0.0025856187823616594	0.023306789462987764
48.0	0.0	0.0	0.0	0.0	0.0	0.0	0.0	0.0	0.0
49.0	0.0	0.0	0.0	0.0	0.0	0.0	0.0	0.0	0.0
50.0	0.0	0.0	0.0	0.0	0.0	0.0	0.0	0.0	0.0
51.0	0.0	0.0	0.0	0.0	0.0	0.0	0.0	0.0	0.0
52.0	0.006535947712418301	0.0	0.0	0.0196078431372549	8.543722499893203E-5	4.271861249946602E-5	1.7087444999786404E-4	-0.003923747049793092	0.016995642474629695
53.0	0.0	0.0	0.0	0.0	0.0	0.0	0.0	0.0	0.0
54.0	0.0	0.0	0.0	0.0	0.0	0.0	0.0	0.0	0.0
55.0	0.006535947712418301	0.0	0.0	0.0196078431372549	8.543722499893203E-5	4.271861249946602E-5	1.7087444999786404E-4	-0.003923747049793092	0.016995642474629695
56.0	0.0	0.0	0.0	0.0	0.0	0.0	0.0	0.0	0.0
57.0	0.0	0.0	0.0	0.0	0.0	0.0	0.0	0.0	0.0
58.0	0.0	0.0	0.0	0.0	0.0	0.0	0.0	0.0	0.0
59.0	0.0	0.0	0.0	0.0	0.0	0.0	0.0	0.0	0.0
60.0	0.0	0.0	0.0	0.0	0.0	0.0	0.0	0.0	0.0
61.0	0.006535947712418301	0.0	0.0	0.0196078431372549	8.543722499893203E-5	4.271861249946602E-5	1.7087444999786404E-4	-0.003923747049793092	0.016995642474629695
62.0	0.0	0.0	0.0	0.0	0.0	0.0	0.0	0.0	0.0
63.0	0.0	0.0	0.0	0.0	0.0	0.0	0.0	0.0	0.0
64.0	0.0	0.0	0.0	0.0	0.0	0.0	0.0	0.0	0.0
65.0	0.0	0.0	0.0	0.0	0.0	0.0	0.0	0.0	0.0
66.0	0.0	0.0	0.0	0.0	0.0	0.0	0.0	0.0	0.0
67.0	0.0	0.0	0.0	0.0	0.0	0.0	0.0	0.0	0.0
68.0	0.0	0.0	0.0	0.0	0.0	0.0	0.0	0.0	0.0
69.0	0.006535947712418301	0.0	0.0	0.0196078431372549	8.543722499893203E-5	4.271861249946602E-5	1.7087444999786404E-4	-0.003923747049793092	0.016995642474629695
70.0	0.0	0.0	0.0	0.0	0.0	0.0	0.0	0.0	0.0
71.0	0.0	0.0	0.0	0.0	0.0	0.0	0.0	0.0	0.0
72.0	0.0	0.0	0.0	0.0	0.0	0.0	0.0	0.0	0.0
73.0	0.0	0.0	0.0	0.0	0.0	0.0	0.0	0.0	0.0
74.0	0.0	0.0	0.0	0.0	0.0	0.0	0.0	0.0	0.0
75.0	0.0	0.0	0.0	0.0	0.0	0.0	0.0	0.0	0.0
76.0	0.0	0.0	0.0	0.0	0.0	0.0	0.0	0.0	0.0
77.0	0.0	0.0	0.0	0.0	0.0	0.0	0.0	0.0	0.0
78.0	0.0	0.0	0.0	0.0	0.0	0.0	0.0	0.0	0.0
79.0	0.0	0.0	0.0	0.0	0.0	0.0	0.0	0.0	0.0
80.0	0.0	0.0	0.0	0.0	0.0	0.0	0.0	0.0	0.0
81.0	0.0	0.0	0.0	0.0	0.0	0.0	0.0	0.0	0.0
82.0	0.0	0.0	0.0	0.0	0.0	0.0	0.0	0.0	0.0
83.0	0.0	0.0	0.0	0.0	0.0	0.0	0.0	0.0	0.0
84.0	0.0	0.0	0.0	0.0	0.0	0.0	0.0	0.0	0.0
85.0	0.0	0.0	0.0	0.0	0.0	0.0	0.0	0.0	0.0
86.0	0.0	0.0	0.0	0.0	0.0	0.0	0.0	0.0	0.0
87.0	0.0	0.0	0.0	0.0	0.0	0.0	0.0	0.0	0.0
88.0	0.0	0.0	0.0	0.0	0.0	0.0	0.0	0.0	0.0
89.0	0.0	0.0	0.0	0.0	0.0	0.0	0.0	0.0	0.0
90.0	0.0	0.0	0.0	0.0	0.0	0.0	0.0	0.0	0.0
91.0	0.0	0.0	0.0	0.0	0.0	0.0	0.0	0.0	0.0
92.0	0.006535947712418301	0.0	0.0	0.0196078431372549	8.543722499893203E-5	4.271861249946602E-5	1.7087444999786404E-4	-0.003923747049793092	0.016995642474629695
