0.0	0.0019999999999999996	0.0017	0.0011	0.0061	1.0950000000000003E-6	2.976923076923073E-7	2.575714285714287E-6	0.001541385128893534	0.002458614871106465
1.0	0.003475	0.0034	0.0022	0.0048	4.788749999999999E-7	3.1216346153846135E-7	7.884821428571429E-7	0.003171714144741302	0.0037782858552586978
2.0	0.07811500000000002	0.0783	0.0726	0.0816	5.068275000000003E-6	6.279558333333404E-6	4.077224999999949E-6	0.07712833173660041	0.07910166826339962
3.0	0.2784	0.2785	0.2668	0.2947	4.331500000000001E-5	3.792299999999978E-5	4.870700000000024E-5	0.2755155684788853	0.28128443152111465
4.0	0.25612	0.2563	0.2437	0.2718	3.2894599999999975E-5	2.76612000000001E-5	3.812799999999984E-5	0.2536063582657825	0.25863364173421755
5.0	0.147315	0.1471	0.1419	0.1548	1.462327499999999E-5	1.1688770454545444E-5	1.8209891666666648E-5	0.14563904097245786	0.14899095902754214
6.0	0.07787499999999999	0.0776	0.0697	0.0848	1.1019874999999998E-5	9.33812499999994E-6	1.3542500000000086E-5	0.07642011251637797	0.079329887483622
7.0	0.03929999999999999	0.0398	0.0328	0.0437	5.205E-6	8.984285714285651E-6	3.1700000000000344E-6	0.03830011180625031	0.04029988819374967
8.0	0.02388	0.0239	0.0212	0.0266	2.1836E-6	2.132199999999997E-6	2.235000000000003E-6	0.023232369018653366	0.02452763098134663
9.0	0.015940000000000003	0.0162	0.0116	0.0181	2.617400000000001E-6	4.901028571428582E-6	1.3877538461538408E-6	0.015230951206192412	0.016649048793807596
10.0	0.01178	0.0121	0.0088	0.0142	1.7316E-6	1.9046000000000004E-6	1.5585999999999994E-6	0.011203280199750348	0.012356719800249653
11.0	0.00863	0.0084	0.007	0.0108	1.2191000000000003E-6	7.199769230769241E-7	2.146042857142856E-6	0.008146094298442352	0.009113905701557649
12.0	0.006665000000000002	0.0067	0.005	0.008	7.08275E-7	7.328250000000021E-7	6.837249999999977E-7	0.006296156588780552	0.007033843411219451
13.0	0.005210000000000001	0.0052	0.003	0.0066	5.359E-7	5.815545454545464E-7	4.800999999999986E-7	0.004889164104252658	0.005530835895747344
14.0	0.004105	0.004	0.003	0.0052	3.8147499999999986E-7	3.3647954545454556E-7	4.3646944444444405E-7	0.0038343088143289483	0.0043756911856710524
15.0	0.003595	0.0037	0.0026	0.0045	2.55475E-7	2.518250000000001E-7	2.5912499999999983E-7	0.0033734788091400736	0.0038165211908599266
16.0	0.0028949999999999996	0.0029	0.002	0.0041	3.764750000000001E-7	3.1102499999999965E-7	4.419250000000006E-7	0.002626088642857911	0.003163911357142088
17.0	0.002795	0.003	0.0016	0.0035	2.82475E-7	4.379000000000002E-7	1.788583333333332E-7	0.0025620669667050207	0.0030279330332949796
18.0	0.00236	0.0023	0.0014	0.0032	1.9339999999999992E-7	1.579636363636364E-7	2.3671111111111102E-7	0.0021672611300230286	0.0025527388699769717
19.0	0.0019099999999999998	0.0018	0.0013	0.003	2.4590000000000005E-7	1.259461538461537E-7	4.6867142857142883E-7	0.0016926696707774084	0.0021273303292225912
20.0	0.0017700000000000003	0.0018	0.001	0.0025	1.681E-7	2.2190000000000029E-7	1.322333333333332E-7	0.0015903095773281172	0.0019496904226718834
21.0	0.0016	0.0015	9.0E-4	0.0025	1.88E-7	1.5818181818181822E-7	2.2444444444444437E-7	0.00140997094958928	0.0017900290504107201
22.0	0.0014400000000000003	0.0015	8.0E-4	0.0022	1.454E-7	1.2800000000000022E-7	1.6279999999999982E-7	0.0012728819818212294	0.0016071180181787713
23.0	0.00132	0.0013	6.0E-4	0.002	1.386E-7	1.2803636363636364E-7	1.5151111111111115E-7	0.0011568366217559836	0.0014831633782440164
24.0	0.0013999999999999998	0.0015	6.0E-4	0.0021	1.51E-7	2.933333333333331E-7	9.000000000000008E-8	0.0012296941574695686	0.001570305842530431
25.0	0.001055	0.0011	5.0E-4	0.002	1.3447500000000002E-7	1.1732499999999997E-7	1.5162500000000006E-7	8.942829878326504E-4	0.0012157170121673496
26.0	9.9E-4	0.001	3.0E-4	0.0016	7.490000000000003E-8	1.521E-7	4.1814285714285727E-8	8.700550459585731E-4	0.0011099449540414269
27.0	8.950000000000002E-4	9.0E-4	4.0E-4	0.0014	7.2475E-8	9.365000000000007E-8	5.8358333333333255E-8	7.770127210246802E-4	0.0010129872789753202
28.0	7.05E-4	7.0E-4	2.0E-4	0.0011	5.947500000000001E-8	4.53326923076923E-8	8.573928571428572E-8	5.981170827493935E-4	8.118829172506065E-4
29.0	8.049999999999999E-4	7.0E-4	4.0E-4	0.0014	8.347500000000001E-8	5.7025000000000016E-8	1.2315000000000001E-7	6.783750498519347E-4	9.316249501480652E-4
30.0	6.45E-4	7.0E-4	1.0E-4	0.0011	8.5475E-8	9.6125E-8	7.482500000000004E-8	5.168671080479333E-4	7.731328919520666E-4
31.0	6.149999999999999E-4	6.0E-4	2.0E-4	0.0012	5.927499999999999E-8	4.139166666666663E-8	8.610000000000006E-8	5.082969447485217E-4	7.217030552514781E-4
32.0	5.549999999999998E-4	5.0E-4	3.0E-4	0.0011	3.2475000000000005E-8	2.011590909090905E-8	4.758055555555561E-8	4.7602026842284137E-4	6.339797315771582E-4
33.0	5.05E-4	5.0E-4	1.0E-4	9.0E-4	3.5475E-8	2.6409615384615393E-8	5.231071428571428E-8	4.2245281349434136E-4	5.875471865056587E-4
34.0	6.200000000000001E-4	6.0E-4	3.0E-4	0.001	3.7600000000000006E-8	2.8400000000000033E-8	5.139999999999997E-8	5.350164251163792E-4	7.04983574883621E-4
35.0	5.4E-4	5.0E-4	2.0E-4	0.001	6.140000000000001E-8	5.3054545454545466E-8	7.16E-8	4.314011418107907E-4	6.485988581892094E-4
36.0	3.8500000000000003E-4	4.0E-4	2.0E-4	8.0E-4	2.6275E-8	2.222500000000001E-8	2.9588636363636357E-8	3.1395844877819747E-4	4.560415512218026E-4
37.0	5.2E-4	5.0E-4	1.0E-4	0.001	6.559999999999999E-8	5.3066666666666646E-8	8.440000000000003E-8	4.077482828639134E-4	6.322517171360865E-4
38.0	4.0999999999999994E-4	4.0E-4	1.0E-4	8.0E-4	2.49E-8	2.1766666666666656E-8	2.9600000000000027E-8	3.4084226724364074E-4	4.7915773275635914E-4
39.0	4.55E-4	5.0E-4	1.0E-4	7.0E-4	2.9475E-8	2.9925000000000005E-8	2.9024999999999994E-8	3.7975667471463E-4	5.302433252853699E-4
40.0	3.5000000000000005E-4	4.0E-4	0.0	7.0E-4	3.249999999999999E-8	3.2500000000000026E-8	3.249999999999998E-8	2.709898740666743E-4	4.290101259333258E-4
41.0	4.0999999999999994E-4	4.0E-4	1.0E-4	7.0E-4	3.6899999999999986E-8	3.464545454545453E-8	3.965555555555558E-8	3.2581121214793503E-4	4.941887878520648E-4
42.0	3.65E-4	4.0E-4	1.0E-4	7.0E-4	3.0275000000000005E-8	2.8924999999999993E-8	3.1625E-8	2.8874239710035464E-4	4.412576028996453E-4
43.0	2.5499999999999996E-4	3.0E-4	0.0	8.0E-4	4.0475E-8	3.002499999999999E-8	5.0925000000000014E-8	1.6682722642447951E-4	3.431727735755204E-4
44.0	3.0999999999999995E-4	3.0E-4	1.0E-4	6.0E-4	2.5900000000000007E-8	1.8099999999999983E-8	3.760000000000001E-8	2.3946722747544935E-4	3.8053277252455056E-4
45.0	3.0499999999999993E-4	3.0E-4	0.0	7.0E-4	2.7475E-8	1.7871153846153834E-8	4.531071428571431E-8	2.323542981312727E-4	3.7764570186872717E-4
46.0	2.6000000000000003E-4	2.0E-4	0.0	8.0E-4	4.539999999999999E-8	3.287272727272728E-8	6.071111111111111E-8	1.6661674668335874E-4	3.533832533166413E-4
47.0	2.7499999999999996E-4	3.0E-4	0.0	7.0E-4	3.387499999999999E-8	2.9624999999999992E-8	3.812500000000001E-8	1.9433581959754377E-4	3.5566418040245616E-4
48.0	3.0000000000000003E-4	3.0E-4	0.0	8.0E-4	3.3000000000000004E-8	2.333333333333334E-8	4.7499999999999995E-8	2.2038442363456762E-4	3.796155763654324E-4
49.0	2.8E-4	3.0E-4	0.0	8.0E-4	3.76E-8	2.8599999999999995E-8	4.66E-8	1.950164251163791E-4	3.649835748836209E-4
50.0	1.95E-4	2.0E-4	0.0	6.0E-4	2.2475E-8	1.546944444444444E-8	2.8206818181818187E-8	1.29296134055902E-4	2.60703865944098E-4
51.0	1.8E-4	2.0E-4	0.0	7.0E-4	2.76E-8	2.0844444444444445E-8	3.312727272727271E-8	1.0718923156565372E-4	2.5281076843434633E-4
52.0	2.3E-4	2.0E-4	0.0	5.0E-4	2.1100000000000004E-8	1.3823076923076922E-8	3.4614285714285715E-8	1.663377034658661E-4	2.936622965341339E-4
53.0	2.4999999999999995E-4	3.0E-4	0.0	7.0E-4	2.849999999999999E-8	2.249999999999999E-8	3.450000000000001E-8	1.7601162253434662E-4	3.239883774656533E-4
54.0	1.9499999999999997E-4	2.0E-4	0.0	6.0E-4	2.8474999999999995E-8	2.0624999999999994E-8	3.632500000000001E-8	1.2104408069667443E-4	2.689559193033255E-4
55.0	2.15E-4	2.0E-4	0.0	5.0E-4	1.6274999999999995E-8	1.1641666666666665E-8	2.3225E-8	1.59088444843664E-4	2.70911555156336E-4
56.0	1.4E-4	1.0E-4	0.0	4.0E-4	1.3399999999999996E-8	9.1E-9	1.985E-8	8.926665790626444E-5	1.9073334209373553E-4
57.0	1.85E-4	1.0E-4	0.0	4.0E-4	1.6275E-8	1.2134090909090906E-8	2.1336111111111108E-8	1.2908844484366404E-4	2.4091155515633595E-4
58.0	1.9E-4	2.0E-4	0.0	5.0E-4	1.79E-8	1.8600000000000004E-8	1.7433333333333334E-8	1.3136356081752578E-4	2.4863643918247424E-4
59.0	1.5000000000000001E-4	1.0E-4	0.0	4.0E-4	1.8499999999999994E-8	1.0192307692307695E-8	3.392857142857142E-8	9.038892720307748E-5	2.0961107279692255E-4
60.0	1.7E-4	2.0E-4	0.0	3.0E-4	1.0099999999999994E-8	1.39E-8	7.566666666666663E-9	1.2595447809368135E-4	2.1404552190631867E-4
61.0	1.3499999999999997E-4	1.0E-4	0.0	3.0E-4	1.3275E-8	9.724999999999996E-9	1.8600000000000004E-8	8.450384173028604E-5	1.854961582697139E-4
62.0	1.7E-4	2.0E-4	0.0	5.0E-4	1.7099999999999998E-8	1.5566666666666667E-8	1.8354545454545446E-8	1.1268884925252332E-4	2.273111507474767E-4
63.0	1.6999999999999996E-4	2.0E-4	0.0	4.0E-4	1.6100000000000002E-8	1.4499999999999991E-8	1.7700000000000006E-8	1.1438985704028442E-4	2.256101429597155E-4
64.0	1.3499999999999997E-4	1.0E-4	0.0	3.0E-4	1.1274999999999997E-8	8.30833333333333E-9	1.5725000000000003E-8	8.846289652331162E-5	1.8153710347668833E-4
65.0	1.9E-4	2.0E-4	0.0	6.0E-4	3.389999999999999E-8	2.7700000000000007E-8	4.0099999999999995E-8	1.0930605970706353E-4	2.706939402929365E-4
66.0	1.1E-4	1.0E-4	0.0	4.0E-4	1.4900000000000004E-8	6.957142857142855E-9	3.3433333333333335E-8	5.650241126929177E-5	1.6349758873070825E-4
67.0	9.500000000000002E-5	1.0E-4	0.0	4.0E-4	1.1474999999999999E-8	9.025000000000003E-9	1.3108333333333332E-8	4.805196489734637E-5	1.4194803510265367E-4
68.0	1.5E-4	1.0E-4	0.0	3.0E-4	1.05E-8	7.5E-9	1.5E-8	1.0509075818943276E-4	1.9490924181056723E-4
69.0	1.35E-4	1.0E-4	0.0	6.0E-4	2.127499999999999E-8	6.8916666666666655E-9	6.4425E-8	7.107424619138232E-5	1.9892575380861768E-4
70.0	1.0500000000000002E-4	1.0E-4	0.0	5.0E-4	1.2475000000000003E-8	4.150000000000003E-9	4.5775E-8	5.6049024524530686E-5	1.5395097547546936E-4
71.0	9.5E-5	1.0E-4	0.0	4.0E-4	1.1474999999999999E-8	9.025000000000001E-9	1.3108333333333337E-8	4.8051964897346354E-5	1.4194803510265367E-4
72.0	8.000000000000002E-5	1.0E-4	0.0	3.0E-4	6.5999999999999995E-9	6.4000000000000035E-9	6.733333333333332E-9	4.4394831835813524E-5	1.1560516816418652E-4
73.0	1.0499999999999999E-4	1.0E-4	0.0	4.0E-4	1.5474999999999998E-8	6.624999999999998E-9	4.2024999999999994E-8	5.047993030085159E-5	1.5952006969914838E-4
74.0	9.000000000000002E-5	1.0E-4	0.0	4.0E-4	9.900000000000001E-9	8.100000000000001E-9	1.1100000000000002E-8	4.6392752895877525E-5	1.336072471041225E-4
75.0	1.2000000000000002E-4	1.0E-4	0.0	3.0E-4	8.6E-9	5.784615384615388E-9	1.3828571428571424E-8	7.935657494747769E-5	1.6064342505252234E-4
76.0	9.000000000000002E-5	1.0E-4	0.0	3.0E-4	6.899999999999998E-9	8.100000000000001E-9	6.253846153846151E-9	5.359461578282687E-5	1.2640538421717317E-4
77.0	9.500000000000002E-5	1.0E-4	0.0	3.0E-4	8.475000000000001E-9	9.025000000000003E-9	8.10833333333333E-9	5.465302985353177E-5	1.3534697014646826E-4
78.0	7.500000000000001E-5	1.0E-4	0.0	3.0E-4	8.874999999999997E-9	5.625E-9	1.2124999999999994E-8	3.371186611143586E-5	1.1628813388856414E-4
79.0	9.500000000000002E-5	1.0E-4	0.0	3.0E-4	7.475E-9	9.025000000000003E-9	6.810714285714283E-9	5.7108074738804856E-5	1.328919252611952E-4
80.0	6.500000000000001E-5	1.0E-4	0.0	3.0E-4	6.274999999999999E-9	4.225000000000001E-9	8.324999999999998E-9	3.0282540415520045E-5	9.971745958447996E-5
81.0	7.000000000000001E-5	1.0E-4	0.0	3.0E-4	6.099999999999999E-9	4.900000000000001E-9	7.081818181818181E-9	3.577007157471697E-5	1.0422992842528305E-4
82.0	8.500000000000002E-5	1.0E-4	0.0	3.0E-4	9.275E-9	7.225000000000002E-9	1.0952272727272722E-8	4.2791683283978284E-5	1.2720831671602176E-4
83.0	7.000000000000002E-5	1.0E-4	0.0	3.0E-4	7.099999999999999E-9	4.900000000000003E-9	9.299999999999999E-9	3.307077038442315E-5	1.069292296155769E-4
84.0	5.5000000000000016E-5	0.0	0.0	2.0E-4	4.4749999999999995E-9	3.025000000000002E-9	6.247222222222222E-9	2.5681780408762902E-5	8.431821959123712E-5
85.0	6.000000000000001E-5	0.0	0.0	3.0E-4	6.400000000000002E-9	3.5999999999999996E-9	9.822222222222222E-9	2.4938454112803307E-5	9.506154588719671E-5
86.0	6.000000000000001E-5	0.0	0.0	3.0E-4	6.399999999999999E-9	3.5999999999999996E-9	9.82222222222222E-9	2.4938454112803307E-5	9.506154588719671E-5
87.0	7.000000000000001E-5	0.0	0.0	3.0E-4	9.099999999999995E-9	4.9E-9	1.4233333333333328E-8	2.8191771144905E-5	1.1180822885509501E-4
88.0	8.000000000000002E-5	1.0E-4	0.0	3.0E-4	6.600000000000001E-9	6.4000000000000035E-9	6.733333333333333E-9	4.439483183581352E-5	1.1560516816418653E-4
89.0	8.500000000000002E-5	0.0	0.0	4.0E-4	1.5275000000000006E-8	7.225000000000001E-9	2.5113888888888885E-8	3.0833386666692935E-5	1.391666133333071E-4
90.0	6.0000000000000015E-5	0.0	0.0	3.0E-4	6.400000000000002E-9	3.6000000000000016E-9	9.822222222222219E-9	2.4938454112803314E-5	9.506154588719671E-5
91.0	5.000000000000001E-5	0.0	0.0	2.0E-4	4.500000000000002E-9	2.5000000000000013E-9	7.500000000000003E-9	2.0600000000000003E-5	7.940000000000002E-5
92.0	6.500000000000001E-5	1.0E-4	0.0	2.0E-4	5.274999999999999E-9	4.225000000000001E-9	6.324999999999999E-9	3.316885173293305E-5	9.683114826706697E-5
93.0	4.000000000000001E-5	0.0	0.0	2.0E-4	3.4000000000000007E-9	1.6000000000000009E-9	6.742857142857142E-9	1.4444726571605628E-5	6.555527342839439E-5
94.0	1.5000000000000002E-5	0.0	0.0	1.0E-4	1.2750000000000003E-9	2.2499999999999997E-10	7.225000000000001E-9	-6.493450342178852E-7	3.064934503421789E-5
95.0	8.000000000000002E-5	1.0E-4	0.0	3.0E-4	9.600000000000002E-9	6.400000000000003E-9	1.2799999999999999E-8	3.7058551491594996E-5	1.2294144850840506E-4
96.0	3.5000000000000004E-5	0.0	0.0	2.0E-4	4.274999999999999E-9	1.2249999999999998E-9	1.3425E-8	6.344424626261655E-6	6.365557537373835E-5
97.0	4.000000000000001E-5	0.0	0.0	2.0E-4	3.4000000000000007E-9	1.6000000000000009E-9	6.742857142857142E-9	1.4444726571605628E-5	6.555527342839439E-5
98.0	6.500000000000001E-5	1.0E-4	0.0	2.0E-4	4.275E-9	4.225000000000001E-9	4.31590909090909E-9	3.634442462626165E-5	9.365557537373837E-5
99.0	5.5E-5	1.0E-4	0.0	2.0E-4	3.4750000000000005E-9	3.0249999999999998E-9	3.925E-9	2.9164404400130432E-5	8.083559559986958E-5
100.0	2.5E-5	0.0	0.0	2.0E-4	2.875E-9	6.250000000000001E-10	1.1874999999999999E-8	1.500425535767677E-6	4.8499574464232325E-5
101.0	2.0E-5	0.0	0.0	1.0E-4	1.6E-9	4.000000000000002E-10	6.400000000000001E-9	2.469227056401651E-6	3.7530772943598356E-5
102.0	3.5000000000000004E-5	0.0	0.0	1.0E-4	2.2749999999999997E-9	1.2249999999999998E-9	4.225000000000001E-9	1.4095885572452497E-5	5.5904114427547514E-5
103.0	1.5000000000000002E-5	0.0	0.0	1.0E-4	1.2750000000000003E-9	2.2499999999999997E-10	7.225000000000001E-9	-6.493450342178852E-7	3.064934503421789E-5
104.0	5.0E-6	0.0	0.0	1.0E-4	4.750000000000001E-10	2.500000000000001E-11	9.025000000000001E-9	-4.551858457912783E-6	1.4551858457912785E-5
105.0	6.500000000000001E-5	1.0E-4	0.0	3.0E-4	6.274999999999999E-9	4.225000000000001E-9	8.324999999999998E-9	3.0282540415520045E-5	9.971745958447996E-5
106.0	5.5000000000000016E-5	0.0	0.0	2.0E-4	4.475000000000001E-9	3.025000000000002E-9	6.247222222222222E-9	2.5681780408762895E-5	8.431821959123714E-5
107.0	3.5000000000000004E-5	0.0	0.0	3.0E-4	5.274999999999999E-9	1.2249999999999998E-9	1.7425E-8	3.168851732933044E-6	6.683114826706697E-5
108.0	4.000000000000001E-5	0.0	0.0	2.0E-4	3.4E-9	1.6000000000000009E-9	6.742857142857142E-9	1.4444726571605631E-5	6.555527342839439E-5
109.0	5.000000000000001E-5	0.0	0.0	3.0E-4	6.5E-9	2.5000000000000017E-9	1.3928571428571428E-8	1.4665597500452912E-5	8.53344024995471E-5
110.0	5.000000000000001E-5	0.0	0.0	2.0E-4	3.5000000000000016E-9	2.5000000000000013E-9	4.7222222222222234E-9	2.4071637151567018E-5	7.5928362848433E-5
111.0	4.0E-5	0.0	0.0	2.0E-4	3.4E-9	1.6000000000000009E-9	6.742857142857143E-9	1.4444726571605624E-5	6.555527342839438E-5
112.0	2.5E-5	0.0	0.0	2.0E-4	2.875E-9	6.250000000000001E-10	1.1874999999999999E-8	1.500425535767677E-6	4.8499574464232325E-5
113.0	3.9999999999999996E-5	0.0	0.0	3.0E-4	8.399999999999997E-9	1.6000000000000003E-9	3.5599999999999995E-8	-1.6804700256162176E-7	8.016804700256161E-5
114.0	3.5000000000000004E-5	0.0	0.0	2.0E-4	3.275E-9	1.2249999999999998E-9	8.058333333333334E-9	9.918891571543338E-6	6.0081108428456666E-5
115.0	2.5E-5	0.0	0.0	1.0E-4	1.8750000000000002E-9	6.250000000000001E-10	5.625000000000001E-9	6.02238160358366E-6	4.397761839641634E-5
116.0	2.0E-5	0.0	0.0	1.0E-4	1.6E-9	4.000000000000002E-10	6.400000000000001E-9	2.469227056401651E-6	3.7530772943598356E-5
117.0	3.0000000000000004E-5	0.0	0.0	1.0E-4	2.0999999999999998E-9	8.999999999999999E-10	4.899999999999998E-9	9.915976498719195E-6	5.008402350128081E-5
118.0	1.5000000000000002E-5	0.0	0.0	1.0E-4	1.2750000000000003E-9	2.2499999999999997E-10	7.225000000000001E-9	-6.493450342178852E-7	3.064934503421789E-5
119.0	2.5E-5	0.0	0.0	1.0E-4	1.8750000000000002E-9	6.250000000000001E-10	5.625000000000001E-9	6.02238160358366E-6	4.397761839641634E-5
120.0	2.5E-5	0.0	0.0	2.0E-4	2.875E-9	6.250000000000001E-10	1.1874999999999999E-8	1.500425535767677E-6	4.8499574464232325E-5
121.0	2.5E-5	0.0	0.0	1.0E-4	1.8750000000000007E-9	6.250000000000001E-10	5.625000000000001E-9	6.022381603583657E-6	4.3977618396416345E-5
122.0	2.5E-5	0.0	0.0	1.0E-4	1.8750000000000007E-9	6.250000000000001E-10	5.625000000000001E-9	6.022381603583657E-6	4.3977618396416345E-5
123.0	2.5E-5	0.0	0.0	2.0E-4	2.875E-9	6.250000000000001E-10	1.1874999999999999E-8	1.500425535767677E-6	4.8499574464232325E-5
124.0	4.000000000000001E-5	0.0	0.0	2.0E-4	3.4000000000000007E-9	1.6000000000000009E-9	6.742857142857142E-9	1.4444726571605628E-5	6.555527342839439E-5
125.0	3.0000000000000004E-5	0.0	0.0	2.0E-4	4.100000000000001E-9	8.999999999999999E-10	1.6900000000000002E-8	1.9370707159783495E-6	5.8062929284021655E-5
126.0	2.0E-5	0.0	0.0	1.0E-4	1.6E-9	4.000000000000002E-10	6.400000000000001E-9	2.469227056401651E-6	3.7530772943598356E-5
127.0	2.0E-5	0.0	0.0	1.0E-4	1.6E-9	4.000000000000002E-10	6.400000000000001E-9	2.469227056401651E-6	3.7530772943598356E-5
128.0	1.0E-5	0.0	0.0	1.0E-4	9.000000000000004E-10	1.0000000000000006E-10	8.100000000000001E-9	-3.1480797076987655E-6	2.3148079707698767E-5
129.0	2.0E-5	0.0	0.0	2.0E-4	2.5999999999999993E-9	4.000000000000002E-10	1.506666666666667E-8	-2.347438331943099E-6	4.23474383319431E-5
130.0	1.5000000000000002E-5	0.0	0.0	1.0E-4	1.2750000000000003E-9	2.2499999999999997E-10	7.225000000000001E-9	-6.493450342178852E-7	3.064934503421789E-5
131.0	1.0E-5	0.0	0.0	1.0E-4	9.000000000000003E-10	1.0000000000000006E-10	8.100000000000001E-9	-3.148079707698764E-6	2.3148079707698764E-5
132.0	1.0E-5	0.0	0.0	1.0E-4	9.000000000000004E-10	1.0000000000000006E-10	8.100000000000001E-9	-3.1480797076987655E-6	2.3148079707698767E-5
133.0	3.0000000000000004E-5	0.0	0.0	2.0E-4	3.1000000000000005E-9	8.999999999999999E-10	9.7E-9	5.5981967879420916E-6	5.440180321205792E-5
134.0	2.5E-5	0.0	0.0	2.0E-4	2.8750000000000005E-9	6.250000000000001E-10	1.1874999999999999E-8	1.5004255357676736E-6	4.8499574464232325E-5
135.0	2.0E-5	0.0	0.0	1.0E-4	1.6000000000000005E-9	4.000000000000002E-10	6.400000000000001E-9	2.469227056401651E-6	3.7530772943598356E-5
136.0	2.0E-5	0.0	0.0	1.0E-4	1.6E-9	4.000000000000002E-10	6.400000000000001E-9	2.469227056401651E-6	3.7530772943598356E-5
137.0	1.5000000000000002E-5	0.0	0.0	2.0E-4	2.2749999999999976E-9	2.25E-10	2.0725E-8	-5.904114427547498E-6	3.59041144275475E-5
138.0	1.0E-5	0.0	0.0	1.0E-4	9.000000000000001E-10	1.0000000000000006E-10	8.100000000000001E-9	-3.148079707698762E-6	2.3148079707698764E-5
139.0	2.0E-5	0.0	0.0	2.0E-4	2.5999999999999976E-9	4.000000000000002E-10	1.506666666666667E-8	-2.3474383319430924E-6	4.2347438331943096E-5
140.0	2.0E-5	0.0	0.0	1.0E-4	1.5999999999999994E-9	4.000000000000002E-10	6.400000000000001E-9	2.4692270564016545E-6	3.753077294359835E-5
141.0	4.000000000000001E-5	0.0	0.0	2.0E-4	3.4000000000000007E-9	1.6000000000000009E-9	6.742857142857142E-9	1.4444726571605628E-5	6.555527342839439E-5
142.0	3.0000000000000004E-5	0.0	0.0	1.0E-4	2.0999999999999998E-9	8.999999999999999E-10	4.899999999999998E-9	9.915976498719195E-6	5.008402350128081E-5
143.0	2.0E-5	0.0	0.0	2.0E-4	2.6E-9	4.000000000000002E-10	1.506666666666667E-8	-2.3474383319431026E-6	4.234743833194311E-5
144.0	1.5000000000000002E-5	0.0	0.0	1.0E-4	1.2750000000000005E-9	2.2499999999999997E-10	7.225000000000001E-9	-6.493450342178852E-7	3.064934503421789E-5
145.0	0.0	0.0	0.0	0.0	0.0	0.0	0.0	0.0	0.0
146.0	5.0E-6	0.0	0.0	1.0E-4	4.750000000000002E-10	2.500000000000001E-11	9.025000000000001E-9	-4.551858457912785E-6	1.4551858457912785E-5
147.0	1.5000000000000002E-5	0.0	0.0	1.0E-4	1.2750000000000003E-9	2.2499999999999997E-10	7.225000000000001E-9	-6.493450342178852E-7	3.064934503421789E-5
148.0	1.0E-5	0.0	0.0	1.0E-4	9.000000000000004E-10	1.0000000000000006E-10	8.100000000000001E-9	-3.1480797076987655E-6	2.3148079707698767E-5
149.0	2.0E-5	0.0	0.0	2.0E-4	2.599999999999998E-9	4.000000000000002E-10	1.506666666666667E-8	-2.3474383319430924E-6	4.2347438331943096E-5
150.0	1.0E-5	0.0	0.0	2.0E-4	1.9000000000000005E-9	1.0000000000000004E-10	3.6100000000000006E-8	-9.103716915825566E-6	2.910371691582557E-5
151.0	1.5000000000000002E-5	0.0	0.0	2.0E-4	2.2749999999999985E-9	2.25E-10	2.0725E-8	-5.904114427547498E-6	3.59041144275475E-5
152.0	1.5000000000000002E-5	0.0	0.0	1.0E-4	1.2750000000000003E-9	2.2499999999999997E-10	7.225000000000001E-9	-6.493450342178852E-7	3.064934503421789E-5
153.0	1.0E-5	0.0	0.0	1.0E-4	9.000000000000004E-10	1.0000000000000006E-10	8.100000000000001E-9	-3.1480797076987655E-6	2.3148079707698767E-5
154.0	2.5E-5	0.0	0.0	2.0E-4	2.875E-9	6.250000000000001E-10	1.1874999999999999E-8	1.500425535767677E-6	4.8499574464232325E-5
155.0	5.0E-6	0.0	0.0	1.0E-4	4.750000000000001E-10	2.500000000000001E-11	9.025000000000001E-9	-4.551858457912783E-6	1.4551858457912785E-5
156.0	1.0E-5	0.0	0.0	1.0E-4	9.000000000000001E-10	1.0000000000000006E-10	8.100000000000001E-9	-3.148079707698762E-6	2.3148079707698764E-5
157.0	1.0E-5	0.0	0.0	1.0E-4	9.000000000000001E-10	1.0000000000000006E-10	8.100000000000001E-9	-3.148079707698762E-6	2.3148079707698764E-5
158.0	0.0	0.0	0.0	0.0	0.0	0.0	0.0	0.0	0.0
159.0	1.0E-5	0.0	0.0	1.0E-4	8.999999999999998E-10	1.0000000000000006E-10	8.100000000000001E-9	-3.1480797076987604E-6	2.3148079707698764E-5
160.0	1.5000000000000002E-5	0.0	0.0	1.0E-4	1.2750000000000003E-9	2.2499999999999997E-10	7.225000000000001E-9	-6.493450342178852E-7	3.064934503421789E-5
161.0	0.0	0.0	0.0	0.0	0.0	0.0	0.0	0.0	0.0
162.0	0.0	0.0	0.0	0.0	0.0	0.0	0.0	0.0	0.0
163.0	1.5000000000000002E-5	0.0	0.0	1.0E-4	1.2750000000000003E-9	2.2499999999999997E-10	7.225000000000001E-9	-6.493450342178852E-7	3.064934503421789E-5
164.0	1.5000000000000002E-5	0.0	0.0	1.0E-4	1.2750000000000003E-9	2.2499999999999997E-10	7.225000000000001E-9	-6.493450342178852E-7	3.064934503421789E-5
165.0	1.5000000000000002E-5	0.0	0.0	1.0E-4	1.2750000000000003E-9	2.2499999999999997E-10	7.225000000000001E-9	-6.493450342178852E-7	3.064934503421789E-5
166.0	5.0E-6	0.0	0.0	1.0E-4	4.750000000000003E-10	2.500000000000001E-11	9.025000000000001E-9	-4.551858457912786E-6	1.4551858457912788E-5
167.0	5.0E-6	0.0	0.0	1.0E-4	4.750000000000001E-10	2.500000000000001E-11	9.025000000000001E-9	-4.551858457912783E-6	1.4551858457912785E-5
168.0	1.0E-5	0.0	0.0	1.0E-4	9.000000000000008E-10	1.0000000000000006E-10	8.100000000000001E-9	-3.148079707698767E-6	2.314807970769877E-5
169.0	5.0E-6	0.0	0.0	1.0E-4	4.750000000000002E-10	2.500000000000001E-11	9.025000000000001E-9	-4.551858457912785E-6	1.4551858457912785E-5
170.0	2.5E-5	0.0	0.0	1.0E-4	1.8750000000000007E-9	6.250000000000001E-10	5.625000000000001E-9	6.022381603583657E-6	4.3977618396416345E-5
171.0	1.0E-5	0.0	0.0	1.0E-4	9.000000000000004E-10	1.0000000000000006E-10	8.100000000000001E-9	-3.1480797076987655E-6	2.3148079707698767E-5
172.0	5.0E-6	0.0	0.0	1.0E-4	4.750000000000002E-10	2.500000000000001E-11	9.025000000000001E-9	-4.551858457912785E-6	1.4551858457912785E-5
173.0	1.0E-5	0.0	0.0	1.0E-4	8.999999999999998E-10	1.0000000000000006E-10	8.100000000000001E-9	-3.1480797076987604E-6	2.3148079707698764E-5
174.0	1.0E-5	0.0	0.0	1.0E-4	8.999999999999996E-10	1.0000000000000006E-10	8.100000000000001E-9	-3.1480797076987587E-6	2.314807970769876E-5
175.0	5.0E-6	0.0	0.0	1.0E-4	4.750000000000003E-10	2.500000000000001E-11	9.025000000000001E-9	-4.551858457912786E-6	1.4551858457912788E-5
176.0	1.0E-5	0.0	0.0	1.0E-4	9.000000000000004E-10	1.0000000000000006E-10	8.100000000000001E-9	-3.1480797076987655E-6	2.3148079707698767E-5
177.0	5.0E-6	0.0	0.0	1.0E-4	4.750000000000001E-10	2.500000000000001E-11	9.025000000000001E-9	-4.551858457912783E-6	1.4551858457912785E-5
178.0	1.0E-5	0.0	0.0	1.0E-4	9.000000000000003E-10	1.0000000000000006E-10	8.100000000000001E-9	-3.148079707698764E-6	2.3148079707698764E-5
179.0	2.0E-5	0.0	0.0	1.0E-4	1.6000000000000005E-9	4.000000000000002E-10	6.400000000000001E-9	2.469227056401651E-6	3.7530772943598356E-5
180.0	5.0E-6	0.0	0.0	1.0E-4	4.750000000000001E-10	2.500000000000001E-11	9.025000000000001E-9	-4.551858457912783E-6	1.4551858457912785E-5
181.0	5.0E-6	0.0	0.0	1.0E-4	4.750000000000002E-10	2.500000000000001E-11	9.025000000000001E-9	-4.551858457912785E-6	1.4551858457912785E-5
182.0	1.0E-5	0.0	0.0	1.0E-4	9.000000000000004E-10	1.0000000000000006E-10	8.100000000000001E-9	-3.1480797076987655E-6	2.3148079707698767E-5
183.0	0.0	0.0	0.0	0.0	0.0	0.0	0.0	0.0	0.0
184.0	1.5000000000000002E-5	0.0	0.0	1.0E-4	1.2750000000000003E-9	2.2499999999999997E-10	7.225000000000001E-9	-6.493450342178852E-7	3.064934503421789E-5
185.0	1.0E-5	0.0	0.0	1.0E-4	9.000000000000001E-10	1.0000000000000006E-10	8.100000000000001E-9	-3.148079707698762E-6	2.3148079707698764E-5
186.0	5.0E-6	0.0	0.0	1.0E-4	4.750000000000001E-10	2.500000000000001E-11	9.025000000000001E-9	-4.551858457912783E-6	1.4551858457912785E-5
187.0	0.0	0.0	0.0	0.0	0.0	0.0	0.0	0.0	0.0
188.0	0.0	0.0	0.0	0.0	0.0	0.0	0.0	0.0	0.0
189.0	0.0	0.0	0.0	0.0	0.0	0.0	0.0	0.0	0.0
190.0	0.0	0.0	0.0	0.0	0.0	0.0	0.0	0.0	0.0
191.0	0.0	0.0	0.0	0.0	0.0	0.0	0.0	0.0	0.0
192.0	0.0	0.0	0.0	0.0	0.0	0.0	0.0	0.0	0.0
193.0	5.0E-6	0.0	0.0	1.0E-4	4.750000000000003E-10	2.500000000000001E-11	9.025000000000001E-9	-4.551858457912786E-6	1.4551858457912788E-5
194.0	0.0	0.0	0.0	0.0	0.0	0.0	0.0	0.0	0.0
195.0	0.0	0.0	0.0	0.0	0.0	0.0	0.0	0.0	0.0
196.0	5.0E-6	0.0	0.0	1.0E-4	4.750000000000002E-10	2.500000000000001E-11	9.025000000000001E-9	-4.551858457912785E-6	1.4551858457912785E-5
197.0	5.0E-6	0.0	0.0	1.0E-4	4.750000000000003E-10	2.500000000000001E-11	9.025000000000001E-9	-4.551858457912786E-6	1.4551858457912788E-5
198.0	5.0E-6	0.0	0.0	1.0E-4	4.750000000000002E-10	2.500000000000001E-11	9.025000000000001E-9	-4.551858457912785E-6	1.4551858457912785E-5
199.0	0.0	0.0	0.0	0.0	0.0	0.0	0.0	0.0	0.0
200.0	0.0	0.0	0.0	0.0	0.0	0.0	0.0	0.0	0.0
201.0	0.0	0.0	0.0	0.0	0.0	0.0	0.0	0.0	0.0
202.0	0.0	0.0	0.0	0.0	0.0	0.0	0.0	0.0	0.0
203.0	5.0E-6	0.0	0.0	1.0E-4	4.750000000000002E-10	2.500000000000001E-11	9.025000000000001E-9	-4.551858457912785E-6	1.4551858457912785E-5
204.0	5.0E-6	0.0	0.0	1.0E-4	4.750000000000001E-10	2.500000000000001E-11	9.025000000000001E-9	-4.551858457912783E-6	1.4551858457912785E-5
205.0	5.0E-6	0.0	0.0	1.0E-4	4.750000000000001E-10	2.500000000000001E-11	9.025000000000001E-9	-4.551858457912783E-6	1.4551858457912785E-5
206.0	0.0	0.0	0.0	0.0	0.0	0.0	0.0	0.0	0.0
207.0	5.0E-6	0.0	0.0	1.0E-4	4.750000000000002E-10	2.500000000000001E-11	9.025000000000001E-9	-4.551858457912785E-6	1.4551858457912785E-5
208.0	1.0E-5	0.0	0.0	1.0E-4	9.000000000000004E-10	1.0000000000000006E-10	8.100000000000001E-9	-3.1480797076987655E-6	2.3148079707698767E-5
209.0	5.0E-6	0.0	0.0	1.0E-4	4.750000000000003E-10	2.500000000000001E-11	9.025000000000001E-9	-4.551858457912786E-6	1.4551858457912788E-5
210.0	1.0E-5	0.0	0.0	1.0E-4	8.999999999999998E-10	1.0000000000000006E-10	8.100000000000001E-9	-3.1480797076987604E-6	2.3148079707698764E-5
211.0	0.0	0.0	0.0	0.0	0.0	0.0	0.0	0.0	0.0
212.0	5.0E-6	0.0	0.0	1.0E-4	4.750000000000001E-10	2.500000000000001E-11	9.025000000000001E-9	-4.551858457912783E-6	1.4551858457912785E-5
213.0	0.0	0.0	0.0	0.0	0.0	0.0	0.0	0.0	0.0
214.0	0.0	0.0	0.0	0.0	0.0	0.0	0.0	0.0	0.0
215.0	0.0	0.0	0.0	0.0	0.0	0.0	0.0	0.0	0.0
216.0	0.0	0.0	0.0	0.0	0.0	0.0	0.0	0.0	0.0
217.0	0.0	0.0	0.0	0.0	0.0	0.0	0.0	0.0	0.0
218.0	0.0	0.0	0.0	0.0	0.0	0.0	0.0	0.0	0.0
219.0	0.0	0.0	0.0	0.0	0.0	0.0	0.0	0.0	0.0
220.0	0.0	0.0	0.0	0.0	0.0	0.0	0.0	0.0	0.0
221.0	5.0E-6	0.0	0.0	1.0E-4	4.750000000000003E-10	2.500000000000001E-11	9.025000000000001E-9	-4.551858457912786E-6	1.4551858457912788E-5
222.0	0.0	0.0	0.0	0.0	0.0	0.0	0.0	0.0	0.0
223.0	0.0	0.0	0.0	0.0	0.0	0.0	0.0	0.0	0.0
224.0	5.0E-6	0.0	0.0	1.0E-4	4.750000000000002E-10	2.500000000000001E-11	9.025000000000001E-9	-4.551858457912785E-6	1.4551858457912785E-5
225.0	5.0E-6	0.0	0.0	1.0E-4	4.750000000000001E-10	2.500000000000001E-11	9.025000000000001E-9	-4.551858457912783E-6	1.4551858457912785E-5
226.0	0.0	0.0	0.0	0.0	0.0	0.0	0.0	0.0	0.0
227.0	0.0	0.0	0.0	0.0	0.0	0.0	0.0	0.0	0.0
228.0	0.0	0.0	0.0	0.0	0.0	0.0	0.0	0.0	0.0
229.0	0.0	0.0	0.0	0.0	0.0	0.0	0.0	0.0	0.0
230.0	0.0	0.0	0.0	0.0	0.0	0.0	0.0	0.0	0.0
231.0	0.0	0.0	0.0	0.0	0.0	0.0	0.0	0.0	0.0
232.0	0.0	0.0	0.0	0.0	0.0	0.0	0.0	0.0	0.0
233.0	0.0	0.0	0.0	0.0	0.0	0.0	0.0	0.0	0.0
234.0	0.0	0.0	0.0	0.0	0.0	0.0	0.0	0.0	0.0
235.0	0.0	0.0	0.0	0.0	0.0	0.0	0.0	0.0	0.0
236.0	0.0	0.0	0.0	0.0	0.0	0.0	0.0	0.0	0.0
237.0	5.0E-6	0.0	0.0	1.0E-4	4.750000000000001E-10	2.500000000000001E-11	9.025000000000001E-9	-4.551858457912783E-6	1.4551858457912785E-5
238.0	5.0E-6	0.0	0.0	1.0E-4	4.750000000000001E-10	2.500000000000001E-11	9.025000000000001E-9	-4.551858457912783E-6	1.4551858457912785E-5
239.0	5.0E-6	0.0	0.0	1.0E-4	4.750000000000002E-10	2.500000000000001E-11	9.025000000000001E-9	-4.551858457912785E-6	1.4551858457912785E-5
240.0	0.0	0.0	0.0	0.0	0.0	0.0	0.0	0.0	0.0
241.0	0.0	0.0	0.0	0.0	0.0	0.0	0.0	0.0	0.0
242.0	0.0	0.0	0.0	0.0	0.0	0.0	0.0	0.0	0.0
243.0	1.0E-5	0.0	0.0	1.0E-4	9.000000000000004E-10	1.0000000000000006E-10	8.100000000000001E-9	-3.1480797076987655E-6	2.3148079707698767E-5
244.0	5.0E-6	0.0	0.0	1.0E-4	4.750000000000001E-10	2.500000000000001E-11	9.025000000000001E-9	-4.551858457912783E-6	1.4551858457912785E-5
245.0	0.0	0.0	0.0	0.0	0.0	0.0	0.0	0.0	0.0
246.0	0.0	0.0	0.0	0.0	0.0	0.0	0.0	0.0	0.0
247.0	0.0	0.0	0.0	0.0	0.0	0.0	0.0	0.0	0.0
248.0	0.0	0.0	0.0	0.0	0.0	0.0	0.0	0.0	0.0
249.0	0.0	0.0	0.0	0.0	0.0	0.0	0.0	0.0	0.0
250.0	0.0	0.0	0.0	0.0	0.0	0.0	0.0	0.0	0.0
251.0	0.0	0.0	0.0	0.0	0.0	0.0	0.0	0.0	0.0
252.0	0.0	0.0	0.0	0.0	0.0	0.0	0.0	0.0	0.0
253.0	0.0	0.0	0.0	0.0	0.0	0.0	0.0	0.0	0.0
254.0	0.0	0.0	0.0	0.0	0.0	0.0	0.0	0.0	0.0
255.0	0.0	0.0	0.0	0.0	0.0	0.0	0.0	0.0	0.0
256.0	0.0	0.0	0.0	0.0	0.0	0.0	0.0	0.0	0.0
257.0	0.0	0.0	0.0	0.0	0.0	0.0	0.0	0.0	0.0
258.0	0.0	0.0	0.0	0.0	0.0	0.0	0.0	0.0	0.0
259.0	0.0	0.0	0.0	0.0	0.0	0.0	0.0	0.0	0.0
260.0	0.0	0.0	0.0	0.0	0.0	0.0	0.0	0.0	0.0
261.0	0.0	0.0	0.0	0.0	0.0	0.0	0.0	0.0	0.0
262.0	0.0	0.0	0.0	0.0	0.0	0.0	0.0	0.0	0.0
263.0	0.0	0.0	0.0	0.0	0.0	0.0	0.0	0.0	0.0
264.0	5.0E-6	0.0	0.0	1.0E-4	4.750000000000003E-10	2.500000000000001E-11	9.025000000000001E-9	-4.551858457912786E-6	1.4551858457912788E-5
265.0	0.0	0.0	0.0	0.0	0.0	0.0	0.0	0.0	0.0
266.0	0.0	0.0	0.0	0.0	0.0	0.0	0.0	0.0	0.0
267.0	0.0	0.0	0.0	0.0	0.0	0.0	0.0	0.0	0.0
268.0	0.0	0.0	0.0	0.0	0.0	0.0	0.0	0.0	0.0
269.0	0.0	0.0	0.0	0.0	0.0	0.0	0.0	0.0	0.0
270.0	0.0	0.0	0.0	0.0	0.0	0.0	0.0	0.0	0.0
271.0	0.0	0.0	0.0	0.0	0.0	0.0	0.0	0.0	0.0
272.0	0.0	0.0	0.0	0.0	0.0	0.0	0.0	0.0	0.0
273.0	0.0	0.0	0.0	0.0	0.0	0.0	0.0	0.0	0.0
274.0	0.0	0.0	0.0	0.0	0.0	0.0	0.0	0.0	0.0
275.0	5.0E-6	0.0	0.0	1.0E-4	4.750000000000002E-10	2.500000000000001E-11	9.025000000000001E-9	-4.551858457912785E-6	1.4551858457912785E-5
276.0	0.0	0.0	0.0	0.0	0.0	0.0	0.0	0.0	0.0
277.0	0.0	0.0	0.0	0.0	0.0	0.0	0.0	0.0	0.0
278.0	0.0	0.0	0.0	0.0	0.0	0.0	0.0	0.0	0.0
279.0	0.0	0.0	0.0	0.0	0.0	0.0	0.0	0.0	0.0
280.0	0.0	0.0	0.0	0.0	0.0	0.0	0.0	0.0	0.0
281.0	0.0	0.0	0.0	0.0	0.0	0.0	0.0	0.0	0.0
282.0	0.0	0.0	0.0	0.0	0.0	0.0	0.0	0.0	0.0
283.0	0.0	0.0	0.0	0.0	0.0	0.0	0.0	0.0	0.0
284.0	0.0	0.0	0.0	0.0	0.0	0.0	0.0	0.0	0.0
285.0	0.0	0.0	0.0	0.0	0.0	0.0	0.0	0.0	0.0
286.0	0.0	0.0	0.0	0.0	0.0	0.0	0.0	0.0	0.0
287.0	0.0	0.0	0.0	0.0	0.0	0.0	0.0	0.0	0.0
288.0	0.0	0.0	0.0	0.0	0.0	0.0	0.0	0.0	0.0
289.0	0.0	0.0	0.0	0.0	0.0	0.0	0.0	0.0	0.0
290.0	0.0	0.0	0.0	0.0	0.0	0.0	0.0	0.0	0.0
291.0	0.0	0.0	0.0	0.0	0.0	0.0	0.0	0.0	0.0
292.0	5.0E-6	0.0	0.0	1.0E-4	4.750000000000001E-10	2.500000000000001E-11	9.025000000000001E-9	-4.551858457912783E-6	1.4551858457912785E-5
293.0	0.0	0.0	0.0	0.0	0.0	0.0	0.0	0.0	0.0
294.0	0.0	0.0	0.0	0.0	0.0	0.0	0.0	0.0	0.0
295.0	0.0	0.0	0.0	0.0	0.0	0.0	0.0	0.0	0.0
296.0	0.0	0.0	0.0	0.0	0.0	0.0	0.0	0.0	0.0
297.0	0.0	0.0	0.0	0.0	0.0	0.0	0.0	0.0	0.0
298.0	0.0	0.0	0.0	0.0	0.0	0.0	0.0	0.0	0.0
299.0	0.0	0.0	0.0	0.0	0.0	0.0	0.0	0.0	0.0
300.0	0.0	0.0	0.0	0.0	0.0	0.0	0.0	0.0	0.0
301.0	0.0	0.0	0.0	0.0	0.0	0.0	0.0	0.0	0.0
302.0	0.0	0.0	0.0	0.0	0.0	0.0	0.0	0.0	0.0
303.0	0.0	0.0	0.0	0.0	0.0	0.0	0.0	0.0	0.0
304.0	0.0	0.0	0.0	0.0	0.0	0.0	0.0	0.0	0.0
305.0	0.0	0.0	0.0	0.0	0.0	0.0	0.0	0.0	0.0
306.0	5.0E-6	0.0	0.0	1.0E-4	4.750000000000002E-10	2.500000000000001E-11	9.025000000000001E-9	-4.551858457912785E-6	1.4551858457912785E-5
307.0	0.0	0.0	0.0	0.0	0.0	0.0	0.0	0.0	0.0
308.0	0.0	0.0	0.0	0.0	0.0	0.0	0.0	0.0	0.0
309.0	0.0	0.0	0.0	0.0	0.0	0.0	0.0	0.0	0.0
310.0	0.0	0.0	0.0	0.0	0.0	0.0	0.0	0.0	0.0
311.0	0.0	0.0	0.0	0.0	0.0	0.0	0.0	0.0	0.0
312.0	0.0	0.0	0.0	0.0	0.0	0.0	0.0	0.0	0.0
313.0	0.0	0.0	0.0	0.0	0.0	0.0	0.0	0.0	0.0
314.0	0.0	0.0	0.0	0.0	0.0	0.0	0.0	0.0	0.0
315.0	0.0	0.0	0.0	0.0	0.0	0.0	0.0	0.0	0.0
316.0	0.0	0.0	0.0	0.0	0.0	0.0	0.0	0.0	0.0
317.0	5.0E-6	0.0	0.0	1.0E-4	4.750000000000002E-10	2.500000000000001E-11	9.025000000000001E-9	-4.551858457912785E-6	1.4551858457912785E-5
318.0	0.0	0.0	0.0	0.0	0.0	0.0	0.0	0.0	0.0
319.0	5.0E-6	0.0	0.0	1.0E-4	4.750000000000001E-10	2.500000000000001E-11	9.025000000000001E-9	-4.551858457912783E-6	1.4551858457912785E-5
320.0	0.0	0.0	0.0	0.0	0.0	0.0	0.0	0.0	0.0
321.0	5.0E-6	0.0	0.0	1.0E-4	4.750000000000001E-10	2.500000000000001E-11	9.025000000000001E-9	-4.551858457912783E-6	1.4551858457912785E-5
322.0	0.0	0.0	0.0	0.0	0.0	0.0	0.0	0.0	0.0
323.0	0.0	0.0	0.0	0.0	0.0	0.0	0.0	0.0	0.0
324.0	0.0	0.0	0.0	0.0	0.0	0.0	0.0	0.0	0.0
325.0	0.0	0.0	0.0	0.0	0.0	0.0	0.0	0.0	0.0
326.0	0.0	0.0	0.0	0.0	0.0	0.0	0.0	0.0	0.0
327.0	0.0	0.0	0.0	0.0	0.0	0.0	0.0	0.0	0.0
328.0	0.0	0.0	0.0	0.0	0.0	0.0	0.0	0.0	0.0
329.0	0.0	0.0	0.0	0.0	0.0	0.0	0.0	0.0	0.0
330.0	0.0	0.0	0.0	0.0	0.0	0.0	0.0	0.0	0.0
331.0	0.0	0.0	0.0	0.0	0.0	0.0	0.0	0.0	0.0
332.0	0.0	0.0	0.0	0.0	0.0	0.0	0.0	0.0	0.0
333.0	5.0E-6	0.0	0.0	1.0E-4	4.750000000000002E-10	2.500000000000001E-11	9.025000000000001E-9	-4.551858457912785E-6	1.4551858457912785E-5
