0	0.0
1	0.0014438348252959862
2	0.0
3	0.0
4	0.0
5	0.0
6	0.0
7	0.0
8	4.331504475887958E-4
9	0.0012994513427663876
10	0.003753970545769564
11	0.005486572336124747
12	0.09572624891712388
13	0.0
14	0.0
15	0.0
16	0.0
17	5.775339301183945E-4
18	0.0027432861680623736
19	0.025267109442679757
20	0.06006352873231302
21	0.10265665607854461
22	0.16127634998556165
23	0.014438348252959862
24	0.0
25	0.0010106843777071904
26	0.0010106843777071904
27	0.005053421888535951
28	0.018336702281259023
29	0.053421888535951485
30	0.06786023678891134
31	0.10742131100202137
32	0.016892867455963037
33	0.018047935316199828
34	0.003753970545769564
35	0.003753970545769564
36	0.009096159399364713
37	0.019491770141495814
38	0.028876696505919723
39	0.04663586485706035
40	0.004620271440947156
41	0.007363557609009529
42	0.01140629511983829
43	0.004764654923476754
44	0.008518625469246319
45	0.008663008951775917
46	0.017037250938492638
47	0.001876985272884782
48	0.002165752237943979
49	0.0040427375108287615
50	0.004620271440947156
51	0.0051978053710655505
52	0.006064106266243142
53	0.0024545192030031764
54	0.001876985272884782
55	0.0017326017903551833
56	8.663008951775916E-4
57	0.002165752237943979
58	0.001155067860236789
59	4.331504475887958E-4
60	0.002165752237943979
61	0.001876985272884782
62	0.001155067860236789
63	0.0020213687554143807
64	7.219174126479931E-4
65	0.0012994513427663876
66	4.331504475887958E-4
67	4.331504475887958E-4
68	8.663008951775916E-4
69	0.0014438348252959862
70	2.8876696505919725E-4
71	0.0015882183078255846
72	0.0014438348252959862
73	4.331504475887958E-4
74	4.331504475887958E-4
75	2.8876696505919725E-4
76	2.8876696505919725E-4
77	4.331504475887958E-4
78	5.775339301183945E-4
79	2.8876696505919725E-4
80	4.331504475887958E-4
81	2.8876696505919725E-4
82	4.331504475887958E-4
83	7.219174126479931E-4
84	4.331504475887958E-4
85	4.331504475887958E-4
86	0.0
87	2.8876696505919725E-4
88	1.4438348252959862E-4
89	4.331504475887958E-4
90	2.8876696505919725E-4
91	0.0
92	4.331504475887958E-4
93	0.0
94	2.8876696505919725E-4
95	0.0
96	1.4438348252959862E-4
97	1.4438348252959862E-4
98	0.0
99	0.0
100	1.4438348252959862E-4
101	0.0
102	0.0
103	0.0
104	0.0
105	0.0
106	1.4438348252959862E-4
107	0.0
108	1.4438348252959862E-4
109	1.4438348252959862E-4
110	0.0
111	2.8876696505919725E-4
112	1.4438348252959862E-4
113	1.4438348252959862E-4
114	1.4438348252959862E-4
115	0.0
116	0.0
117	0.0
118	0.0
119	0.0
120	0.0
121	0.0
122	0.0
123	0.0
124	0.0
125	0.0
126	0.0
127	0.0
128	0.0
129	1.4438348252959862E-4
130	0.0
131	0.0
132	0.0
133	1.4438348252959862E-4
134	0.0
135	1.4438348252959862E-4
136	0.0
137	0.0
138	0.0
139	0.0
140	0.0
141	0.0
142	0.0
143	0.0
144	1.4438348252959862E-4
145	0.0
146	0.0
147	1.4438348252959862E-4
148	1.4438348252959862E-4
149	0.0
150	0.0
151	0.0
152	0.0
153	0.0
154	0.0
155	0.0
156	0.0
157	0.0
158	0.0
159	0.0
160	2.8876696505919725E-4
161	0.0
162	0.0
163	0.0
164	0.0
165	1.4438348252959862E-4
166	0.0
167	0.0
168	1.4438348252959862E-4
169	0.0
170	1.4438348252959862E-4
171	0.0
172	0.0
173	0.0
174	0.0
175	0.0
176	0.0
177	0.0
178	1.4438348252959862E-4
179	0.0
180	0.0
181	0.0
182	0.0
183	0.0
184	0.0
185	0.0
186	0.0
187	0.0
188	0.0
189	0.0
190	0.0
191	0.0
192	0.0
193	0.0
194	0.0
195	0.0
196	0.0
197	0.0
198	0.0
199	0.0
200	0.0
201	0.0
202	0.0
203	0.0
204	0.0
205	0.0
206	0.0
207	0.0
208	0.0
209	0.0
210	0.0
211	0.0
212	0.0
213	1.4438348252959862E-4
214	0.0
215	0.0
216	0.0
217	0.0
218	0.0
219	0.0
220	0.0
221	0.0
222	0.0
223	1.4438348252959862E-4
224	0.0
225	0.0
226	0.0
227	0.0
228	0.0
229	0.0
230	0.0
231	0.0
232	0.0
233	0.0
234	0.0
235	0.0
236	0.0
237	1.4438348252959862E-4
238	0.0
239	0.0
240	0.0
241	0.0
242	0.0
243	0.0
244	0.0
245	0.0
246	0.0
247	0.0
248	0.0
249	0.0
250	0.0
251	0.0
252	0.0
253	0.0
254	0.0
255	0.0
256	0.0
257	0.0
258	0.0
259	0.0
260	0.0
261	0.0
262	0.0
263	0.0
264	0.0
265	0.0
266	0.0
267	0.0
268	0.0
269	0.0
270	0.0
271	0.0
272	0.0
273	0.0
274	0.0
275	0.0
276	0.0
277	0.0
278	0.0
279	0.0
280	1.4438348252959862E-4
281	0.0
282	0.0
283	0.0
284	0.0
285	0.0
286	0.0
287	0.0
288	0.0
289	0.0
290	0.0
291	0.0
292	0.0
293	0.0
294	0.0
295	0.0
296	0.0
297	0.0
298	0.0
299	0.0
300	0.0
301	0.0
302	0.0
303	0.0
304	0.0
305	0.0
306	0.0
307	0.0
308	0.0
309	0.0
310	0.0
311	0.0
312	0.0
313	0.0
314	0.0
315	0.0
316	0.0
317	0.0
318	0.0
319	0.0
320	0.0
321	0.0
322	0.0
323	0.0
324	0.0
325	0.0
326	0.0
327	0.0
328	0.0
329	0.0
330	0.0
331	0.0
332	0.0
333	0.0
334	0.0
335	0.0
336	0.0
337	0.0
338	0.0
339	0.0
340	0.0
341	0.0
342	0.0
343	0.0
344	0.0
345	0.0
346	0.0
347	0.0
348	0.0
349	0.0
350	0.0
351	0.0
352	0.0
353	0.0
354	0.0
355	0.0
356	0.0
357	0.0
358	0.0
359	0.0
360	0.0
361	0.0
362	0.0
363	0.0
364	0.0
365	0.0
366	0.0
367	0.0
368	0.0
369	0.0
370	0.0
371	0.0
372	0.0
373	0.0
374	0.0
375	0.0
376	0.0
377	0.0
378	0.0
379	0.0
380	0.0
381	0.0
382	0.0
383	0.0
384	0.0
385	0.0
386	1.4438348252959862E-4
