0.0	0.0030800000000000003	0.0026	0.0013	0.0066	1.9986000000000002E-6	1.1894000000000006E-6	3.212399999999999E-6	0.002460410548830922	0.0036995894511690787
1.0	0.0036550000000000007	0.0035	0.0023	0.0057	6.204750000000001E-7	4.6829772727272814E-7	8.064694444444436E-7	0.003309774221704115	0.0040002257782958866
2.0	0.07858499999999999	0.0792	0.0722	0.0832	1.0376275000000001E-5	1.0677324999999929E-5	1.007522500000007E-5	0.07717323695260145	0.07999676304739853
3.0	0.277705	0.2784	0.2643	0.2935	6.147147500000002E-5	6.715280277777755E-5	5.682311590909115E-5	0.2742688042957363	0.28114119570426366
4.0	0.252645	0.2529	0.2407	0.2685	4.5328475000000064E-5	4.425842500000011E-5	4.6398524999999995E-5	0.24969428932661977	0.2555957106733802
5.0	0.14663500000000002	0.1475	0.1402	0.1576	1.6196274999999974E-5	1.8287475000000128E-5	1.4802141666666543E-5	0.1448712028172151	0.14839879718278493
6.0	0.07607000000000001	0.0773	0.0676	0.0827	2.07441E-5	2.9774400000000146E-5	1.4723899999999903E-5	0.07407387206622422	0.0780661279337758
7.0	0.04035999999999999	0.0403	0.0348	0.0467	6.521399999999999E-6	5.449781818181793E-6	7.831155555555584E-6	0.03924079022877746	0.041479209771222526
8.0	0.023490000000000004	0.0236	0.0214	0.0256	1.462900000000001E-6	1.4605000000000087E-6	1.465299999999993E-6	0.022959911486636432	0.024020088513363576
9.0	0.01658	0.0167	0.0137	0.0186	1.7595999999999998E-6	1.800800000000002E-6	1.7183999999999963E-6	0.015998636113952715	0.017161363886047287
10.0	0.011859999999999999	0.0123	0.0096	0.0141	1.2854000000000002E-6	1.4524888888888872E-6	1.1486909090909108E-6	0.011363110040350984	0.012356889959649014
11.0	0.00881	0.0089	0.007	0.0104	7.038999999999997E-7	1.125242857142857E-6	4.770230769230767E-7	0.008442297522445116	0.009177702477554884
12.0	0.006649999999999999	0.0069	0.0041	0.008	9.275E-7	2.0258333333333293E-6	4.5678571428571567E-7	0.0062279168328397815	0.007072083167160216
13.0	0.005489999999999999	0.0056	0.0039	0.0065	4.809000000000001E-7	6.285444444444436E-7	3.601000000000008E-7	0.0051860735746928205	0.005793926425307178
14.0	0.004390000000000001	0.0044	0.0031	0.0055	3.718999999999999E-7	4.3743333333333413E-7	3.182818181818176E-7	0.0041227275696971355	0.004657272430302866
15.0	0.003655	0.0037	0.0023	0.0053	4.894750000000001E-7	4.5412499999999997E-7	5.248250000000003E-7	0.0033483758685295627	0.003961624131470437
16.0	0.0034399999999999995	0.0035	0.0021	0.0046	4.5640000000000014E-7	6.470999999999995E-7	3.2926666666666714E-7	0.0031439167144197426	0.0037360832855802563
17.0	0.0026850000000000008	0.0028	0.0016	0.004	3.2327500000000004E-7	3.7755833333333414E-7	2.7886136363636306E-7	0.0024358119946706913	0.0029341880053293102
18.0	0.00258	0.0026	0.0019	0.0039	2.526E-7	2.0279999999999986E-7	3.0240000000000017E-7	0.0023597287853576866	0.002800271214642313
19.0	0.002225	0.0023	0.0013	0.0031	1.7187500000000005E-7	1.6512500000000002E-7	1.7862500000000003E-7	0.0020433031370661564	0.0024066968629338436
20.0	0.0018799999999999993	0.0018	0.0012	0.0031	2.3560000000000007E-7	1.3749090909090862E-7	3.5551111111111166E-7	0.001667270011516946	0.0020927299884830526
21.0	0.0015549999999999997	0.0016	9.0E-4	0.0027	1.61475E-7	1.3162499999999983E-7	1.9132500000000019E-7	0.001378886065287269	0.0017311139347127304
22.0	0.0015800000000000002	0.0016	7.0E-4	0.0026	2.0259999999999997E-7	2.2128888888888914E-7	1.873090909090907E-7	0.0013827301138034497	0.0017772698861965508
23.0	0.001375	0.0014	8.0E-4	0.002	1.0187500000000002E-7	1.0562499999999997E-7	9.880681818181822E-8	0.001235113796248522	0.001514886203751478
24.0	0.001225	0.0012	6.0E-4	0.0022	1.1687500000000002E-7	6.908653846153845E-8	2.0562500000000007E-7	0.0010751689284560775	0.0013748310715439224
25.0	0.00106	0.0011	5.0E-4	0.0018	9.839999999999998E-8	9.119999999999998E-8	1.0560000000000002E-7	9.225202851326786E-4	0.0011974797148673214
26.0	0.001075	0.001	7.0E-4	0.0016	6.0875E-8	4.607954545454546E-8	7.895833333333331E-8	9.668664251955019E-4	0.0011831335748044981
27.0	9.150000000000002E-4	9.0E-4	5.0E-4	0.0013	4.5275E-8	4.704318181818188E-8	4.31138888888888E-8	8.217453915347881E-4	0.0010082546084652123
28.0	7.599999999999999E-4	8.0E-4	3.0E-4	0.0015	9.240000000000002E-8	1.0859999999999998E-7	8.160000000000006E-8	6.267776595311432E-4	8.932223404688567E-4
29.0	8.199999999999999E-4	9.0E-4	3.0E-4	0.0013	6.260000000000002E-8	7.373333333333327E-8	5.349090909090914E-8	7.103450502713169E-4	9.296549497286829E-4
30.0	7.150000000000001E-4	7.0E-4	2.0E-4	0.0015	1.1227500000000002E-7	8.667954545454552E-8	1.4355833333333323E-7	5.681470735735922E-4	8.618529264264081E-4
31.0	6.450000000000001E-4	6.0E-4	3.0E-4	0.0011	4.547500000000001E-8	3.2691666666666677E-8	6.464999999999999E-8	5.515396447684903E-4	7.384603552315098E-4
32.0	5.849999999999999E-4	6.0E-4	3.0E-4	0.001	3.6275E-8	4.509999999999997E-8	3.0391666666666696E-8	5.015272379754928E-4	6.68472762024507E-4
33.0	5.499999999999999E-4	5.0E-4	1.0E-4	0.0012	9.95E-8	6.096153846153844E-8	1.7107142857142862E-7	4.1175398739927427E-4	6.882460126007256E-4
34.0	5.649999999999999E-4	6.0E-4	1.0E-4	0.0011	5.4275E-8	7.409999999999994E-8	4.1058333333333385E-8	4.6289641534206534E-4	6.671035846579343E-4
35.0	5.6E-4	5.0E-4	2.0E-4	0.0014	7.040000000000002E-8	3.1599999999999985E-8	1.4245714285714287E-7	4.4371400772233997E-4	6.7628599227766E-4
36.0	4.8000000000000007E-4	5.0E-4	0.0	0.0012	7.960000000000002E-8	6.940000000000004E-8	8.979999999999996E-8	3.56349007282594E-4	6.036509927174062E-4
37.0	4.349999999999999E-4	4.0E-4	0.0	0.0011	7.327499999999999E-8	5.78613636363636E-8	9.211388888888894E-8	3.1636331933166696E-4	5.536366806683328E-4
38.0	3.8E-4	3.0E-4	1.0E-4	8.0E-4	5.8599999999999995E-8	4.258181818181819E-8	7.817777777777777E-8	2.739062301546411E-4	4.8609376984535895E-4
39.0	4.599999999999999E-4	4.0E-4	1.0E-4	9.0E-4	5.140000000000001E-8	3.39333333333333E-8	7.760000000000003E-8	3.6063747185180917E-4	5.593625281481906E-4
40.0	3.5499999999999996E-4	3.0E-4	1.0E-4	7.0E-4	2.4475000000000002E-8	1.6297727272727262E-8	3.446944444444444E-8	2.8643500893312966E-4	4.2356499106687025E-4
41.0	3.1000000000000005E-4	4.0E-4	0.0	8.0E-4	4.09E-8	4.58777777777778E-8	3.682727272727271E-8	2.2136551461197516E-4	3.9863448538802494E-4
42.0	3.8500000000000003E-4	4.0E-4	1.0E-4	7.0E-4	4.027499999999998E-8	4.510000000000002E-8	3.705833333333333E-8	2.970453412262887E-4	4.7295465877371135E-4
43.0	3.4E-4	3.0E-4	0.0	7.0E-4	2.74E-8	2.3600000000000003E-8	3.204444444444444E-8	2.6745351834857876E-4	4.125464816514213E-4
44.0	3.3500000000000007E-4	3.0E-4	0.0	8.0E-4	3.3275E-8	2.539166666666668E-8	4.509999999999999E-8	2.5505338030910884E-4	4.149466196908913E-4
45.0	3.45E-4	3.0E-4	1.0E-4	7.0E-4	2.9475E-8	2.4752272727272725E-8	3.5247222222222226E-8	2.6975667471463E-4	4.2024332528537E-4
46.0	3.4999999999999994E-4	3.0E-4	1.0E-4	8.0E-4	2.9499999999999993E-8	2.2499999999999986E-8	3.8055555555555576E-8	2.747247716708876E-4	4.2527522832911226E-4
47.0	2.7E-4	3.0E-4	0.0	8.0E-4	3.41E-8	2.57E-8	4.2500000000000017E-8	1.890683745375147E-4	3.509316254624853E-4
48.0	3.55E-4	3.0E-4	0.0	8.0E-4	3.647499999999999E-8	2.929772727272729E-8	4.5247222222222217E-8	2.7129744328875015E-4	4.3870255671124987E-4
49.0	2.6500000000000004E-4	2.0E-4	0.0	7.0E-4	3.2274999999999996E-8	1.6378846153846162E-8	6.179642857142855E-8	1.8626384566160226E-4	3.4373615433839783E-4
50.0	3.1500000000000007E-4	3.0E-4	0.0	6.0E-4	3.1274999999999994E-8	2.5975000000000016E-8	3.9224999999999976E-8	2.3749321320039137E-4	3.925067867996088E-4
51.0	2.7E-4	3.0E-4	0.0	5.0E-4	1.91E-8	1.8899999999999997E-8	1.93E-8	2.0942997440977923E-4	3.305700255902208E-4
52.0	2.85E-4	3.0E-4	1.0E-4	6.0E-4	1.5275E-8	1.2624999999999999E-8	1.7925000000000003E-8	2.3083338666669292E-4	3.3916661333330706E-4
53.0	3.0E-4	3.0E-4	1.0E-4	5.0E-4	1.8000000000000006E-8	2.1249999999999992E-8	2.7142857142857157E-8	2.4119999999999995E-4	3.588E-4
54.0	1.7000000000000004E-4	2.0E-4	0.0	4.0E-4	1.6100000000000002E-8	1.5566666666666677E-8	1.6536363636363627E-8	1.143898570402845E-4	2.2561014295971557E-4
55.0	2.2500000000000002E-4	2.0E-4	0.0	6.0E-4	2.0874999999999997E-8	1.139423076923077E-8	3.848214285714285E-8	1.616780448817316E-4	2.8832195511826846E-4
56.0	1.9E-4	2.0E-4	0.0	4.0E-4	1.0900000000000002E-8	1.1600000000000001E-8	1.0433333333333332E-8	1.442433392826793E-4	2.3575666071732072E-4
57.0	1.7499999999999997E-4	1.0E-4	0.0	7.0E-4	2.7874999999999996E-8	1.3958333333333328E-8	4.8750000000000016E-8	1.018273958369664E-4	2.481726041630336E-4
58.0	2.0000000000000004E-4	2.0E-4	0.0	4.0E-4	1.1999999999999998E-8	8.571428571428577E-9	1.999999999999999E-8	1.5199000104144976E-4	2.480099989585503E-4
59.0	1.8499999999999997E-4	2.0E-4	0.0	4.0E-4	1.0275E-8	1.0224999999999996E-8	1.0315909090909093E-8	1.4057453432995889E-4	2.2942546567004105E-4
60.0	1.75E-4	2.0E-4	0.0	4.0E-4	1.1874999999999995E-8	1.5E-8	9.791666666666662E-9	1.2724070771043608E-4	2.2275929228956392E-4
61.0	2.0499999999999997E-4	2.0E-4	0.0	4.0E-4	1.7474999999999996E-8	1.3101923076923071E-8	2.559642857142858E-8	1.4706384548487876E-4	2.6293615451512115E-4
62.0	1.0500000000000002E-4	1.0E-4	0.0	2.0E-4	5.475000000000002E-9	3.9535714285714305E-9	9.024999999999998E-9	7.257103146876239E-5	1.3742896853123765E-4
63.0	1.5999999999999999E-4	1.0E-4	0.0	4.0E-4	8.399999999999999E-9	5.599999999999998E-9	1.1822222222222223E-8	1.1983195299743837E-4	2.001680470025616E-4
64.0	1.45E-4	1.0E-4	0.0	4.0E-4	1.1474999999999999E-8	8.934090909090908E-9	1.4580555555555553E-8	9.805196489734635E-5	1.9194803510265364E-4
65.0	1.75E-4	2.0E-4	0.0	4.0E-4	7.874999999999998E-9	8.749999999999999E-9	7.291666666666667E-9	1.3610745572735053E-4	2.1389254427264947E-4
66.0	1.7999999999999998E-4	2.0E-4	0.0	4.0E-4	1.7600000000000005E-8	1.7955555555555552E-8	1.7309090909090914E-8	1.2185700386116999E-4	2.3814299613882998E-4
67.0	1.55E-4	2.0E-4	0.0	4.0E-4	1.5474999999999998E-8	1.3525E-8	1.7424999999999996E-8	1.004799303008516E-4	2.095200696991484E-4
68.0	1.2500000000000003E-4	1.0E-4	0.0	3.0E-4	8.875E-9	6.8750000000000045E-9	1.1874999999999992E-8	8.371186611143588E-5	1.662881338885642E-4
69.0	1.2499999999999998E-4	1.0E-4	0.0	4.0E-4	1.8875000000000002E-8	9.196428571428567E-9	4.145833333333334E-8	6.47877919355219E-5	1.8521220806447806E-4
70.0	1.4E-4	2.0E-4	0.0	3.0E-4	1.2399999999999997E-8	1.2399999999999997E-8	1.24E-8	9.119639357588416E-5	1.888036064241158E-4
71.0	1.5000000000000001E-4	1.0E-4	0.0	4.0E-4	1.55E-8	8.653846153846157E-9	2.8214285714285707E-8	9.543590924426579E-5	2.0456409075573424E-4
72.0	9.500000000000002E-5	1.0E-4	0.0	2.0E-4	5.475E-9	9.025000000000003E-9	3.953571428571428E-9	6.257103146876239E-5	1.2742896853123765E-4
73.0	1.5500000000000003E-4	2.0E-4	0.0	4.0E-4	1.1475000000000005E-8	9.325000000000004E-9	1.3624999999999996E-8	1.0805196489734636E-4	2.019480351026537E-4
74.0	1.5E-4	1.0E-4	0.0	5.0E-4	1.55E-8	7.1153846153846145E-9	3.1071428571428575E-8	9.543590924426576E-5	2.0456409075573421E-4
75.0	1.0500000000000002E-4	1.0E-4	0.0	3.0E-4	8.475E-9	5.948076923076927E-9	1.316785714285714E-8	6.465302985353178E-5	1.4534697014646826E-4
76.0	1.4499999999999997E-4	1.0E-4	0.0	4.0E-4	1.4474999999999999E-8	7.87115384615384E-9	2.6739285714285726E-8	9.227089987492673E-5	1.9772910012507322E-4
77.0	1.15E-4	1.0E-4	0.0	4.0E-4	1.1274999999999997E-8	5.796428571428573E-9	2.4058333333333335E-8	6.846289652331165E-5	1.6153710347668835E-4
78.0	1.0E-4	1.0E-4	0.0	3.0E-4	1.0000000000000002E-8	9.999999999999999E-9	1.9999999999999997E-8	5.617306764100413E-5	1.438269323589959E-4
79.0	1.0000000000000002E-4	1.0E-4	0.0	4.0E-4	9.000000000000004E-9	3.750000000000001E-9	3.0000000000000004E-8	5.8422121266231015E-5	1.41577878733769E-4
80.0	6.500000000000001E-5	1.0E-4	0.0	2.0E-4	4.274999999999999E-9	4.225000000000001E-9	4.31590909090909E-9	3.634442462626166E-5	9.365557537373836E-5
81.0	7.500000000000001E-5	1.0E-4	0.0	2.0E-4	5.874999999999998E-9	5.625E-9	6.079545454545451E-9	4.14072924580349E-5	1.0859270754196511E-4
82.0	1.0000000000000002E-4	1.0E-4	0.0	3.0E-4	8.0E-9	5.000000000000001E-9	1.4999999999999995E-8	6.080000000000002E-5	1.3920000000000002E-4
83.0	7.000000000000002E-5	1.0E-4	0.0	2.0E-4	4.100000000000002E-9	4.900000000000003E-9	3.5666666666666643E-9	4.193707071597836E-5	9.806292928402168E-5
84.0	8.0E-5	0.0	0.0	3.0E-4	1.1600000000000001E-8	6.4000000000000035E-9	1.7955555555555555E-8	3.27969492511342E-5	1.2720305074886583E-4
85.0	5.5E-5	0.0	0.0	4.0E-4	8.474999999999998E-9	3.025E-9	1.665E-8	1.465302985353176E-5	9.534697014646824E-5
86.0	5.5000000000000016E-5	0.0	0.0	2.0E-4	4.4749999999999995E-9	3.025000000000002E-9	6.247222222222222E-9	2.5681780408762902E-5	8.431821959123712E-5
87.0	8.000000000000002E-5	1.0E-4	0.0	2.0E-4	4.6E-9	6.4000000000000035E-9	3.6307692307692295E-9	5.027512825931794E-5	1.0972487174068209E-4
88.0	7.500000000000002E-5	1.0E-4	0.0	2.0E-4	5.875E-9	5.625000000000004E-9	6.079545454545454E-9	4.140729245803491E-5	1.0859270754196513E-4
89.0	6.500000000000001E-5	1.0E-4	0.0	3.0E-4	6.275E-9	4.225000000000001E-9	8.324999999999998E-9	3.0282540415520045E-5	9.971745958447996E-5
90.0	6.500000000000001E-5	0.0	0.0	2.0E-4	7.275E-9	4.225000000000001E-9	1.1849999999999999E-8	2.7618426999389134E-5	1.0238157300061088E-4
91.0	8.500000000000002E-5	1.0E-4	0.0	3.0E-4	7.2750000000000015E-9	7.225000000000002E-9	7.308333333333332E-9	4.761842699938914E-5	1.223815730006109E-4
92.0	5.5E-5	0.0	0.0	2.0E-4	5.475000000000003E-9	3.025E-9	9.150000000000003E-9	2.2571031468762374E-5	8.742896853123762E-5
93.0	6.000000000000001E-5	0.0	0.0	3.0E-4	7.3999999999999984E-9	3.5999999999999996E-9	1.3099999999999998E-8	2.2298647239124183E-5	9.770135276087583E-5
94.0	3.5000000000000004E-5	0.0	0.0	2.0E-4	4.275E-9	1.2249999999999998E-9	1.3425E-8	6.3444246262616484E-6	6.365557537373836E-5
95.0	6.0000000000000015E-5	0.0	0.0	2.0E-4	5.400000000000001E-9	3.6000000000000016E-9	7.599999999999999E-9	2.7793913618696243E-5	9.220608638130378E-5
96.0	5.5000000000000016E-5	1.0E-4	0.0	1.0E-4	2.4750000000000007E-9	3.025000000000002E-9	2.0249999999999995E-9	3.3196376447938765E-5	7.680362355206127E-5
97.0	5.000000000000001E-5	1.0E-4	0.0	1.0E-4	2.5000000000000013E-9	2.5000000000000013E-9	2.4999999999999996E-9	2.8086533820502066E-5	7.191346617949795E-5
98.0	4.000000000000001E-5	0.0	0.0	2.0E-4	3.4E-9	1.6000000000000009E-9	6.742857142857142E-9	1.4444726571605631E-5	6.555527342839439E-5
99.0	7.000000000000001E-5	1.0E-4	0.0	3.0E-4	7.099999999999999E-9	4.9E-9	9.3E-9	3.307077038442314E-5	1.0692922961557687E-4
100.0	5.000000000000001E-5	0.0	0.0	3.0E-4	6.5E-9	2.5000000000000017E-9	1.3928571428571428E-8	1.4665597500452912E-5	8.53344024995471E-5
101.0	3.5000000000000004E-5	0.0	0.0	2.0E-4	4.274999999999999E-9	1.2249999999999998E-9	1.3425E-8	6.344424626261655E-6	6.365557537373835E-5
102.0	6.000000000000001E-5	0.0	0.0	2.0E-4	6.4E-9	3.5999999999999996E-9	1.0599999999999999E-8	2.4938454112803307E-5	9.506154588719671E-5
103.0	6.500000000000001E-5	1.0E-4	0.0	2.0E-4	5.274999999999999E-9	4.225000000000001E-9	6.324999999999999E-9	3.316885173293305E-5	9.683114826706697E-5
104.0	1.0E-5	0.0	0.0	1.0E-4	9.000000000000008E-10	1.0000000000000006E-10	8.100000000000001E-9	-3.148079707698767E-6	2.314807970769877E-5
105.0	5.000000000000001E-5	1.0E-4	0.0	1.0E-4	2.5000000000000013E-9	2.5000000000000013E-9	2.4999999999999996E-9	2.8086533820502066E-5	7.191346617949795E-5
106.0	4.000000000000001E-5	0.0	0.0	2.0E-4	3.4000000000000007E-9	1.6000000000000009E-9	6.742857142857142E-9	1.4444726571605628E-5	6.555527342839439E-5
107.0	4.5E-5	0.0	0.0	2.0E-4	4.475000000000002E-9	2.0250000000000003E-9	9.025E-9	1.5681780408762882E-5	7.431821959123712E-5
108.0	3.5000000000000004E-5	0.0	0.0	1.0E-4	2.2749999999999997E-9	1.2249999999999998E-9	4.225000000000001E-9	1.4095885572452497E-5	5.5904114427547514E-5
109.0	4.5E-5	0.0	0.0	2.0E-4	3.475000000000001E-9	2.0250000000000003E-9	5.650000000000001E-9	1.916440440013043E-5	7.083559559986958E-5
110.0	6.000000000000001E-5	0.0	0.0	3.0E-4	8.4E-9	3.5999999999999996E-9	1.5599999999999994E-8	1.9831952997438383E-5	1.0016804700256163E-4
111.0	4.5E-5	0.0	0.0	2.0E-4	4.475000000000001E-9	2.0250000000000003E-9	9.025E-9	1.5681780408762882E-5	7.431821959123712E-5
112.0	2.5E-5	0.0	0.0	1.0E-4	1.8750000000000002E-9	6.250000000000001E-10	5.625000000000001E-9	6.02238160358366E-6	4.397761839641634E-5
113.0	2.0E-5	0.0	0.0	1.0E-4	1.5999999999999994E-9	4.000000000000002E-10	6.400000000000001E-9	2.4692270564016545E-6	3.753077294359835E-5
114.0	6.500000000000002E-5	1.0E-4	0.0	2.0E-4	4.274999999999999E-9	4.225000000000003E-9	4.315909090909089E-9	3.634442462626167E-5	9.365557537373837E-5
115.0	4.000000000000001E-5	0.0	0.0	1.0E-4	2.4000000000000004E-9	1.6000000000000009E-9	3.5999999999999996E-9	1.8529275745797498E-5	6.147072425420253E-5
116.0	2.5E-5	0.0	0.0	1.0E-4	1.8750000000000002E-9	6.250000000000001E-10	5.625000000000001E-9	6.02238160358366E-6	4.397761839641634E-5
117.0	5.0E-5	0.0	0.0	2.0E-4	5.500000000000001E-9	2.5E-9	1.1071428571428572E-8	1.7497077054517083E-5	8.250292294548293E-5
118.0	3.0000000000000004E-5	0.0	0.0	1.0E-4	2.1E-9	8.999999999999999E-10	4.899999999999998E-9	9.915976498719192E-6	5.008402350128081E-5
119.0	3.0000000000000004E-5	0.0	0.0	1.0E-4	2.0999999999999998E-9	8.999999999999999E-10	4.899999999999998E-9	9.915976498719195E-6	5.008402350128081E-5
120.0	5.000000000000001E-5	0.0	0.0	2.0E-4	3.5000000000000016E-9	2.5000000000000013E-9	4.7222222222222234E-9	2.4071637151567018E-5	7.5928362848433E-5
121.0	5.000000000000001E-5	0.0	0.0	2.0E-4	3.5000000000000016E-9	2.5000000000000013E-9	4.722222222222224E-9	2.4071637151567018E-5	7.5928362848433E-5
122.0	3.5000000000000004E-5	0.0	0.0	1.0E-4	2.2749999999999997E-9	1.2249999999999998E-9	4.225000000000001E-9	1.4095885572452497E-5	5.5904114427547514E-5
123.0	3.5000000000000004E-5	0.0	0.0	2.0E-4	4.274999999999999E-9	1.2249999999999998E-9	1.3425E-8	6.344424626261655E-6	6.365557537373835E-5
124.0	2.5E-5	0.0	0.0	2.0E-4	2.875E-9	6.250000000000001E-10	1.1874999999999999E-8	1.500425535767677E-6	4.8499574464232325E-5
125.0	2.0E-5	0.0	0.0	1.0E-4	1.6E-9	4.000000000000002E-10	6.400000000000001E-9	2.469227056401651E-6	3.7530772943598356E-5
126.0	4.000000000000001E-5	0.0	0.0	1.0E-4	2.4000000000000004E-9	1.6000000000000009E-9	3.5999999999999996E-9	1.8529275745797498E-5	6.147072425420253E-5
127.0	3.0000000000000004E-5	0.0	0.0	2.0E-4	3.1E-9	8.999999999999999E-10	9.700000000000001E-9	5.5981967879420916E-6	5.440180321205792E-5
128.0	2.0E-5	0.0	0.0	1.0E-4	1.5999999999999999E-9	4.000000000000002E-10	6.400000000000001E-9	2.469227056401651E-6	3.7530772943598356E-5
129.0	1.0E-5	0.0	0.0	1.0E-4	8.999999999999998E-10	1.0000000000000006E-10	8.100000000000001E-9	-3.1480797076987604E-6	2.3148079707698764E-5
130.0	3.5000000000000004E-5	0.0	0.0	1.0E-4	2.2749999999999997E-9	1.2249999999999998E-9	4.225000000000001E-9	1.4095885572452497E-5	5.5904114427547514E-5
131.0	1.5000000000000002E-5	0.0	0.0	2.0E-4	2.274999999999998E-9	2.25E-10	2.0725E-8	-5.904114427547498E-6	3.59041144275475E-5
132.0	3.5000000000000004E-5	0.0	0.0	1.0E-4	2.2749999999999997E-9	1.2249999999999998E-9	4.225000000000001E-9	1.4095885572452497E-5	5.5904114427547514E-5
133.0	1.0E-5	0.0	0.0	1.0E-4	9.000000000000001E-10	1.0000000000000006E-10	8.100000000000001E-9	-3.148079707698762E-6	2.3148079707698764E-5
134.0	5.0E-6	0.0	0.0	1.0E-4	4.750000000000001E-10	2.500000000000001E-11	9.025000000000001E-9	-4.551858457912783E-6	1.4551858457912785E-5
135.0	4.000000000000001E-5	0.0	0.0	2.0E-4	4.4000000000000005E-9	1.6000000000000009E-9	1.0933333333333334E-8	1.092850193058501E-5	6.9071498069415E-5
136.0	1.0E-5	0.0	0.0	1.0E-4	9.000000000000004E-10	1.0000000000000006E-10	8.100000000000001E-9	-3.1480797076987655E-6	2.3148079707698767E-5
137.0	2.5E-5	0.0	0.0	1.0E-4	1.8750000000000002E-9	6.250000000000001E-10	5.625000000000001E-9	6.02238160358366E-6	4.397761839641634E-5
138.0	1.0E-5	0.0	0.0	1.0E-4	9.0E-10	1.0000000000000006E-10	8.100000000000001E-9	-3.148079707698762E-6	2.3148079707698764E-5
139.0	2.5E-5	0.0	0.0	2.0E-4	2.875E-9	6.250000000000001E-10	1.1875E-8	1.500425535767677E-6	4.8499574464232325E-5
140.0	5.0E-6	0.0	0.0	1.0E-4	4.750000000000002E-10	2.500000000000001E-11	9.025000000000001E-9	-4.551858457912785E-6	1.4551858457912785E-5
141.0	2.0E-5	0.0	0.0	1.0E-4	1.6000000000000005E-9	4.000000000000002E-10	6.400000000000001E-9	2.469227056401651E-6	3.7530772943598356E-5
142.0	1.5000000000000002E-5	0.0	0.0	1.0E-4	1.2750000000000003E-9	2.2499999999999997E-10	7.225000000000001E-9	-6.493450342178852E-7	3.064934503421789E-5
143.0	5.0E-6	0.0	0.0	1.0E-4	4.750000000000001E-10	2.500000000000001E-11	9.025000000000001E-9	-4.551858457912783E-6	1.4551858457912785E-5
144.0	2.0E-5	0.0	0.0	1.0E-4	1.5999999999999994E-9	4.000000000000002E-10	6.400000000000001E-9	2.4692270564016545E-6	3.753077294359835E-5
145.0	5.0E-6	0.0	0.0	1.0E-4	4.750000000000003E-10	2.500000000000001E-11	9.025000000000001E-9	-4.551858457912786E-6	1.4551858457912788E-5
146.0	1.0E-5	0.0	0.0	1.0E-4	9.000000000000004E-10	1.0000000000000006E-10	8.100000000000001E-9	-3.1480797076987655E-6	2.3148079707698767E-5
147.0	1.5000000000000002E-5	0.0	0.0	1.0E-4	1.2750000000000003E-9	2.2499999999999997E-10	7.225000000000001E-9	-6.493450342178852E-7	3.064934503421789E-5
148.0	1.0E-5	0.0	0.0	1.0E-4	8.999999999999998E-10	1.0000000000000006E-10	8.100000000000001E-9	-3.1480797076987604E-6	2.3148079707698764E-5
149.0	0.0	0.0	0.0	0.0	0.0	0.0	0.0	0.0	0.0
150.0	3.0000000000000004E-5	0.0	0.0	2.0E-4	3.1E-9	8.999999999999999E-10	9.700000000000001E-9	5.5981967879420916E-6	5.440180321205792E-5
151.0	1.5000000000000002E-5	0.0	0.0	1.0E-4	1.2750000000000003E-9	2.2499999999999997E-10	7.225000000000001E-9	-6.493450342178852E-7	3.064934503421789E-5
152.0	3.0000000000000004E-5	0.0	0.0	2.0E-4	3.1000000000000005E-9	8.999999999999999E-10	9.7E-9	5.5981967879420916E-6	5.440180321205792E-5
153.0	1.0E-5	0.0	0.0	1.0E-4	9.000000000000001E-10	1.0000000000000006E-10	8.100000000000001E-9	-3.148079707698762E-6	2.3148079707698764E-5
154.0	2.0E-5	0.0	0.0	1.0E-4	1.5999999999999994E-9	4.000000000000002E-10	6.400000000000001E-9	2.4692270564016545E-6	3.753077294359835E-5
155.0	2.5E-5	0.0	0.0	2.0E-4	2.875E-9	6.250000000000001E-10	1.1875E-8	1.500425535767677E-6	4.8499574464232325E-5
156.0	2.0E-5	0.0	0.0	2.0E-4	2.599999999999998E-9	4.000000000000002E-10	1.506666666666667E-8	-2.3474383319430924E-6	4.2347438331943096E-5
157.0	0.0	0.0	0.0	0.0	0.0	0.0	0.0	0.0	0.0
158.0	1.5000000000000002E-5	0.0	0.0	1.0E-4	1.2750000000000003E-9	2.2499999999999997E-10	7.225000000000001E-9	-6.493450342178852E-7	3.064934503421789E-5
159.0	1.0E-5	0.0	0.0	1.0E-4	9.000000000000004E-10	1.0000000000000006E-10	8.100000000000001E-9	-3.1480797076987655E-6	2.3148079707698767E-5
160.0	1.0E-5	0.0	0.0	1.0E-4	9.0E-10	1.0000000000000006E-10	8.100000000000001E-9	-3.148079707698762E-6	2.3148079707698764E-5
161.0	0.0	0.0	0.0	0.0	0.0	0.0	0.0	0.0	0.0
162.0	1.0E-5	0.0	0.0	1.0E-4	9.000000000000001E-10	1.0000000000000006E-10	8.100000000000001E-9	-3.148079707698762E-6	2.3148079707698764E-5
163.0	5.0E-6	0.0	0.0	1.0E-4	4.750000000000002E-10	2.500000000000001E-11	9.025000000000001E-9	-4.551858457912785E-6	1.4551858457912785E-5
164.0	5.0E-6	0.0	0.0	1.0E-4	4.750000000000003E-10	2.500000000000001E-11	9.025000000000001E-9	-4.551858457912786E-6	1.4551858457912788E-5
165.0	1.0E-5	0.0	0.0	2.0E-4	1.900000000000001E-9	1.0000000000000004E-10	3.6100000000000006E-8	-9.10371691582557E-6	2.910371691582557E-5
166.0	1.5000000000000002E-5	0.0	0.0	1.0E-4	1.2750000000000003E-9	2.2499999999999997E-10	7.225000000000001E-9	-6.493450342178852E-7	3.064934503421789E-5
167.0	5.0E-6	0.0	0.0	1.0E-4	4.750000000000003E-10	2.500000000000001E-11	9.025000000000001E-9	-4.551858457912786E-6	1.4551858457912788E-5
168.0	1.5000000000000002E-5	0.0	0.0	1.0E-4	1.2750000000000003E-9	2.2499999999999997E-10	7.225000000000001E-9	-6.493450342178852E-7	3.064934503421789E-5
169.0	5.0E-6	0.0	0.0	1.0E-4	4.750000000000001E-10	2.500000000000001E-11	9.025000000000001E-9	-4.551858457912783E-6	1.4551858457912785E-5
170.0	0.0	0.0	0.0	0.0	0.0	0.0	0.0	0.0	0.0
171.0	0.0	0.0	0.0	0.0	0.0	0.0	0.0	0.0	0.0
172.0	5.0E-6	0.0	0.0	1.0E-4	4.750000000000002E-10	2.500000000000001E-11	9.025000000000001E-9	-4.551858457912785E-6	1.4551858457912785E-5
173.0	1.0E-5	0.0	0.0	1.0E-4	8.999999999999996E-10	1.0000000000000006E-10	8.100000000000001E-9	-3.1480797076987587E-6	2.314807970769876E-5
174.0	5.0E-6	0.0	0.0	1.0E-4	4.750000000000003E-10	2.500000000000001E-11	9.025000000000001E-9	-4.551858457912786E-6	1.4551858457912788E-5
175.0	0.0	0.0	0.0	0.0	0.0	0.0	0.0	0.0	0.0
176.0	1.5000000000000002E-5	0.0	0.0	1.0E-4	1.2750000000000003E-9	2.2499999999999997E-10	7.225000000000001E-9	-6.493450342178852E-7	3.064934503421789E-5
177.0	1.0E-5	0.0	0.0	1.0E-4	9.0E-10	1.0000000000000006E-10	8.100000000000001E-9	-3.148079707698762E-6	2.3148079707698764E-5
178.0	0.0	0.0	0.0	0.0	0.0	0.0	0.0	0.0	0.0
179.0	5.0E-6	0.0	0.0	1.0E-4	4.750000000000002E-10	2.500000000000001E-11	9.025000000000001E-9	-4.551858457912785E-6	1.4551858457912785E-5
180.0	5.0E-6	0.0	0.0	1.0E-4	4.750000000000001E-10	2.500000000000001E-11	9.025000000000001E-9	-4.551858457912783E-6	1.4551858457912785E-5
181.0	0.0	0.0	0.0	0.0	0.0	0.0	0.0	0.0	0.0
182.0	5.0E-6	0.0	0.0	1.0E-4	4.750000000000002E-10	2.500000000000001E-11	9.025000000000001E-9	-4.551858457912785E-6	1.4551858457912785E-5
183.0	1.0E-5	0.0	0.0	1.0E-4	9.000000000000001E-10	1.0000000000000006E-10	8.100000000000001E-9	-3.148079707698762E-6	2.3148079707698764E-5
184.0	5.0E-6	0.0	0.0	1.0E-4	4.750000000000002E-10	2.500000000000001E-11	9.025000000000001E-9	-4.551858457912785E-6	1.4551858457912785E-5
185.0	5.0E-6	0.0	0.0	1.0E-4	4.750000000000002E-10	2.500000000000001E-11	9.025000000000001E-9	-4.551858457912785E-6	1.4551858457912785E-5
186.0	0.0	0.0	0.0	0.0	0.0	0.0	0.0	0.0	0.0
187.0	1.0E-5	0.0	0.0	1.0E-4	9.000000000000004E-10	1.0000000000000006E-10	8.100000000000001E-9	-3.1480797076987655E-6	2.3148079707698767E-5
188.0	1.0E-5	0.0	0.0	1.0E-4	9.000000000000003E-10	1.0000000000000006E-10	8.100000000000001E-9	-3.148079707698764E-6	2.3148079707698764E-5
189.0	5.0E-6	0.0	0.0	1.0E-4	4.750000000000002E-10	2.500000000000001E-11	9.025000000000001E-9	-4.551858457912785E-6	1.4551858457912785E-5
190.0	0.0	0.0	0.0	0.0	0.0	0.0	0.0	0.0	0.0
191.0	1.0E-5	0.0	0.0	1.0E-4	9.000000000000003E-10	1.0000000000000006E-10	8.100000000000001E-9	-3.148079707698764E-6	2.3148079707698764E-5
192.0	1.5000000000000002E-5	0.0	0.0	2.0E-4	2.2749999999999993E-9	2.25E-10	2.0725E-8	-5.904114427547505E-6	3.590411442754751E-5
193.0	0.0	0.0	0.0	0.0	0.0	0.0	0.0	0.0	0.0
194.0	0.0	0.0	0.0	0.0	0.0	0.0	0.0	0.0	0.0
195.0	0.0	0.0	0.0	0.0	0.0	0.0	0.0	0.0	0.0
196.0	1.0E-5	0.0	0.0	1.0E-4	8.999999999999998E-10	1.0000000000000006E-10	8.100000000000001E-9	-3.1480797076987604E-6	2.3148079707698764E-5
197.0	1.0E-5	0.0	0.0	1.0E-4	9.000000000000001E-10	1.0000000000000006E-10	8.100000000000001E-9	-3.148079707698762E-6	2.3148079707698764E-5
198.0	0.0	0.0	0.0	0.0	0.0	0.0	0.0	0.0	0.0
199.0	0.0	0.0	0.0	0.0	0.0	0.0	0.0	0.0	0.0
200.0	5.0E-6	0.0	0.0	1.0E-4	4.750000000000002E-10	2.500000000000001E-11	9.025000000000001E-9	-4.551858457912785E-6	1.4551858457912785E-5
201.0	0.0	0.0	0.0	0.0	0.0	0.0	0.0	0.0	0.0
202.0	5.0E-6	0.0	0.0	1.0E-4	4.750000000000002E-10	2.500000000000001E-11	9.025000000000001E-9	-4.551858457912785E-6	1.4551858457912785E-5
203.0	0.0	0.0	0.0	0.0	0.0	0.0	0.0	0.0	0.0
204.0	5.0E-6	0.0	0.0	1.0E-4	4.750000000000001E-10	2.500000000000001E-11	9.025000000000001E-9	-4.551858457912783E-6	1.4551858457912785E-5
205.0	0.0	0.0	0.0	0.0	0.0	0.0	0.0	0.0	0.0
206.0	5.0E-6	0.0	0.0	1.0E-4	4.750000000000002E-10	2.500000000000001E-11	9.025000000000001E-9	-4.551858457912785E-6	1.4551858457912785E-5
207.0	0.0	0.0	0.0	0.0	0.0	0.0	0.0	0.0	0.0
208.0	0.0	0.0	0.0	0.0	0.0	0.0	0.0	0.0	0.0
209.0	5.0E-6	0.0	0.0	1.0E-4	4.750000000000001E-10	2.500000000000001E-11	9.025000000000001E-9	-4.551858457912783E-6	1.4551858457912785E-5
210.0	5.0E-6	0.0	0.0	1.0E-4	4.750000000000002E-10	2.500000000000001E-11	9.025000000000001E-9	-4.551858457912785E-6	1.4551858457912785E-5
211.0	0.0	0.0	0.0	0.0	0.0	0.0	0.0	0.0	0.0
212.0	1.0E-5	0.0	0.0	1.0E-4	8.999999999999998E-10	1.0000000000000006E-10	8.100000000000001E-9	-3.1480797076987604E-6	2.3148079707698764E-5
213.0	0.0	0.0	0.0	0.0	0.0	0.0	0.0	0.0	0.0
214.0	1.0E-5	0.0	0.0	1.0E-4	9.000000000000004E-10	1.0000000000000006E-10	8.100000000000001E-9	-3.1480797076987655E-6	2.3148079707698767E-5
215.0	5.0E-6	0.0	0.0	1.0E-4	4.750000000000002E-10	2.500000000000001E-11	9.025000000000001E-9	-4.551858457912785E-6	1.4551858457912785E-5
216.0	5.0E-6	0.0	0.0	1.0E-4	4.750000000000001E-10	2.500000000000001E-11	9.025000000000001E-9	-4.551858457912783E-6	1.4551858457912785E-5
217.0	0.0	0.0	0.0	0.0	0.0	0.0	0.0	0.0	0.0
218.0	0.0	0.0	0.0	0.0	0.0	0.0	0.0	0.0	0.0
219.0	0.0	0.0	0.0	0.0	0.0	0.0	0.0	0.0	0.0
220.0	0.0	0.0	0.0	0.0	0.0	0.0	0.0	0.0	0.0
221.0	0.0	0.0	0.0	0.0	0.0	0.0	0.0	0.0	0.0
222.0	1.0E-5	0.0	0.0	1.0E-4	8.999999999999996E-10	1.0000000000000006E-10	8.100000000000001E-9	-3.1480797076987587E-6	2.314807970769876E-5
223.0	1.0E-5	0.0	0.0	1.0E-4	8.999999999999998E-10	1.0000000000000006E-10	8.100000000000001E-9	-3.1480797076987604E-6	2.3148079707698764E-5
224.0	0.0	0.0	0.0	0.0	0.0	0.0	0.0	0.0	0.0
225.0	0.0	0.0	0.0	0.0	0.0	0.0	0.0	0.0	0.0
226.0	5.0E-6	0.0	0.0	1.0E-4	4.750000000000001E-10	2.500000000000001E-11	9.025000000000001E-9	-4.551858457912783E-6	1.4551858457912785E-5
227.0	1.0E-5	0.0	0.0	2.0E-4	1.9000000000000005E-9	1.0000000000000004E-10	3.6100000000000006E-8	-9.103716915825566E-6	2.910371691582557E-5
228.0	0.0	0.0	0.0	0.0	0.0	0.0	0.0	0.0	0.0
229.0	5.0E-6	0.0	0.0	1.0E-4	4.750000000000001E-10	2.500000000000001E-11	9.025000000000001E-9	-4.551858457912783E-6	1.4551858457912785E-5
230.0	0.0	0.0	0.0	0.0	0.0	0.0	0.0	0.0	0.0
231.0	0.0	0.0	0.0	0.0	0.0	0.0	0.0	0.0	0.0
232.0	0.0	0.0	0.0	0.0	0.0	0.0	0.0	0.0	0.0
233.0	5.0E-6	0.0	0.0	1.0E-4	4.750000000000001E-10	2.500000000000001E-11	9.025000000000001E-9	-4.551858457912783E-6	1.4551858457912785E-5
234.0	0.0	0.0	0.0	0.0	0.0	0.0	0.0	0.0	0.0
235.0	0.0	0.0	0.0	0.0	0.0	0.0	0.0	0.0	0.0
236.0	0.0	0.0	0.0	0.0	0.0	0.0	0.0	0.0	0.0
237.0	5.0E-6	0.0	0.0	1.0E-4	4.750000000000002E-10	2.500000000000001E-11	9.025000000000001E-9	-4.551858457912785E-6	1.4551858457912785E-5
238.0	0.0	0.0	0.0	0.0	0.0	0.0	0.0	0.0	0.0
239.0	0.0	0.0	0.0	0.0	0.0	0.0	0.0	0.0	0.0
240.0	0.0	0.0	0.0	0.0	0.0	0.0	0.0	0.0	0.0
241.0	5.0E-6	0.0	0.0	1.0E-4	4.750000000000002E-10	2.500000000000001E-11	9.025000000000001E-9	-4.551858457912785E-6	1.4551858457912785E-5
242.0	0.0	0.0	0.0	0.0	0.0	0.0	0.0	0.0	0.0
243.0	0.0	0.0	0.0	0.0	0.0	0.0	0.0	0.0	0.0
244.0	5.0E-6	0.0	0.0	1.0E-4	4.750000000000003E-10	2.500000000000001E-11	9.025000000000001E-9	-4.551858457912786E-6	1.4551858457912788E-5
245.0	5.0E-6	0.0	0.0	1.0E-4	4.750000000000002E-10	2.500000000000001E-11	9.025000000000001E-9	-4.551858457912785E-6	1.4551858457912785E-5
246.0	0.0	0.0	0.0	0.0	0.0	0.0	0.0	0.0	0.0
247.0	0.0	0.0	0.0	0.0	0.0	0.0	0.0	0.0	0.0
248.0	5.0E-6	0.0	0.0	1.0E-4	4.750000000000002E-10	2.500000000000001E-11	9.025000000000001E-9	-4.551858457912785E-6	1.4551858457912785E-5
249.0	0.0	0.0	0.0	0.0	0.0	0.0	0.0	0.0	0.0
250.0	5.0E-6	0.0	0.0	1.0E-4	4.750000000000002E-10	2.500000000000001E-11	9.025000000000001E-9	-4.551858457912785E-6	1.4551858457912785E-5
251.0	0.0	0.0	0.0	0.0	0.0	0.0	0.0	0.0	0.0
252.0	0.0	0.0	0.0	0.0	0.0	0.0	0.0	0.0	0.0
253.0	5.0E-6	0.0	0.0	1.0E-4	4.750000000000001E-10	2.500000000000001E-11	9.025000000000001E-9	-4.551858457912783E-6	1.4551858457912785E-5
254.0	0.0	0.0	0.0	0.0	0.0	0.0	0.0	0.0	0.0
255.0	0.0	0.0	0.0	0.0	0.0	0.0	0.0	0.0	0.0
256.0	0.0	0.0	0.0	0.0	0.0	0.0	0.0	0.0	0.0
257.0	5.0E-6	0.0	0.0	1.0E-4	4.750000000000003E-10	2.500000000000001E-11	9.025000000000001E-9	-4.551858457912786E-6	1.4551858457912788E-5
258.0	1.0E-5	0.0	0.0	1.0E-4	9.000000000000004E-10	1.0000000000000006E-10	8.100000000000001E-9	-3.1480797076987655E-6	2.3148079707698767E-5
259.0	0.0	0.0	0.0	0.0	0.0	0.0	0.0	0.0	0.0
260.0	0.0	0.0	0.0	0.0	0.0	0.0	0.0	0.0	0.0
261.0	0.0	0.0	0.0	0.0	0.0	0.0	0.0	0.0	0.0
262.0	0.0	0.0	0.0	0.0	0.0	0.0	0.0	0.0	0.0
263.0	0.0	0.0	0.0	0.0	0.0	0.0	0.0	0.0	0.0
264.0	0.0	0.0	0.0	0.0	0.0	0.0	0.0	0.0	0.0
265.0	0.0	0.0	0.0	0.0	0.0	0.0	0.0	0.0	0.0
266.0	5.0E-6	0.0	0.0	1.0E-4	4.750000000000002E-10	2.500000000000001E-11	9.025000000000001E-9	-4.551858457912785E-6	1.4551858457912785E-5
267.0	5.0E-6	0.0	0.0	1.0E-4	4.750000000000002E-10	2.500000000000001E-11	9.025000000000001E-9	-4.551858457912785E-6	1.4551858457912785E-5
268.0	0.0	0.0	0.0	0.0	0.0	0.0	0.0	0.0	0.0
269.0	0.0	0.0	0.0	0.0	0.0	0.0	0.0	0.0	0.0
270.0	0.0	0.0	0.0	0.0	0.0	0.0	0.0	0.0	0.0
271.0	0.0	0.0	0.0	0.0	0.0	0.0	0.0	0.0	0.0
272.0	5.0E-6	0.0	0.0	1.0E-4	4.750000000000002E-10	2.500000000000001E-11	9.025000000000001E-9	-4.551858457912785E-6	1.4551858457912785E-5
273.0	0.0	0.0	0.0	0.0	0.0	0.0	0.0	0.0	0.0
274.0	0.0	0.0	0.0	0.0	0.0	0.0	0.0	0.0	0.0
275.0	0.0	0.0	0.0	0.0	0.0	0.0	0.0	0.0	0.0
276.0	5.0E-6	0.0	0.0	1.0E-4	4.750000000000003E-10	2.500000000000001E-11	9.025000000000001E-9	-4.551858457912786E-6	1.4551858457912788E-5
277.0	0.0	0.0	0.0	0.0	0.0	0.0	0.0	0.0	0.0
278.0	0.0	0.0	0.0	0.0	0.0	0.0	0.0	0.0	0.0
279.0	0.0	0.0	0.0	0.0	0.0	0.0	0.0	0.0	0.0
280.0	0.0	0.0	0.0	0.0	0.0	0.0	0.0	0.0	0.0
281.0	0.0	0.0	0.0	0.0	0.0	0.0	0.0	0.0	0.0
282.0	0.0	0.0	0.0	0.0	0.0	0.0	0.0	0.0	0.0
283.0	5.0E-6	0.0	0.0	1.0E-4	4.750000000000001E-10	2.500000000000001E-11	9.025000000000001E-9	-4.551858457912783E-6	1.4551858457912785E-5
284.0	0.0	0.0	0.0	0.0	0.0	0.0	0.0	0.0	0.0
285.0	0.0	0.0	0.0	0.0	0.0	0.0	0.0	0.0	0.0
286.0	0.0	0.0	0.0	0.0	0.0	0.0	0.0	0.0	0.0
287.0	0.0	0.0	0.0	0.0	0.0	0.0	0.0	0.0	0.0
288.0	0.0	0.0	0.0	0.0	0.0	0.0	0.0	0.0	0.0
289.0	0.0	0.0	0.0	0.0	0.0	0.0	0.0	0.0	0.0
290.0	0.0	0.0	0.0	0.0	0.0	0.0	0.0	0.0	0.0
291.0	0.0	0.0	0.0	0.0	0.0	0.0	0.0	0.0	0.0
292.0	0.0	0.0	0.0	0.0	0.0	0.0	0.0	0.0	0.0
293.0	0.0	0.0	0.0	0.0	0.0	0.0	0.0	0.0	0.0
294.0	0.0	0.0	0.0	0.0	0.0	0.0	0.0	0.0	0.0
295.0	0.0	0.0	0.0	0.0	0.0	0.0	0.0	0.0	0.0
296.0	0.0	0.0	0.0	0.0	0.0	0.0	0.0	0.0	0.0
297.0	0.0	0.0	0.0	0.0	0.0	0.0	0.0	0.0	0.0
298.0	0.0	0.0	0.0	0.0	0.0	0.0	0.0	0.0	0.0
299.0	0.0	0.0	0.0	0.0	0.0	0.0	0.0	0.0	0.0
300.0	0.0	0.0	0.0	0.0	0.0	0.0	0.0	0.0	0.0
301.0	0.0	0.0	0.0	0.0	0.0	0.0	0.0	0.0	0.0
302.0	0.0	0.0	0.0	0.0	0.0	0.0	0.0	0.0	0.0
303.0	0.0	0.0	0.0	0.0	0.0	0.0	0.0	0.0	0.0
304.0	0.0	0.0	0.0	0.0	0.0	0.0	0.0	0.0	0.0
305.0	0.0	0.0	0.0	0.0	0.0	0.0	0.0	0.0	0.0
306.0	0.0	0.0	0.0	0.0	0.0	0.0	0.0	0.0	0.0
307.0	0.0	0.0	0.0	0.0	0.0	0.0	0.0	0.0	0.0
308.0	0.0	0.0	0.0	0.0	0.0	0.0	0.0	0.0	0.0
309.0	0.0	0.0	0.0	0.0	0.0	0.0	0.0	0.0	0.0
310.0	5.0E-6	0.0	0.0	1.0E-4	4.750000000000001E-10	2.500000000000001E-11	9.025000000000001E-9	-4.551858457912783E-6	1.4551858457912785E-5
311.0	0.0	0.0	0.0	0.0	0.0	0.0	0.0	0.0	0.0
312.0	0.0	0.0	0.0	0.0	0.0	0.0	0.0	0.0	0.0
313.0	0.0	0.0	0.0	0.0	0.0	0.0	0.0	0.0	0.0
314.0	0.0	0.0	0.0	0.0	0.0	0.0	0.0	0.0	0.0
315.0	5.0E-6	0.0	0.0	1.0E-4	4.750000000000002E-10	2.500000000000001E-11	9.025000000000001E-9	-4.551858457912785E-6	1.4551858457912785E-5
316.0	0.0	0.0	0.0	0.0	0.0	0.0	0.0	0.0	0.0
317.0	0.0	0.0	0.0	0.0	0.0	0.0	0.0	0.0	0.0
318.0	0.0	0.0	0.0	0.0	0.0	0.0	0.0	0.0	0.0
319.0	0.0	0.0	0.0	0.0	0.0	0.0	0.0	0.0	0.0
320.0	0.0	0.0	0.0	0.0	0.0	0.0	0.0	0.0	0.0
321.0	0.0	0.0	0.0	0.0	0.0	0.0	0.0	0.0	0.0
322.0	0.0	0.0	0.0	0.0	0.0	0.0	0.0	0.0	0.0
323.0	0.0	0.0	0.0	0.0	0.0	0.0	0.0	0.0	0.0
324.0	0.0	0.0	0.0	0.0	0.0	0.0	0.0	0.0	0.0
325.0	0.0	0.0	0.0	0.0	0.0	0.0	0.0	0.0	0.0
326.0	0.0	0.0	0.0	0.0	0.0	0.0	0.0	0.0	0.0
327.0	0.0	0.0	0.0	0.0	0.0	0.0	0.0	0.0	0.0
328.0	0.0	0.0	0.0	0.0	0.0	0.0	0.0	0.0	0.0
329.0	0.0	0.0	0.0	0.0	0.0	0.0	0.0	0.0	0.0
330.0	0.0	0.0	0.0	0.0	0.0	0.0	0.0	0.0	0.0
331.0	5.0E-6	0.0	0.0	1.0E-4	4.750000000000002E-10	2.500000000000001E-11	9.025000000000001E-9	-4.551858457912785E-6	1.4551858457912785E-5
332.0	0.0	0.0	0.0	0.0	0.0	0.0	0.0	0.0	0.0
333.0	0.0	0.0	0.0	0.0	0.0	0.0	0.0	0.0	0.0
334.0	0.0	0.0	0.0	0.0	0.0	0.0	0.0	0.0	0.0
335.0	0.0	0.0	0.0	0.0	0.0	0.0	0.0	0.0	0.0
336.0	0.0	0.0	0.0	0.0	0.0	0.0	0.0	0.0	0.0
337.0	0.0	0.0	0.0	0.0	0.0	0.0	0.0	0.0	0.0
338.0	0.0	0.0	0.0	0.0	0.0	0.0	0.0	0.0	0.0
339.0	0.0	0.0	0.0	0.0	0.0	0.0	0.0	0.0	0.0
340.0	0.0	0.0	0.0	0.0	0.0	0.0	0.0	0.0	0.0
341.0	0.0	0.0	0.0	0.0	0.0	0.0	0.0	0.0	0.0
342.0	0.0	0.0	0.0	0.0	0.0	0.0	0.0	0.0	0.0
343.0	0.0	0.0	0.0	0.0	0.0	0.0	0.0	0.0	0.0
344.0	0.0	0.0	0.0	0.0	0.0	0.0	0.0	0.0	0.0
345.0	0.0	0.0	0.0	0.0	0.0	0.0	0.0	0.0	0.0
346.0	0.0	0.0	0.0	0.0	0.0	0.0	0.0	0.0	0.0
347.0	0.0	0.0	0.0	0.0	0.0	0.0	0.0	0.0	0.0
348.0	0.0	0.0	0.0	0.0	0.0	0.0	0.0	0.0	0.0
349.0	0.0	0.0	0.0	0.0	0.0	0.0	0.0	0.0	0.0
350.0	0.0	0.0	0.0	0.0	0.0	0.0	0.0	0.0	0.0
351.0	0.0	0.0	0.0	0.0	0.0	0.0	0.0	0.0	0.0
352.0	0.0	0.0	0.0	0.0	0.0	0.0	0.0	0.0	0.0
353.0	0.0	0.0	0.0	0.0	0.0	0.0	0.0	0.0	0.0
354.0	0.0	0.0	0.0	0.0	0.0	0.0	0.0	0.0	0.0
355.0	0.0	0.0	0.0	0.0	0.0	0.0	0.0	0.0	0.0
356.0	0.0	0.0	0.0	0.0	0.0	0.0	0.0	0.0	0.0
357.0	0.0	0.0	0.0	0.0	0.0	0.0	0.0	0.0	0.0
358.0	0.0	0.0	0.0	0.0	0.0	0.0	0.0	0.0	0.0
359.0	0.0	0.0	0.0	0.0	0.0	0.0	0.0	0.0	0.0
360.0	0.0	0.0	0.0	0.0	0.0	0.0	0.0	0.0	0.0
361.0	0.0	0.0	0.0	0.0	0.0	0.0	0.0	0.0	0.0
362.0	0.0	0.0	0.0	0.0	0.0	0.0	0.0	0.0	0.0
363.0	0.0	0.0	0.0	0.0	0.0	0.0	0.0	0.0	0.0
364.0	0.0	0.0	0.0	0.0	0.0	0.0	0.0	0.0	0.0
365.0	0.0	0.0	0.0	0.0	0.0	0.0	0.0	0.0	0.0
366.0	0.0	0.0	0.0	0.0	0.0	0.0	0.0	0.0	0.0
367.0	0.0	0.0	0.0	0.0	0.0	0.0	0.0	0.0	0.0
368.0	0.0	0.0	0.0	0.0	0.0	0.0	0.0	0.0	0.0
369.0	0.0	0.0	0.0	0.0	0.0	0.0	0.0	0.0	0.0
370.0	0.0	0.0	0.0	0.0	0.0	0.0	0.0	0.0	0.0
371.0	0.0	0.0	0.0	0.0	0.0	0.0	0.0	0.0	0.0
372.0	0.0	0.0	0.0	0.0	0.0	0.0	0.0	0.0	0.0
373.0	0.0	0.0	0.0	0.0	0.0	0.0	0.0	0.0	0.0
374.0	0.0	0.0	0.0	0.0	0.0	0.0	0.0	0.0	0.0
375.0	0.0	0.0	0.0	0.0	0.0	0.0	0.0	0.0	0.0
376.0	0.0	0.0	0.0	0.0	0.0	0.0	0.0	0.0	0.0
377.0	0.0	0.0	0.0	0.0	0.0	0.0	0.0	0.0	0.0
378.0	0.0	0.0	0.0	0.0	0.0	0.0	0.0	0.0	0.0
379.0	0.0	0.0	0.0	0.0	0.0	0.0	0.0	0.0	0.0
380.0	0.0	0.0	0.0	0.0	0.0	0.0	0.0	0.0	0.0
381.0	0.0	0.0	0.0	0.0	0.0	0.0	0.0	0.0	0.0
382.0	0.0	0.0	0.0	0.0	0.0	0.0	0.0	0.0	0.0
383.0	0.0	0.0	0.0	0.0	0.0	0.0	0.0	0.0	0.0
384.0	0.0	0.0	0.0	0.0	0.0	0.0	0.0	0.0	0.0
385.0	0.0	0.0	0.0	0.0	0.0	0.0	0.0	0.0	0.0
386.0	0.0	0.0	0.0	0.0	0.0	0.0	0.0	0.0	0.0
387.0	0.0	0.0	0.0	0.0	0.0	0.0	0.0	0.0	0.0
388.0	0.0	0.0	0.0	0.0	0.0	0.0	0.0	0.0	0.0
389.0	5.0E-6	0.0	0.0	1.0E-4	4.750000000000003E-10	2.500000000000001E-11	9.025000000000001E-9	-4.551858457912786E-6	1.4551858457912788E-5
390.0	0.0	0.0	0.0	0.0	0.0	0.0	0.0	0.0	0.0
391.0	0.0	0.0	0.0	0.0	0.0	0.0	0.0	0.0	0.0
392.0	0.0	0.0	0.0	0.0	0.0	0.0	0.0	0.0	0.0
393.0	0.0	0.0	0.0	0.0	0.0	0.0	0.0	0.0	0.0
394.0	0.0	0.0	0.0	0.0	0.0	0.0	0.0	0.0	0.0
395.0	0.0	0.0	0.0	0.0	0.0	0.0	0.0	0.0	0.0
396.0	0.0	0.0	0.0	0.0	0.0	0.0	0.0	0.0	0.0
397.0	0.0	0.0	0.0	0.0	0.0	0.0	0.0	0.0	0.0
398.0	0.0	0.0	0.0	0.0	0.0	0.0	0.0	0.0	0.0
399.0	0.0	0.0	0.0	0.0	0.0	0.0	0.0	0.0	0.0
400.0	0.0	0.0	0.0	0.0	0.0	0.0	0.0	0.0	0.0
401.0	0.0	0.0	0.0	0.0	0.0	0.0	0.0	0.0	0.0
402.0	0.0	0.0	0.0	0.0	0.0	0.0	0.0	0.0	0.0
403.0	0.0	0.0	0.0	0.0	0.0	0.0	0.0	0.0	0.0
404.0	0.0	0.0	0.0	0.0	0.0	0.0	0.0	0.0	0.0
405.0	0.0	0.0	0.0	0.0	0.0	0.0	0.0	0.0	0.0
406.0	0.0	0.0	0.0	0.0	0.0	0.0	0.0	0.0	0.0
407.0	0.0	0.0	0.0	0.0	0.0	0.0	0.0	0.0	0.0
408.0	0.0	0.0	0.0	0.0	0.0	0.0	0.0	0.0	0.0
409.0	0.0	0.0	0.0	0.0	0.0	0.0	0.0	0.0	0.0
410.0	0.0	0.0	0.0	0.0	0.0	0.0	0.0	0.0	0.0
411.0	0.0	0.0	0.0	0.0	0.0	0.0	0.0	0.0	0.0
412.0	0.0	0.0	0.0	0.0	0.0	0.0	0.0	0.0	0.0
413.0	0.0	0.0	0.0	0.0	0.0	0.0	0.0	0.0	0.0
414.0	0.0	0.0	0.0	0.0	0.0	0.0	0.0	0.0	0.0
415.0	0.0	0.0	0.0	0.0	0.0	0.0	0.0	0.0	0.0
416.0	0.0	0.0	0.0	0.0	0.0	0.0	0.0	0.0	0.0
417.0	0.0	0.0	0.0	0.0	0.0	0.0	0.0	0.0	0.0
418.0	0.0	0.0	0.0	0.0	0.0	0.0	0.0	0.0	0.0
419.0	0.0	0.0	0.0	0.0	0.0	0.0	0.0	0.0	0.0
420.0	0.0	0.0	0.0	0.0	0.0	0.0	0.0	0.0	0.0
421.0	0.0	0.0	0.0	0.0	0.0	0.0	0.0	0.0	0.0
422.0	0.0	0.0	0.0	0.0	0.0	0.0	0.0	0.0	0.0
423.0	0.0	0.0	0.0	0.0	0.0	0.0	0.0	0.0	0.0
424.0	0.0	0.0	0.0	0.0	0.0	0.0	0.0	0.0	0.0
425.0	0.0	0.0	0.0	0.0	0.0	0.0	0.0	0.0	0.0
426.0	0.0	0.0	0.0	0.0	0.0	0.0	0.0	0.0	0.0
427.0	0.0	0.0	0.0	0.0	0.0	0.0	0.0	0.0	0.0
428.0	0.0	0.0	0.0	0.0	0.0	0.0	0.0	0.0	0.0
429.0	0.0	0.0	0.0	0.0	0.0	0.0	0.0	0.0	0.0
430.0	0.0	0.0	0.0	0.0	0.0	0.0	0.0	0.0	0.0
431.0	0.0	0.0	0.0	0.0	0.0	0.0	0.0	0.0	0.0
432.0	0.0	0.0	0.0	0.0	0.0	0.0	0.0	0.0	0.0
433.0	0.0	0.0	0.0	0.0	0.0	0.0	0.0	0.0	0.0
434.0	0.0	0.0	0.0	0.0	0.0	0.0	0.0	0.0	0.0
435.0	0.0	0.0	0.0	0.0	0.0	0.0	0.0	0.0	0.0
436.0	0.0	0.0	0.0	0.0	0.0	0.0	0.0	0.0	0.0
437.0	0.0	0.0	0.0	0.0	0.0	0.0	0.0	0.0	0.0
438.0	0.0	0.0	0.0	0.0	0.0	0.0	0.0	0.0	0.0
439.0	0.0	0.0	0.0	0.0	0.0	0.0	0.0	0.0	0.0
440.0	0.0	0.0	0.0	0.0	0.0	0.0	0.0	0.0	0.0
441.0	0.0	0.0	0.0	0.0	0.0	0.0	0.0	0.0	0.0
442.0	0.0	0.0	0.0	0.0	0.0	0.0	0.0	0.0	0.0
443.0	0.0	0.0	0.0	0.0	0.0	0.0	0.0	0.0	0.0
444.0	0.0	0.0	0.0	0.0	0.0	0.0	0.0	0.0	0.0
445.0	0.0	0.0	0.0	0.0	0.0	0.0	0.0	0.0	0.0
446.0	0.0	0.0	0.0	0.0	0.0	0.0	0.0	0.0	0.0
447.0	0.0	0.0	0.0	0.0	0.0	0.0	0.0	0.0	0.0
448.0	0.0	0.0	0.0	0.0	0.0	0.0	0.0	0.0	0.0
449.0	0.0	0.0	0.0	0.0	0.0	0.0	0.0	0.0	0.0
450.0	0.0	0.0	0.0	0.0	0.0	0.0	0.0	0.0	0.0
451.0	0.0	0.0	0.0	0.0	0.0	0.0	0.0	0.0	0.0
452.0	0.0	0.0	0.0	0.0	0.0	0.0	0.0	0.0	0.0
453.0	0.0	0.0	0.0	0.0	0.0	0.0	0.0	0.0	0.0
454.0	0.0	0.0	0.0	0.0	0.0	0.0	0.0	0.0	0.0
455.0	0.0	0.0	0.0	0.0	0.0	0.0	0.0	0.0	0.0
456.0	0.0	0.0	0.0	0.0	0.0	0.0	0.0	0.0	0.0
457.0	0.0	0.0	0.0	0.0	0.0	0.0	0.0	0.0	0.0
458.0	0.0	0.0	0.0	0.0	0.0	0.0	0.0	0.0	0.0
459.0	0.0	0.0	0.0	0.0	0.0	0.0	0.0	0.0	0.0
460.0	0.0	0.0	0.0	0.0	0.0	0.0	0.0	0.0	0.0
461.0	5.0E-6	0.0	0.0	1.0E-4	4.750000000000002E-10	2.500000000000001E-11	9.025000000000001E-9	-4.551858457912785E-6	1.4551858457912785E-5
