0.0	0.0018700000000000001	0.0017	6.0E-4	0.0037	6.890999999999999E-7	5.059909090909092E-7	9.128999999999998E-7	0.0015061836617192683	0.002233816338280732
1.0	0.0022849999999999997	0.0024	0.0013	0.0032	2.1227500000000007E-7	3.439392857142854E-7	1.413788461538463E-7	0.0020830748108828416	0.0024869251891171578
2.0	0.069575	0.0698	0.064	0.0741	7.261875E-6	8.648958333333316E-6	6.126988636363653E-6	0.06839395768492403	0.07075604231507597
3.0	0.21478499999999995	0.2145	0.2042	0.2255	2.9844275000000037E-5	2.678040681818142E-5	3.358900277777833E-5	0.21239073845580725	0.21717926154419265
4.0	0.17190499999999997	0.1742	0.1617	0.1792	2.259947499999999E-5	2.8784802777777536E-5	1.7538752272727452E-5	0.16982151562088887	0.17398848437911107
5.0	0.12428999999999998	0.1247	0.1183	0.1349	1.7292900000000012E-5	1.44188999999999E-5	2.0166900000000117E-5	0.12246746872948636	0.1261125312705136
6.0	0.0809	0.0809	0.0736	0.0889	1.6789E-5	1.718399999999999E-5	1.8215555555555577E-5	0.07910421852108894	0.08269578147891106
7.0	0.062345000000000005	0.0628	0.0564	0.0653	6.669474999999994E-6	1.0583275000000021E-5	4.060274999999978E-6	0.06121315515285884	0.06347684484714117
8.0	0.044849999999999994	0.0448	0.0421	0.0479	3.5065000000000002E-6	3.178863636363619E-6	3.906944444444467E-6	0.044029312166533455	0.04567068783346653
9.0	0.03968	0.0401	0.0345	0.0444	6.599600000000001E-6	7.207599999999999E-6	5.991600000000002E-6	0.038554099841016085	0.040805900158983915
10.0	0.03024	0.0305	0.027	0.0332	2.6833999999999996E-6	3.1504888888888883E-6	2.301236363636364E-6	0.02952206722320262	0.03095793277679738
11.0	0.025005	0.0253	0.0221	0.0277	3.545474999999999E-6	3.519324999999995E-6	3.5716250000000007E-6	0.024179763768366898	0.0258302362316331
12.0	0.019469999999999998	0.02	0.0168	0.0226	3.0441E-6	3.4124555555555488E-6	2.742718181818187E-6	0.01870533619936602	0.020234663800633976
13.0	0.016445000000000005	0.0167	0.0149	0.0204	1.8464750000000006E-6	1.3433250000000108E-6	2.3496249999999902E-6	0.015849457459118164	0.017040542540881845
14.0	0.013680000000000001	0.0138	0.011	0.0149	8.796000000000002E-7	1.4781500000000025E-6	4.805666666666653E-7	0.013268960381471568	0.014091039618528435
15.0	0.011205	0.0113	0.009	0.0138	1.4054749999999999E-6	1.459925E-6	1.3510250000000001E-6	0.01068541974825827	0.01172458025174173
16.0	0.009249999999999998	0.0094	0.007	0.0113	1.5754999999999998E-6	1.648499999999995E-6	1.502500000000004E-6	0.008699889065733098	0.009800110934266897
17.0	0.0074800000000000005	0.0074	0.0056	0.0093	9.896E-7	7.39733333333334E-7	1.3643999999999987E-6	0.007044015633307799	0.007915984366692202
18.0	0.00668	0.0071	0.0046	0.0077	7.786000000000003E-7	1.8147333333333342E-6	3.345428571428571E-7	0.00629327853951455	0.007066721460485451
19.0	0.00564	0.0056	0.0043	0.0072	7.763999999999999E-7	5.963272727272729E-7	9.964888888888885E-7	0.005253825283064777	0.0060261747169352235
20.0	0.005085	0.005	0.0038	0.0068	6.39275E-7	4.7131590909090934E-7	8.445583333333332E-7	0.004734583188188694	0.005435416811811306
21.0	0.004305	0.0043	0.0035	0.0052	2.6247499999999987E-7	2.101159090909089E-7	3.264694444444444E-7	0.004080464483878385	0.0045295355161216145
22.0	0.00329	0.0033	0.0024	0.0046	3.429E-7	3.7060000000000005E-7	3.2443333333333337E-7	0.0030333597225687286	0.0035466402774312713
23.0	0.0031850000000000003	0.0032	0.0023	0.0047	3.46275E-7	3.205583333333337E-7	3.6731590909090884E-7	0.002927099821636355	0.0034429001783636455
24.0	0.002505	0.0026	0.0016	0.0037	2.9847500000000003E-7	3.2935833333333316E-7	2.7320681818181826E-7	0.00226556090962418	0.0027444390903758197
25.0	0.002065	0.0021	0.0013	0.0034	3.64275E-7	3.0742499999999996E-7	4.21125E-7	0.0018004816792734388	0.0023295183207265612
26.0	0.0018350000000000003	0.0017	0.001	0.003	3.5127500000000013E-7	2.0522500000000022E-7	5.703499999999998E-7	0.0015752445342249756	0.0020947554657750247
27.0	0.0017400000000000002	0.0017	0.0012	0.0028	1.4640000000000001E-7	1.0232727272727287E-7	2.0026666666666653E-7	0.001572308282852134	0.0019076917171478665
28.0	0.001475	0.0015	9.0E-4	0.002	8.387499999999999E-8	8.612499999999999E-8	8.162500000000002E-8	0.0013480720282995115	0.0016019279717004885
29.0	0.0013200000000000002	0.0014	7.0E-4	0.0021	8.759999999999999E-8	8.240000000000009E-8	9.279999999999986E-8	0.0011902841258750498	0.0014497158741249507
30.0	0.001135	0.0011	7.0E-4	0.0018	7.027499999999997E-8	5.840681818181816E-8	8.478055555555555E-8	0.0010188172904430268	0.001251182709556973
31.0	0.00116	0.0012	4.0E-4	0.0019	1.3340000000000002E-7	1.5759999999999998E-7	1.1360000000000001E-7	9.999266668054918E-4	0.0013200733331945082
32.0	9.649999999999999E-4	0.001	3.0E-4	0.0016	1.44275E-7	1.706694444444444E-7	1.226795454545455E-7	7.98529756412745E-4	0.0011314702435872548
33.0	9.9E-4	0.0011	4.0E-4	0.0016	1.209E-7	1.4543333333333335E-7	1.0082727272727273E-7	8.376107877833867E-4	0.0011423892122166134
34.0	7.699999999999999E-4	6.0E-4	3.0E-4	0.0016	1.1710000000000001E-7	6.823333333333328E-8	1.9040000000000012E-7	6.200247753793979E-4	9.199752246206018E-4
35.0	7.15E-4	7.0E-4	4.0E-4	0.0013	4.827499999999999E-8	2.8071153846153866E-8	8.579642857142853E-8	6.187053376349447E-4	8.112946623650553E-4
36.0	5.799999999999999E-4	6.0E-4	2.0E-4	0.0012	6.859999999999999E-8	5.159999999999997E-8	8.560000000000001E-8	4.652102443595247E-4	6.94789755640475E-4
37.0	6.9E-4	7.0E-4	1.0E-4	0.001	4.29E-8	7.55285714285714E-8	2.533076923076924E-8	5.992242763730301E-4	7.807757236269698E-4
38.0	5.399999999999999E-4	6.0E-4	1.0E-4	0.001	8.739999999999999E-8	8.139999999999996E-8	9.340000000000006E-8	4.104322879726588E-4	6.69567712027341E-4
39.0	4.249999999999999E-4	4.0E-4	1.0E-4	9.0E-4	4.4874999999999997E-8	3.312499999999998E-8	6.250000000000002E-8	3.3215825292466747E-4	5.178417470753324E-4
40.0	4.499999999999999E-4	5.0E-4	1.0E-4	0.001	7.649999999999999E-8	7.138888888888884E-8	8.068181818181823E-8	3.2878069460684067E-4	5.712193053931591E-4
41.0	4.249999999999999E-4	5.0E-4	1.0E-4	8.0E-4	4.1874999999999996E-8	4.3124999999999964E-8	4.062500000000002E-8	3.3531527443315663E-4	5.146847255668432E-4
42.0	3.4499999999999993E-4	3.0E-4	0.0	8.0E-4	3.1474999999999996E-8	2.1358333333333318E-8	4.6650000000000024E-8	2.672457846801859E-4	4.2275421531981397E-4
43.0	3.65E-4	4.0E-4	1.0E-4	6.0E-4	1.6274999999999995E-8	1.9224999999999995E-8	1.3861363636363643E-8	3.09088444843664E-4	4.2091155515633594E-4
44.0	2.999999999999999E-4	3.0E-4	1.0E-4	5.0E-4	1.2000000000000002E-8	1.9999999999999977E-8	8.571428571428582E-9	2.5199000104144965E-4	3.480099989585502E-4
45.0	3.0500000000000004E-4	2.0E-4	1.0E-4	7.0E-4	4.247499999999999E-8	2.052500000000001E-8	9.369166666666665E-8	2.1467504220870078E-4	3.953249577912993E-4
46.0	3.3E-4	3.0E-4	0.0	8.0E-4	4.1100000000000004E-8	3.2536363636363645E-8	5.1566666666666665E-8	2.411490686599178E-4	4.188509313400822E-4
47.0	2.6E-4	2.0E-4	1.0E-4	8.0E-4	3.1400000000000016E-8	1.7599999999999995E-8	4.8266666666666695E-8	1.8233847799585689E-4	3.376615220041431E-4
48.0	2.3000000000000003E-4	2.0E-4	0.0	7.0E-4	2.41E-8	1.4900000000000003E-8	3.789999999999999E-8	1.619623045657777E-4	2.980376954342224E-4
49.0	1.8E-4	2.0E-4	0.0	4.0E-4	1.5599999999999994E-8	1.795555555555556E-8	1.367272727272727E-8	1.2526017902842577E-4	2.3473982097157425E-4
50.0	2.0999999999999995E-4	2.0E-4	0.0	5.0E-4	1.99E-8	1.2407692307692297E-8	3.381428571428573E-8	1.4817450364129696E-4	2.7182549635870295E-4
51.0	1.8E-4	2.0E-4	0.0	4.0E-4	1.2600000000000002E-8	1.6150000000000002E-8	1.023333333333333E-8	1.3080439043979637E-4	2.2919560956020365E-4
52.0	2.0500000000000002E-4	2.0E-4	0.0	5.0E-4	2.0474999999999996E-8	1.2167857142857148E-8	3.9858333333333335E-8	1.422876567173575E-4	2.677123432826426E-4
53.0	1.45E-4	1.0E-4	0.0	4.0E-4	1.5474999999999998E-8	1.2388636363636364E-8	1.9247222222222222E-8	9.04799303008516E-5	1.995200696991484E-4
54.0	1.5E-4	1.0E-4	0.0	5.0E-4	1.9500000000000003E-8	1.3409090909090909E-8	2.694444444444445E-8	8.879901961569568E-5	2.112009803843043E-4
55.0	1.4E-4	1.0E-4	0.0	6.0E-4	1.9400000000000005E-8	8.523076923076922E-9	3.9600000000000004E-8	7.895614691060203E-5	2.0104385308939793E-4
56.0	1.3499999999999997E-4	1.0E-4	0.0	4.0E-4	9.274999999999997E-9	5.14807692307692E-9	1.693928571428572E-8	9.279168328397825E-5	1.772083167160217E-4
57.0	1.1499999999999998E-4	1.0E-4	0.0	3.0E-4	7.274999999999997E-9	3.6916666666666637E-9	1.8025E-8	7.761842699938911E-5	1.5238157300061084E-4
58.0	1.6499999999999997E-4	1.0E-4	0.0	5.0E-4	1.5275000000000003E-8	8.058333333333331E-9	2.6100000000000002E-8	1.1083338666669289E-4	2.1916661333330707E-4
59.0	1.5000000000000001E-4	1.0E-4	0.0	5.0E-4	1.8499999999999994E-8	1.340909090909091E-8	2.472222222222222E-8	9.038892720307748E-5	2.0961107279692255E-4
60.0	1.2000000000000002E-4	1.0E-4	0.0	4.0E-4	1.2599999999999999E-8	6.400000000000003E-9	2.706666666666666E-8	7.080439043979637E-5	1.6919560956020366E-4
61.0	9.5E-5	1.0E-4	0.0	4.0E-4	1.0475000000000003E-8	9.025000000000001E-9	1.1255769230769232E-8	5.0144253433924433E-5	1.3985574656607557E-4
62.0	9.000000000000002E-5	1.0E-4	0.0	3.0E-4	5.899999999999998E-9	8.100000000000001E-9	4.957142857142856E-9	5.6335894486857395E-5	1.2366410551314266E-4
63.0	1.0E-4	1.0E-4	0.0	3.0E-4	1.1E-8	9.999999999999999E-9	2.8000000000000003E-8	5.40339255537304E-5	1.459660744462696E-4
64.0	9.0E-5	1.0E-4	0.0	3.0E-4	8.899999999999997E-9	8.100000000000001E-9	9.433333333333328E-9	4.86537547049312E-5	1.313462452950688E-4
65.0	1.2999999999999996E-4	1.0E-4	0.0	4.0E-4	1.0099999999999998E-8	5.823076923076918E-9	1.804285714285715E-8	8.595447809368127E-5	1.7404552190631865E-4
66.0	8.5E-5	1.0E-4	0.0	4.0E-4	1.0275000000000003E-8	7.225000000000002E-9	1.2770454545454545E-8	4.057453432995891E-5	1.2942546567004112E-4
67.0	9.000000000000002E-5	1.0E-4	0.0	3.0E-4	5.899999999999998E-9	8.100000000000001E-9	4.9571428571428545E-9	5.6335894486857395E-5	1.2366410551314266E-4
68.0	7.500000000000001E-5	0.0	0.0	2.0E-4	7.875E-9	5.625E-9	1.0624999999999998E-8	3.610745572735053E-5	1.1389254427264948E-4
69.0	6.500000000000002E-5	1.0E-4	0.0	2.0E-4	4.2749999999999986E-9	4.225000000000003E-9	4.315909090909089E-9	3.634442462626167E-5	9.365557537373837E-5
70.0	6.000000000000001E-5	0.0	0.0	2.0E-4	5.4E-9	3.5999999999999996E-9	7.6E-9	2.7793913618696243E-5	9.220608638130378E-5
71.0	6.000000000000001E-5	0.0	0.0	3.0E-4	8.400000000000002E-9	3.5999999999999996E-9	1.7314285714285716E-8	1.9831952997438376E-5	1.0016804700256164E-4
72.0	9.0E-5	1.0E-4	0.0	3.0E-4	7.900000000000001E-9	8.100000000000001E-9	7.766666666666663E-9	5.10457704478705E-5	1.289542295521295E-4
73.0	4.5E-5	0.0	0.0	2.0E-4	4.475000000000001E-9	2.0250000000000003E-9	9.025000000000001E-9	1.5681780408762882E-5	7.431821959123712E-5
74.0	5.000000000000001E-5	0.0	0.0	2.0E-4	3.5000000000000016E-9	2.5000000000000013E-9	4.722222222222224E-9	2.4071637151567018E-5	7.5928362848433E-5
75.0	2.0E-5	0.0	0.0	2.0E-4	2.5999999999999976E-9	4.000000000000002E-10	1.506666666666667E-8	-2.3474383319430924E-6	4.2347438331943096E-5
76.0	5.5E-5	0.0	0.0	3.0E-4	7.474999999999996E-9	3.025E-9	1.573928571428572E-8	1.7108074738804853E-5	9.289192526119515E-5
77.0	2.5E-5	0.0	0.0	2.0E-4	3.8749999999999975E-9	6.250000000000001E-10	2.2291666666666666E-8	-2.282045377867096E-6	5.22820453778671E-5
78.0	7.500000000000002E-5	1.0E-4	0.0	2.0E-4	4.874999999999999E-9	5.625000000000004E-9	4.375E-9	4.4399509807847874E-5	1.0560049019215216E-4
79.0	3.5000000000000004E-5	0.0	0.0	2.0E-4	4.275E-9	1.2249999999999998E-9	1.3425E-8	6.3444246262616484E-6	6.365557537373836E-5
80.0	3.0000000000000004E-5	0.0	0.0	2.0E-4	3.1000000000000005E-9	8.999999999999999E-10	9.7E-9	5.5981967879420916E-6	5.440180321205792E-5
81.0	6.000000000000001E-5	0.0	0.0	3.0E-4	7.4E-9	3.5999999999999996E-9	1.3099999999999998E-8	2.2298647239124183E-5	9.770135276087583E-5
82.0	7.500000000000002E-5	1.0E-4	0.0	2.0E-4	5.8750000000000005E-9	5.625000000000004E-9	6.079545454545454E-9	4.1407292458034907E-5	1.0859270754196514E-4
83.0	6.0000000000000015E-5	0.0	0.0	2.0E-4	5.4E-9	3.6000000000000016E-9	7.599999999999997E-9	2.779391361869625E-5	9.220608638130378E-5
84.0	1.5000000000000002E-5	0.0	0.0	1.0E-4	1.2750000000000003E-9	2.2499999999999997E-10	7.225000000000001E-9	-6.493450342178852E-7	3.064934503421789E-5
85.0	2.0E-5	0.0	0.0	1.0E-4	1.6E-9	4.000000000000002E-10	6.400000000000001E-9	2.469227056401651E-6	3.7530772943598356E-5
86.0	1.5000000000000002E-5	0.0	0.0	1.0E-4	1.2750000000000003E-9	2.2499999999999997E-10	7.225000000000001E-9	-6.493450342178852E-7	3.064934503421789E-5
87.0	5.5000000000000016E-5	0.0	0.0	2.0E-4	4.475000000000001E-9	3.025000000000002E-9	6.247222222222222E-9	2.5681780408762895E-5	8.431821959123714E-5
88.0	6.500000000000002E-5	1.0E-4	0.0	2.0E-4	4.275E-9	4.225000000000003E-9	4.3159090909090886E-9	3.6344424626261666E-5	9.365557537373837E-5
89.0	3.0000000000000004E-5	0.0	0.0	2.0E-4	4.100000000000001E-9	8.999999999999999E-10	1.6900000000000002E-8	1.9370707159783495E-6	5.8062929284021655E-5
90.0	3.5000000000000004E-5	0.0	0.0	2.0E-4	4.274999999999999E-9	1.2249999999999998E-9	1.3425E-8	6.344424626261655E-6	6.365557537373835E-5
91.0	3.0000000000000004E-5	0.0	0.0	2.0E-4	3.1000000000000005E-9	8.999999999999999E-10	9.7E-9	5.5981967879420916E-6	5.440180321205792E-5
92.0	2.5E-5	0.0	0.0	1.0E-4	1.8750000000000007E-9	6.250000000000001E-10	5.625000000000001E-9	6.022381603583657E-6	4.3977618396416345E-5
93.0	3.5000000000000004E-5	0.0	0.0	2.0E-4	3.275E-9	1.2249999999999998E-9	8.058333333333334E-9	9.918891571543338E-6	6.0081108428456666E-5
94.0	2.0E-5	0.0	0.0	1.0E-4	1.6000000000000005E-9	4.000000000000002E-10	6.400000000000001E-9	2.469227056401651E-6	3.7530772943598356E-5
95.0	2.0E-5	0.0	0.0	2.0E-4	2.5999999999999997E-9	4.000000000000002E-10	1.506666666666667E-8	-2.3474383319431026E-6	4.234743833194311E-5
96.0	3.0000000000000004E-5	0.0	0.0	2.0E-4	3.1000000000000005E-9	8.999999999999999E-10	9.7E-9	5.5981967879420916E-6	5.440180321205792E-5
97.0	2.0E-5	0.0	0.0	1.0E-4	1.6E-9	4.000000000000002E-10	6.400000000000001E-9	2.469227056401651E-6	3.7530772943598356E-5
98.0	1.0E-5	0.0	0.0	1.0E-4	8.999999999999998E-10	1.0000000000000006E-10	8.100000000000001E-9	-3.1480797076987604E-6	2.3148079707698764E-5
99.0	3.0000000000000004E-5	0.0	0.0	2.0E-4	3.1000000000000005E-9	8.999999999999999E-10	9.7E-9	5.5981967879420916E-6	5.440180321205792E-5
100.0	5.0E-5	0.0	0.0	3.0E-4	6.5E-9	2.5E-9	1.3928571428571428E-8	1.4665597500452906E-5	8.53344024995471E-5
101.0	3.5E-5	0.0	0.0	2.0E-4	3.275E-9	1.2249999999999996E-9	8.058333333333334E-9	9.918891571543331E-6	6.0081108428456666E-5
102.0	4.500000000000001E-5	0.0	0.0	2.0E-4	4.475000000000004E-9	2.0250000000000003E-9	9.025000000000001E-9	1.5681780408762882E-5	7.431821959123714E-5
103.0	1.5000000000000002E-5	0.0	0.0	1.0E-4	1.2750000000000003E-9	2.2499999999999997E-10	7.225000000000001E-9	-6.493450342178852E-7	3.064934503421789E-5
104.0	1.5000000000000002E-5	0.0	0.0	1.0E-4	1.2750000000000003E-9	2.2499999999999997E-10	7.225000000000001E-9	-6.493450342178852E-7	3.064934503421789E-5
105.0	5.0E-6	0.0	0.0	1.0E-4	4.750000000000001E-10	2.500000000000001E-11	9.025000000000001E-9	-4.551858457912783E-6	1.4551858457912785E-5
106.0	2.0E-5	0.0	0.0	1.0E-4	1.5999999999999994E-9	4.000000000000002E-10	6.400000000000001E-9	2.4692270564016545E-6	3.753077294359835E-5
107.0	1.5000000000000002E-5	0.0	0.0	1.0E-4	1.2750000000000003E-9	2.2499999999999997E-10	7.225000000000001E-9	-6.493450342178852E-7	3.064934503421789E-5
108.0	5.0E-6	0.0	0.0	1.0E-4	4.750000000000002E-10	2.500000000000001E-11	9.025000000000001E-9	-4.551858457912785E-6	1.4551858457912785E-5
109.0	1.5000000000000002E-5	0.0	0.0	1.0E-4	1.2750000000000003E-9	2.2499999999999997E-10	7.225000000000001E-9	-6.493450342178852E-7	3.064934503421789E-5
110.0	1.5000000000000002E-5	0.0	0.0	1.0E-4	1.2750000000000003E-9	2.2499999999999997E-10	7.225000000000001E-9	-6.493450342178852E-7	3.064934503421789E-5
111.0	0.0	0.0	0.0	0.0	0.0	0.0	0.0	0.0	0.0
112.0	0.0	0.0	0.0	0.0	0.0	0.0	0.0	0.0	0.0
113.0	1.0E-5	0.0	0.0	1.0E-4	9.000000000000006E-10	1.0000000000000006E-10	8.100000000000001E-9	-3.148079707698767E-6	2.314807970769877E-5
114.0	1.5000000000000002E-5	0.0	0.0	1.0E-4	1.2750000000000003E-9	2.2499999999999997E-10	7.225000000000001E-9	-6.493450342178852E-7	3.064934503421789E-5
115.0	5.0E-6	0.0	0.0	1.0E-4	4.750000000000002E-10	2.500000000000001E-11	9.025000000000001E-9	-4.551858457912785E-6	1.4551858457912785E-5
116.0	1.5000000000000002E-5	0.0	0.0	1.0E-4	1.2750000000000003E-9	2.2499999999999997E-10	7.225000000000001E-9	-6.493450342178852E-7	3.064934503421789E-5
117.0	2.0E-5	0.0	0.0	1.0E-4	1.5999999999999994E-9	4.000000000000002E-10	6.400000000000001E-9	2.4692270564016545E-6	3.753077294359835E-5
118.0	1.0E-5	0.0	0.0	2.0E-4	1.9000000000000005E-9	1.0000000000000004E-10	3.6100000000000006E-8	-9.103716915825566E-6	2.910371691582557E-5
119.0	1.5000000000000002E-5	0.0	0.0	2.0E-4	2.274999999999998E-9	2.25E-10	2.0725E-8	-5.904114427547498E-6	3.59041144275475E-5
120.0	1.0E-5	0.0	0.0	1.0E-4	9.0E-10	1.0000000000000006E-10	8.100000000000001E-9	-3.148079707698762E-6	2.3148079707698764E-5
121.0	1.5000000000000002E-5	0.0	0.0	1.0E-4	1.2750000000000003E-9	2.2499999999999997E-10	7.225000000000001E-9	-6.493450342178852E-7	3.064934503421789E-5
122.0	0.0	0.0	0.0	0.0	0.0	0.0	0.0	0.0	0.0
123.0	2.0E-5	0.0	0.0	1.0E-4	1.6000000000000005E-9	4.000000000000002E-10	6.400000000000001E-9	2.469227056401651E-6	3.7530772943598356E-5
124.0	1.0E-5	0.0	0.0	1.0E-4	9.000000000000004E-10	1.0000000000000006E-10	8.100000000000001E-9	-3.1480797076987655E-6	2.3148079707698767E-5
125.0	1.0E-5	0.0	0.0	2.0E-4	1.9000000000000005E-9	1.0000000000000004E-10	3.6100000000000006E-8	-9.103716915825566E-6	2.910371691582557E-5
126.0	1.0E-5	0.0	0.0	1.0E-4	9.000000000000003E-10	1.0000000000000006E-10	8.100000000000001E-9	-3.148079707698764E-6	2.3148079707698764E-5
127.0	1.0E-5	0.0	0.0	1.0E-4	9.000000000000004E-10	1.0000000000000006E-10	8.100000000000001E-9	-3.1480797076987655E-6	2.3148079707698767E-5
128.0	2.0E-5	0.0	0.0	1.0E-4	1.6E-9	4.000000000000002E-10	6.400000000000001E-9	2.469227056401651E-6	3.7530772943598356E-5
129.0	1.5000000000000002E-5	0.0	0.0	1.0E-4	1.2750000000000003E-9	2.2499999999999997E-10	7.225000000000001E-9	-6.493450342178852E-7	3.064934503421789E-5
130.0	1.0E-5	0.0	0.0	1.0E-4	8.999999999999995E-10	1.0000000000000006E-10	8.100000000000001E-9	-3.148079707698757E-6	2.3148079707698757E-5
131.0	5.0E-6	0.0	0.0	1.0E-4	4.750000000000001E-10	2.500000000000001E-11	9.025000000000001E-9	-4.551858457912783E-6	1.4551858457912785E-5
132.0	5.0E-6	0.0	0.0	1.0E-4	4.750000000000003E-10	2.500000000000001E-11	9.025000000000001E-9	-4.551858457912786E-6	1.4551858457912788E-5
133.0	5.0E-6	0.0	0.0	1.0E-4	4.750000000000002E-10	2.500000000000001E-11	9.025000000000001E-9	-4.551858457912785E-6	1.4551858457912785E-5
134.0	1.0E-5	0.0	0.0	1.0E-4	9.000000000000003E-10	1.0000000000000006E-10	8.100000000000001E-9	-3.148079707698764E-6	2.3148079707698764E-5
135.0	5.0E-6	0.0	0.0	1.0E-4	4.750000000000002E-10	2.500000000000001E-11	9.025000000000001E-9	-4.551858457912785E-6	1.4551858457912785E-5
136.0	1.0E-5	0.0	0.0	1.0E-4	9.000000000000001E-10	1.0000000000000006E-10	8.100000000000001E-9	-3.148079707698762E-6	2.3148079707698764E-5
137.0	1.0E-5	0.0	0.0	1.0E-4	8.999999999999998E-10	1.0000000000000006E-10	8.100000000000001E-9	-3.1480797076987604E-6	2.3148079707698764E-5
138.0	5.0E-6	0.0	0.0	1.0E-4	4.750000000000002E-10	2.500000000000001E-11	9.025000000000001E-9	-4.551858457912785E-6	1.4551858457912785E-5
139.0	1.5000000000000002E-5	0.0	0.0	1.0E-4	1.2750000000000003E-9	2.2499999999999997E-10	7.225000000000001E-9	-6.493450342178852E-7	3.064934503421789E-5
140.0	1.0E-5	0.0	0.0	1.0E-4	9.000000000000006E-10	1.0000000000000006E-10	8.100000000000001E-9	-3.148079707698767E-6	2.314807970769877E-5
141.0	0.0	0.0	0.0	0.0	0.0	0.0	0.0	0.0	0.0
142.0	5.0E-6	0.0	0.0	1.0E-4	4.750000000000003E-10	2.500000000000001E-11	9.025000000000001E-9	-4.551858457912786E-6	1.4551858457912788E-5
143.0	1.0E-5	0.0	0.0	1.0E-4	9.000000000000004E-10	1.0000000000000006E-10	8.100000000000001E-9	-3.1480797076987655E-6	2.3148079707698767E-5
144.0	5.0E-6	0.0	0.0	1.0E-4	4.750000000000001E-10	2.500000000000001E-11	9.025000000000001E-9	-4.551858457912783E-6	1.4551858457912785E-5
145.0	1.0E-5	0.0	0.0	1.0E-4	9.0E-10	1.0000000000000006E-10	8.100000000000001E-9	-3.148079707698762E-6	2.3148079707698764E-5
146.0	5.0E-6	0.0	0.0	1.0E-4	4.750000000000003E-10	2.500000000000001E-11	9.025000000000001E-9	-4.551858457912786E-6	1.4551858457912788E-5
147.0	5.0E-6	0.0	0.0	1.0E-4	4.750000000000001E-10	2.500000000000001E-11	9.025000000000001E-9	-4.551858457912783E-6	1.4551858457912785E-5
148.0	5.0E-6	0.0	0.0	1.0E-4	4.750000000000001E-10	2.500000000000001E-11	9.025000000000001E-9	-4.551858457912783E-6	1.4551858457912785E-5
149.0	5.0E-6	0.0	0.0	1.0E-4	4.750000000000003E-10	2.500000000000001E-11	9.025000000000001E-9	-4.551858457912786E-6	1.4551858457912788E-5
150.0	5.0E-6	0.0	0.0	1.0E-4	4.750000000000002E-10	2.500000000000001E-11	9.025000000000001E-9	-4.551858457912785E-6	1.4551858457912785E-5
151.0	1.0E-5	0.0	0.0	1.0E-4	9.000000000000001E-10	1.0000000000000006E-10	8.100000000000001E-9	-3.148079707698762E-6	2.3148079707698764E-5
152.0	0.0	0.0	0.0	0.0	0.0	0.0	0.0	0.0	0.0
153.0	1.0E-5	0.0	0.0	1.0E-4	9.000000000000001E-10	1.0000000000000006E-10	8.100000000000001E-9	-3.148079707698762E-6	2.3148079707698764E-5
154.0	5.0E-6	0.0	0.0	1.0E-4	4.750000000000002E-10	2.500000000000001E-11	9.025000000000001E-9	-4.551858457912785E-6	1.4551858457912785E-5
155.0	0.0	0.0	0.0	0.0	0.0	0.0	0.0	0.0	0.0
156.0	0.0	0.0	0.0	0.0	0.0	0.0	0.0	0.0	0.0
157.0	0.0	0.0	0.0	0.0	0.0	0.0	0.0	0.0	0.0
158.0	5.0E-6	0.0	0.0	1.0E-4	4.750000000000003E-10	2.500000000000001E-11	9.025000000000001E-9	-4.551858457912786E-6	1.4551858457912788E-5
159.0	5.0E-6	0.0	0.0	1.0E-4	4.750000000000002E-10	2.500000000000001E-11	9.025000000000001E-9	-4.551858457912785E-6	1.4551858457912785E-5
160.0	5.0E-6	0.0	0.0	1.0E-4	4.750000000000002E-10	2.500000000000001E-11	9.025000000000001E-9	-4.551858457912785E-6	1.4551858457912785E-5
161.0	5.0E-6	0.0	0.0	1.0E-4	4.750000000000001E-10	2.500000000000001E-11	9.025000000000001E-9	-4.551858457912783E-6	1.4551858457912785E-5
162.0	0.0	0.0	0.0	0.0	0.0	0.0	0.0	0.0	0.0
163.0	5.0E-6	0.0	0.0	1.0E-4	4.750000000000003E-10	2.500000000000001E-11	9.025000000000001E-9	-4.551858457912786E-6	1.4551858457912788E-5
164.0	0.0	0.0	0.0	0.0	0.0	0.0	0.0	0.0	0.0
165.0	0.0	0.0	0.0	0.0	0.0	0.0	0.0	0.0	0.0
166.0	0.0	0.0	0.0	0.0	0.0	0.0	0.0	0.0	0.0
167.0	5.0E-6	0.0	0.0	1.0E-4	4.750000000000003E-10	2.500000000000001E-11	9.025000000000001E-9	-4.551858457912786E-6	1.4551858457912788E-5
168.0	0.0	0.0	0.0	0.0	0.0	0.0	0.0	0.0	0.0
169.0	0.0	0.0	0.0	0.0	0.0	0.0	0.0	0.0	0.0
170.0	0.0	0.0	0.0	0.0	0.0	0.0	0.0	0.0	0.0
171.0	1.0E-5	0.0	0.0	1.0E-4	9.000000000000001E-10	1.0000000000000006E-10	8.100000000000001E-9	-3.148079707698762E-6	2.3148079707698764E-5
172.0	0.0	0.0	0.0	0.0	0.0	0.0	0.0	0.0	0.0
173.0	0.0	0.0	0.0	0.0	0.0	0.0	0.0	0.0	0.0
174.0	5.0E-6	0.0	0.0	1.0E-4	4.750000000000003E-10	2.500000000000001E-11	9.025000000000001E-9	-4.551858457912786E-6	1.4551858457912788E-5
175.0	5.0E-6	0.0	0.0	1.0E-4	4.750000000000001E-10	2.500000000000001E-11	9.025000000000001E-9	-4.551858457912783E-6	1.4551858457912785E-5
176.0	1.5000000000000002E-5	0.0	0.0	1.0E-4	1.2750000000000003E-9	2.2499999999999997E-10	7.225000000000001E-9	-6.493450342178852E-7	3.064934503421789E-5
177.0	0.0	0.0	0.0	0.0	0.0	0.0	0.0	0.0	0.0
178.0	5.0E-6	0.0	0.0	1.0E-4	4.750000000000002E-10	2.500000000000001E-11	9.025000000000001E-9	-4.551858457912785E-6	1.4551858457912785E-5
179.0	5.0E-6	0.0	0.0	1.0E-4	4.750000000000002E-10	2.500000000000001E-11	9.025000000000001E-9	-4.551858457912785E-6	1.4551858457912785E-5
180.0	0.0	0.0	0.0	0.0	0.0	0.0	0.0	0.0	0.0
181.0	0.0	0.0	0.0	0.0	0.0	0.0	0.0	0.0	0.0
182.0	5.0E-6	0.0	0.0	1.0E-4	4.750000000000001E-10	2.500000000000001E-11	9.025000000000001E-9	-4.551858457912783E-6	1.4551858457912785E-5
183.0	0.0	0.0	0.0	0.0	0.0	0.0	0.0	0.0	0.0
184.0	0.0	0.0	0.0	0.0	0.0	0.0	0.0	0.0	0.0
185.0	0.0	0.0	0.0	0.0	0.0	0.0	0.0	0.0	0.0
186.0	0.0	0.0	0.0	0.0	0.0	0.0	0.0	0.0	0.0
187.0	0.0	0.0	0.0	0.0	0.0	0.0	0.0	0.0	0.0
188.0	1.0E-5	0.0	0.0	1.0E-4	9.000000000000008E-10	1.0000000000000006E-10	8.100000000000001E-9	-3.148079707698767E-6	2.314807970769877E-5
189.0	0.0	0.0	0.0	0.0	0.0	0.0	0.0	0.0	0.0
190.0	0.0	0.0	0.0	0.0	0.0	0.0	0.0	0.0	0.0
191.0	0.0	0.0	0.0	0.0	0.0	0.0	0.0	0.0	0.0
192.0	0.0	0.0	0.0	0.0	0.0	0.0	0.0	0.0	0.0
193.0	0.0	0.0	0.0	0.0	0.0	0.0	0.0	0.0	0.0
194.0	0.0	0.0	0.0	0.0	0.0	0.0	0.0	0.0	0.0
195.0	0.0	0.0	0.0	0.0	0.0	0.0	0.0	0.0	0.0
196.0	0.0	0.0	0.0	0.0	0.0	0.0	0.0	0.0	0.0
197.0	0.0	0.0	0.0	0.0	0.0	0.0	0.0	0.0	0.0
198.0	0.0	0.0	0.0	0.0	0.0	0.0	0.0	0.0	0.0
199.0	0.0	0.0	0.0	0.0	0.0	0.0	0.0	0.0	0.0
200.0	0.0	0.0	0.0	0.0	0.0	0.0	0.0	0.0	0.0
201.0	0.0	0.0	0.0	0.0	0.0	0.0	0.0	0.0	0.0
202.0	0.0	0.0	0.0	0.0	0.0	0.0	0.0	0.0	0.0
203.0	0.0	0.0	0.0	0.0	0.0	0.0	0.0	0.0	0.0
204.0	0.0	0.0	0.0	0.0	0.0	0.0	0.0	0.0	0.0
205.0	0.0	0.0	0.0	0.0	0.0	0.0	0.0	0.0	0.0
206.0	0.0	0.0	0.0	0.0	0.0	0.0	0.0	0.0	0.0
207.0	0.0	0.0	0.0	0.0	0.0	0.0	0.0	0.0	0.0
208.0	0.0	0.0	0.0	0.0	0.0	0.0	0.0	0.0	0.0
209.0	5.0E-6	0.0	0.0	1.0E-4	4.750000000000001E-10	2.500000000000001E-11	9.025000000000001E-9	-4.551858457912783E-6	1.4551858457912785E-5
210.0	0.0	0.0	0.0	0.0	0.0	0.0	0.0	0.0	0.0
211.0	0.0	0.0	0.0	0.0	0.0	0.0	0.0	0.0	0.0
212.0	0.0	0.0	0.0	0.0	0.0	0.0	0.0	0.0	0.0
213.0	0.0	0.0	0.0	0.0	0.0	0.0	0.0	0.0	0.0
214.0	0.0	0.0	0.0	0.0	0.0	0.0	0.0	0.0	0.0
215.0	0.0	0.0	0.0	0.0	0.0	0.0	0.0	0.0	0.0
216.0	0.0	0.0	0.0	0.0	0.0	0.0	0.0	0.0	0.0
217.0	0.0	0.0	0.0	0.0	0.0	0.0	0.0	0.0	0.0
218.0	0.0	0.0	0.0	0.0	0.0	0.0	0.0	0.0	0.0
219.0	0.0	0.0	0.0	0.0	0.0	0.0	0.0	0.0	0.0
220.0	0.0	0.0	0.0	0.0	0.0	0.0	0.0	0.0	0.0
221.0	0.0	0.0	0.0	0.0	0.0	0.0	0.0	0.0	0.0
222.0	0.0	0.0	0.0	0.0	0.0	0.0	0.0	0.0	0.0
223.0	0.0	0.0	0.0	0.0	0.0	0.0	0.0	0.0	0.0
224.0	0.0	0.0	0.0	0.0	0.0	0.0	0.0	0.0	0.0
225.0	0.0	0.0	0.0	0.0	0.0	0.0	0.0	0.0	0.0
226.0	0.0	0.0	0.0	0.0	0.0	0.0	0.0	0.0	0.0
227.0	0.0	0.0	0.0	0.0	0.0	0.0	0.0	0.0	0.0
228.0	5.0E-6	0.0	0.0	1.0E-4	4.750000000000002E-10	2.500000000000001E-11	9.025000000000001E-9	-4.551858457912785E-6	1.4551858457912785E-5
229.0	0.0	0.0	0.0	0.0	0.0	0.0	0.0	0.0	0.0
230.0	0.0	0.0	0.0	0.0	0.0	0.0	0.0	0.0	0.0
231.0	0.0	0.0	0.0	0.0	0.0	0.0	0.0	0.0	0.0
232.0	0.0	0.0	0.0	0.0	0.0	0.0	0.0	0.0	0.0
233.0	0.0	0.0	0.0	0.0	0.0	0.0	0.0	0.0	0.0
234.0	0.0	0.0	0.0	0.0	0.0	0.0	0.0	0.0	0.0
235.0	0.0	0.0	0.0	0.0	0.0	0.0	0.0	0.0	0.0
236.0	0.0	0.0	0.0	0.0	0.0	0.0	0.0	0.0	0.0
237.0	0.0	0.0	0.0	0.0	0.0	0.0	0.0	0.0	0.0
238.0	0.0	0.0	0.0	0.0	0.0	0.0	0.0	0.0	0.0
239.0	0.0	0.0	0.0	0.0	0.0	0.0	0.0	0.0	0.0
240.0	5.0E-6	0.0	0.0	1.0E-4	4.750000000000002E-10	2.500000000000001E-11	9.025000000000001E-9	-4.551858457912785E-6	1.4551858457912785E-5
241.0	0.0	0.0	0.0	0.0	0.0	0.0	0.0	0.0	0.0
242.0	0.0	0.0	0.0	0.0	0.0	0.0	0.0	0.0	0.0
243.0	0.0	0.0	0.0	0.0	0.0	0.0	0.0	0.0	0.0
244.0	0.0	0.0	0.0	0.0	0.0	0.0	0.0	0.0	0.0
245.0	0.0	0.0	0.0	0.0	0.0	0.0	0.0	0.0	0.0
246.0	0.0	0.0	0.0	0.0	0.0	0.0	0.0	0.0	0.0
247.0	0.0	0.0	0.0	0.0	0.0	0.0	0.0	0.0	0.0
248.0	0.0	0.0	0.0	0.0	0.0	0.0	0.0	0.0	0.0
249.0	0.0	0.0	0.0	0.0	0.0	0.0	0.0	0.0	0.0
250.0	0.0	0.0	0.0	0.0	0.0	0.0	0.0	0.0	0.0
251.0	0.0	0.0	0.0	0.0	0.0	0.0	0.0	0.0	0.0
252.0	0.0	0.0	0.0	0.0	0.0	0.0	0.0	0.0	0.0
253.0	0.0	0.0	0.0	0.0	0.0	0.0	0.0	0.0	0.0
254.0	0.0	0.0	0.0	0.0	0.0	0.0	0.0	0.0	0.0
255.0	0.0	0.0	0.0	0.0	0.0	0.0	0.0	0.0	0.0
256.0	0.0	0.0	0.0	0.0	0.0	0.0	0.0	0.0	0.0
257.0	0.0	0.0	0.0	0.0	0.0	0.0	0.0	0.0	0.0
258.0	0.0	0.0	0.0	0.0	0.0	0.0	0.0	0.0	0.0
259.0	0.0	0.0	0.0	0.0	0.0	0.0	0.0	0.0	0.0
260.0	0.0	0.0	0.0	0.0	0.0	0.0	0.0	0.0	0.0
261.0	0.0	0.0	0.0	0.0	0.0	0.0	0.0	0.0	0.0
262.0	0.0	0.0	0.0	0.0	0.0	0.0	0.0	0.0	0.0
263.0	0.0	0.0	0.0	0.0	0.0	0.0	0.0	0.0	0.0
264.0	0.0	0.0	0.0	0.0	0.0	0.0	0.0	0.0	0.0
265.0	0.0	0.0	0.0	0.0	0.0	0.0	0.0	0.0	0.0
266.0	0.0	0.0	0.0	0.0	0.0	0.0	0.0	0.0	0.0
267.0	0.0	0.0	0.0	0.0	0.0	0.0	0.0	0.0	0.0
268.0	0.0	0.0	0.0	0.0	0.0	0.0	0.0	0.0	0.0
269.0	0.0	0.0	0.0	0.0	0.0	0.0	0.0	0.0	0.0
270.0	0.0	0.0	0.0	0.0	0.0	0.0	0.0	0.0	0.0
271.0	0.0	0.0	0.0	0.0	0.0	0.0	0.0	0.0	0.0
272.0	0.0	0.0	0.0	0.0	0.0	0.0	0.0	0.0	0.0
273.0	0.0	0.0	0.0	0.0	0.0	0.0	0.0	0.0	0.0
274.0	0.0	0.0	0.0	0.0	0.0	0.0	0.0	0.0	0.0
275.0	0.0	0.0	0.0	0.0	0.0	0.0	0.0	0.0	0.0
276.0	0.0	0.0	0.0	0.0	0.0	0.0	0.0	0.0	0.0
277.0	0.0	0.0	0.0	0.0	0.0	0.0	0.0	0.0	0.0
278.0	0.0	0.0	0.0	0.0	0.0	0.0	0.0	0.0	0.0
279.0	0.0	0.0	0.0	0.0	0.0	0.0	0.0	0.0	0.0
280.0	0.0	0.0	0.0	0.0	0.0	0.0	0.0	0.0	0.0
281.0	0.0	0.0	0.0	0.0	0.0	0.0	0.0	0.0	0.0
282.0	0.0	0.0	0.0	0.0	0.0	0.0	0.0	0.0	0.0
283.0	0.0	0.0	0.0	0.0	0.0	0.0	0.0	0.0	0.0
284.0	0.0	0.0	0.0	0.0	0.0	0.0	0.0	0.0	0.0
285.0	0.0	0.0	0.0	0.0	0.0	0.0	0.0	0.0	0.0
286.0	0.0	0.0	0.0	0.0	0.0	0.0	0.0	0.0	0.0
287.0	0.0	0.0	0.0	0.0	0.0	0.0	0.0	0.0	0.0
288.0	0.0	0.0	0.0	0.0	0.0	0.0	0.0	0.0	0.0
289.0	0.0	0.0	0.0	0.0	0.0	0.0	0.0	0.0	0.0
290.0	0.0	0.0	0.0	0.0	0.0	0.0	0.0	0.0	0.0
291.0	0.0	0.0	0.0	0.0	0.0	0.0	0.0	0.0	0.0
292.0	0.0	0.0	0.0	0.0	0.0	0.0	0.0	0.0	0.0
293.0	0.0	0.0	0.0	0.0	0.0	0.0	0.0	0.0	0.0
294.0	0.0	0.0	0.0	0.0	0.0	0.0	0.0	0.0	0.0
295.0	0.0	0.0	0.0	0.0	0.0	0.0	0.0	0.0	0.0
296.0	0.0	0.0	0.0	0.0	0.0	0.0	0.0	0.0	0.0
297.0	0.0	0.0	0.0	0.0	0.0	0.0	0.0	0.0	0.0
298.0	0.0	0.0	0.0	0.0	0.0	0.0	0.0	0.0	0.0
299.0	0.0	0.0	0.0	0.0	0.0	0.0	0.0	0.0	0.0
300.0	0.0	0.0	0.0	0.0	0.0	0.0	0.0	0.0	0.0
301.0	0.0	0.0	0.0	0.0	0.0	0.0	0.0	0.0	0.0
302.0	0.0	0.0	0.0	0.0	0.0	0.0	0.0	0.0	0.0
303.0	0.0	0.0	0.0	0.0	0.0	0.0	0.0	0.0	0.0
304.0	0.0	0.0	0.0	0.0	0.0	0.0	0.0	0.0	0.0
305.0	0.0	0.0	0.0	0.0	0.0	0.0	0.0	0.0	0.0
306.0	0.0	0.0	0.0	0.0	0.0	0.0	0.0	0.0	0.0
307.0	0.0	0.0	0.0	0.0	0.0	0.0	0.0	0.0	0.0
308.0	0.0	0.0	0.0	0.0	0.0	0.0	0.0	0.0	0.0
309.0	0.0	0.0	0.0	0.0	0.0	0.0	0.0	0.0	0.0
310.0	0.0	0.0	0.0	0.0	0.0	0.0	0.0	0.0	0.0
311.0	0.0	0.0	0.0	0.0	0.0	0.0	0.0	0.0	0.0
312.0	0.0	0.0	0.0	0.0	0.0	0.0	0.0	0.0	0.0
313.0	0.0	0.0	0.0	0.0	0.0	0.0	0.0	0.0	0.0
314.0	5.0E-6	0.0	0.0	1.0E-4	4.750000000000001E-10	2.500000000000001E-11	9.025000000000001E-9	-4.551858457912783E-6	1.4551858457912785E-5
