0.0	0.013333333333333334	0.01	0.01	0.02	2.2222222222222223E-5	1.1111111111111115E-5	4.444444444444444E-5	0.007998889004605523	0.018667777662061145
1.0	0.02	0.02	0.0	0.04	2.666666666666667E-4	4.0E-4	4.0E-4	0.0015209427849915552	0.038479057215008446
2.0	0.056666666666666664	0.05	0.04	0.08	2.888888888888889E-4	1.6111111111111103E-4	5.444444444444446E-4	0.03743305411333046	0.07590027922000286
3.0	0.12333333333333334	0.14	0.09	0.14	5.55555555555556E-4	0.0011111111111111115	2.777777777777781E-4	0.09666111168969427	0.1500055549769724
4.0	0.09999999999999999	0.11	0.07	0.12	4.6666666666666645E-4	8.999999999999991E-4	2.5000000000000017E-4	0.07555450507307691	0.12444549492692307
5.0	0.11666666666666665	0.1	0.09	0.16	9.555555555555555E-4	4.944444444444438E-4	0.0018777777777777792	0.08168637591972258	0.15164695741361073
6.0	0.05333333333333334	0.07	0.01	0.08	9.555555555555557E-4	0.001877777777777778	4.944444444444445E-4	0.018353042586389264	0.0883136240802774
7.0	0.06	0.06	0.06	0.06	0.0	0.0	0.0	0.06	0.06
8.0	0.049999999999999996	0.05	0.02	0.08	6.0E-4	8.999999999999998E-4	4.5000000000000015E-4	0.022281414177487333	0.07771858582251266
9.0	0.04666666666666667	0.04	0.04	0.06	8.888888888888885E-5	4.444444444444446E-5	1.7777777777777765E-4	0.03599777800921105	0.05733555532412229
10.0	0.03666666666666666	0.04	0.01	0.06	4.222222222222222E-4	7.111111111111106E-4	2.777777777777779E-4	0.013414362917798472	0.059918970415534845
11.0	0.03	0.03	0.02	0.04	6.666666666666667E-5	9.999999999999996E-5	1.0000000000000005E-4	0.020760471392495775	0.03923952860750422
12.0	0.03666666666666667	0.05	0.01	0.05	3.5555555555555557E-4	7.11111111111111E-4	1.7777777777777784E-4	0.015328889351755425	0.058004443981577905
13.0	0.03333333333333333	0.03	0.03	0.04	2.2222222222222227E-5	1.1111111111111115E-5	4.444444444444446E-5	0.027998889004605523	0.03866777766206114
14.0	0.016666666666666666	0.01	0.01	0.03	8.888888888888888E-5	4.444444444444444E-5	1.7777777777777776E-4	0.005997778009211046	0.02733555532412229
15.0	0.006666666666666667	0.01	0.0	0.01	2.2222222222222223E-5	4.444444444444445E-5	1.111111111111111E-5	0.0013322223379388567	0.012001110995394478
16.0	0.013333333333333334	0.02	0.0	0.02	8.888888888888889E-5	1.777777777777778E-4	4.444444444444444E-5	0.0026644446758777134	0.024002221990788955
17.0	0.02666666666666667	0.03	0.0	0.05	4.2222222222222227E-4	7.111111111111113E-4	2.777777777777778E-4	0.0034143629177984733	0.049918970415534863
18.0	0.01	0.01	0.0	0.02	6.666666666666667E-5	1.0E-4	1.0E-4	7.604713924957776E-4	0.019239528607504223
19.0	0.01	0.01	0.0	0.02	6.666666666666667E-5	1.0E-4	1.0E-4	7.604713924957776E-4	0.019239528607504223
20.0	0.006666666666666667	0.01	0.0	0.01	2.2222222222222223E-5	4.444444444444445E-5	1.111111111111111E-5	0.0013322223379388567	0.012001110995394478
21.0	0.01	0.01	0.01	0.01	0.0	0.0	0.0	0.01	0.01
22.0	0.0033333333333333335	0.0	0.0	0.01	2.2222222222222223E-5	1.1111111111111113E-5	4.444444444444444E-5	-0.002001110995394477	0.008667777662061144
23.0	0.0	0.0	0.0	0.0	0.0	0.0	0.0	0.0	0.0
24.0	0.0033333333333333335	0.0	0.0	0.01	2.2222222222222223E-5	1.1111111111111113E-5	4.444444444444444E-5	-0.002001110995394477	0.008667777662061144
25.0	0.006666666666666667	0.01	0.0	0.01	2.2222222222222223E-5	4.444444444444445E-5	1.111111111111111E-5	0.0013322223379388567	0.012001110995394478
26.0	0.013333333333333334	0.01	0.01	0.02	2.2222222222222223E-5	1.1111111111111115E-5	4.444444444444444E-5	0.007998889004605523	0.018667777662061145
27.0	0.006666666666666667	0.01	0.0	0.01	2.2222222222222223E-5	4.444444444444445E-5	1.111111111111111E-5	0.0013322223379388567	0.012001110995394478
28.0	0.0033333333333333335	0.0	0.0	0.01	2.2222222222222223E-5	1.1111111111111113E-5	4.444444444444444E-5	-0.002001110995394477	0.008667777662061144
29.0	0.0	0.0	0.0	0.0	0.0	0.0	0.0	0.0	0.0
30.0	0.0033333333333333335	0.0	0.0	0.01	2.2222222222222223E-5	1.1111111111111113E-5	4.444444444444444E-5	-0.002001110995394477	0.008667777662061144
31.0	0.0033333333333333335	0.0	0.0	0.01	2.2222222222222223E-5	1.1111111111111113E-5	4.444444444444444E-5	-0.002001110995394477	0.008667777662061144
32.0	0.0033333333333333335	0.0	0.0	0.01	2.2222222222222223E-5	1.1111111111111113E-5	4.444444444444444E-5	-0.002001110995394477	0.008667777662061144
33.0	0.0	0.0	0.0	0.0	0.0	0.0	0.0	0.0	0.0
34.0	0.0	0.0	0.0	0.0	0.0	0.0	0.0	0.0	0.0
35.0	0.0033333333333333335	0.0	0.0	0.01	2.2222222222222223E-5	1.1111111111111113E-5	4.444444444444444E-5	-0.002001110995394477	0.008667777662061144
36.0	0.0	0.0	0.0	0.0	0.0	0.0	0.0	0.0	0.0
37.0	0.0033333333333333335	0.0	0.0	0.01	2.2222222222222223E-5	1.1111111111111113E-5	4.444444444444444E-5	-0.002001110995394477	0.008667777662061144
38.0	0.0033333333333333335	0.0	0.0	0.01	2.2222222222222223E-5	1.1111111111111113E-5	4.444444444444444E-5	-0.002001110995394477	0.008667777662061144
39.0	0.0033333333333333335	0.0	0.0	0.01	2.2222222222222223E-5	1.1111111111111113E-5	4.444444444444444E-5	-0.002001110995394477	0.008667777662061144
40.0	0.0	0.0	0.0	0.0	0.0	0.0	0.0	0.0	0.0
41.0	0.0	0.0	0.0	0.0	0.0	0.0	0.0	0.0	0.0
42.0	0.0033333333333333335	0.0	0.0	0.01	2.2222222222222223E-5	1.1111111111111113E-5	4.444444444444444E-5	-0.002001110995394477	0.008667777662061144
43.0	0.0	0.0	0.0	0.0	0.0	0.0	0.0	0.0	0.0
44.0	0.0	0.0	0.0	0.0	0.0	0.0	0.0	0.0	0.0
45.0	0.0033333333333333335	0.0	0.0	0.01	2.2222222222222223E-5	1.1111111111111113E-5	4.444444444444444E-5	-0.002001110995394477	0.008667777662061144
46.0	0.0	0.0	0.0	0.0	0.0	0.0	0.0	0.0	0.0
47.0	0.0	0.0	0.0	0.0	0.0	0.0	0.0	0.0	0.0
48.0	0.0033333333333333335	0.0	0.0	0.01	2.2222222222222223E-5	1.1111111111111113E-5	4.444444444444444E-5	-0.002001110995394477	0.008667777662061144
49.0	0.0	0.0	0.0	0.0	0.0	0.0	0.0	0.0	0.0
50.0	0.0033333333333333335	0.0	0.0	0.01	2.2222222222222223E-5	1.1111111111111113E-5	4.444444444444444E-5	-0.002001110995394477	0.008667777662061144
51.0	0.0	0.0	0.0	0.0	0.0	0.0	0.0	0.0	0.0
52.0	0.0033333333333333335	0.0	0.0	0.01	2.2222222222222223E-5	1.1111111111111113E-5	4.444444444444444E-5	-0.002001110995394477	0.008667777662061144
53.0	0.006666666666666667	0.01	0.0	0.01	2.2222222222222223E-5	4.444444444444445E-5	1.111111111111111E-5	0.0013322223379388567	0.012001110995394478
54.0	0.0	0.0	0.0	0.0	0.0	0.0	0.0	0.0	0.0
55.0	0.0033333333333333335	0.0	0.0	0.01	2.2222222222222223E-5	1.1111111111111113E-5	4.444444444444444E-5	-0.002001110995394477	0.008667777662061144
56.0	0.0	0.0	0.0	0.0	0.0	0.0	0.0	0.0	0.0
57.0	0.0	0.0	0.0	0.0	0.0	0.0	0.0	0.0	0.0
58.0	0.0	0.0	0.0	0.0	0.0	0.0	0.0	0.0	0.0
59.0	0.0	0.0	0.0	0.0	0.0	0.0	0.0	0.0	0.0
60.0	0.0	0.0	0.0	0.0	0.0	0.0	0.0	0.0	0.0
61.0	0.0	0.0	0.0	0.0	0.0	0.0	0.0	0.0	0.0
62.0	0.0	0.0	0.0	0.0	0.0	0.0	0.0	0.0	0.0
63.0	0.0	0.0	0.0	0.0	0.0	0.0	0.0	0.0	0.0
64.0	0.0	0.0	0.0	0.0	0.0	0.0	0.0	0.0	0.0
65.0	0.0	0.0	0.0	0.0	0.0	0.0	0.0	0.0	0.0
66.0	0.0033333333333333335	0.0	0.0	0.01	2.2222222222222223E-5	1.1111111111111113E-5	4.444444444444444E-5	-0.002001110995394477	0.008667777662061144
67.0	0.0	0.0	0.0	0.0	0.0	0.0	0.0	0.0	0.0
68.0	0.0	0.0	0.0	0.0	0.0	0.0	0.0	0.0	0.0
69.0	0.0	0.0	0.0	0.0	0.0	0.0	0.0	0.0	0.0
70.0	0.0	0.0	0.0	0.0	0.0	0.0	0.0	0.0	0.0
71.0	0.0	0.0	0.0	0.0	0.0	0.0	0.0	0.0	0.0
72.0	0.0033333333333333335	0.0	0.0	0.01	2.2222222222222223E-5	1.1111111111111113E-5	4.444444444444444E-5	-0.002001110995394477	0.008667777662061144
73.0	0.0	0.0	0.0	0.0	0.0	0.0	0.0	0.0	0.0
74.0	0.0033333333333333335	0.0	0.0	0.01	2.2222222222222223E-5	1.1111111111111113E-5	4.444444444444444E-5	-0.002001110995394477	0.008667777662061144
75.0	0.0	0.0	0.0	0.0	0.0	0.0	0.0	0.0	0.0
76.0	0.0	0.0	0.0	0.0	0.0	0.0	0.0	0.0	0.0
77.0	0.0	0.0	0.0	0.0	0.0	0.0	0.0	0.0	0.0
78.0	0.0	0.0	0.0	0.0	0.0	0.0	0.0	0.0	0.0
79.0	0.0	0.0	0.0	0.0	0.0	0.0	0.0	0.0	0.0
80.0	0.0033333333333333335	0.0	0.0	0.01	2.2222222222222223E-5	1.1111111111111113E-5	4.444444444444444E-5	-0.002001110995394477	0.008667777662061144
81.0	0.0	0.0	0.0	0.0	0.0	0.0	0.0	0.0	0.0
82.0	0.0	0.0	0.0	0.0	0.0	0.0	0.0	0.0	0.0
83.0	0.0	0.0	0.0	0.0	0.0	0.0	0.0	0.0	0.0
84.0	0.0	0.0	0.0	0.0	0.0	0.0	0.0	0.0	0.0
85.0	0.0	0.0	0.0	0.0	0.0	0.0	0.0	0.0	0.0
86.0	0.0	0.0	0.0	0.0	0.0	0.0	0.0	0.0	0.0
87.0	0.0	0.0	0.0	0.0	0.0	0.0	0.0	0.0	0.0
88.0	0.0	0.0	0.0	0.0	0.0	0.0	0.0	0.0	0.0
89.0	0.0	0.0	0.0	0.0	0.0	0.0	0.0	0.0	0.0
90.0	0.0	0.0	0.0	0.0	0.0	0.0	0.0	0.0	0.0
91.0	0.0	0.0	0.0	0.0	0.0	0.0	0.0	0.0	0.0
92.0	0.0	0.0	0.0	0.0	0.0	0.0	0.0	0.0	0.0
93.0	0.0	0.0	0.0	0.0	0.0	0.0	0.0	0.0	0.0
94.0	0.0	0.0	0.0	0.0	0.0	0.0	0.0	0.0	0.0
95.0	0.0	0.0	0.0	0.0	0.0	0.0	0.0	0.0	0.0
96.0	0.0	0.0	0.0	0.0	0.0	0.0	0.0	0.0	0.0
97.0	0.006666666666666667	0.01	0.0	0.01	2.2222222222222223E-5	4.444444444444445E-5	1.111111111111111E-5	0.0013322223379388567	0.012001110995394478
98.0	0.0033333333333333335	0.0	0.0	0.01	2.2222222222222223E-5	1.1111111111111113E-5	4.444444444444444E-5	-0.002001110995394477	0.008667777662061144
99.0	0.0	0.0	0.0	0.0	0.0	0.0	0.0	0.0	0.0
100.0	0.0	0.0	0.0	0.0	0.0	0.0	0.0	0.0	0.0
101.0	0.0	0.0	0.0	0.0	0.0	0.0	0.0	0.0	0.0
102.0	0.0	0.0	0.0	0.0	0.0	0.0	0.0	0.0	0.0
103.0	0.0	0.0	0.0	0.0	0.0	0.0	0.0	0.0	0.0
104.0	0.0	0.0	0.0	0.0	0.0	0.0	0.0	0.0	0.0
105.0	0.0	0.0	0.0	0.0	0.0	0.0	0.0	0.0	0.0
106.0	0.0	0.0	0.0	0.0	0.0	0.0	0.0	0.0	0.0
107.0	0.0033333333333333335	0.0	0.0	0.01	2.2222222222222223E-5	1.1111111111111113E-5	4.444444444444444E-5	-0.002001110995394477	0.008667777662061144
108.0	0.0	0.0	0.0	0.0	0.0	0.0	0.0	0.0	0.0
109.0	0.0	0.0	0.0	0.0	0.0	0.0	0.0	0.0	0.0
110.0	0.0	0.0	0.0	0.0	0.0	0.0	0.0	0.0	0.0
111.0	0.0	0.0	0.0	0.0	0.0	0.0	0.0	0.0	0.0
112.0	0.0	0.0	0.0	0.0	0.0	0.0	0.0	0.0	0.0
113.0	0.0	0.0	0.0	0.0	0.0	0.0	0.0	0.0	0.0
114.0	0.0	0.0	0.0	0.0	0.0	0.0	0.0	0.0	0.0
115.0	0.0	0.0	0.0	0.0	0.0	0.0	0.0	0.0	0.0
116.0	0.0	0.0	0.0	0.0	0.0	0.0	0.0	0.0	0.0
117.0	0.0	0.0	0.0	0.0	0.0	0.0	0.0	0.0	0.0
118.0	0.0	0.0	0.0	0.0	0.0	0.0	0.0	0.0	0.0
119.0	0.0	0.0	0.0	0.0	0.0	0.0	0.0	0.0	0.0
120.0	0.0	0.0	0.0	0.0	0.0	0.0	0.0	0.0	0.0
121.0	0.0	0.0	0.0	0.0	0.0	0.0	0.0	0.0	0.0
122.0	0.0	0.0	0.0	0.0	0.0	0.0	0.0	0.0	0.0
123.0	0.0	0.0	0.0	0.0	0.0	0.0	0.0	0.0	0.0
124.0	0.0	0.0	0.0	0.0	0.0	0.0	0.0	0.0	0.0
125.0	0.0033333333333333335	0.0	0.0	0.01	2.2222222222222223E-5	1.1111111111111113E-5	4.444444444444444E-5	-0.002001110995394477	0.008667777662061144
126.0	0.0	0.0	0.0	0.0	0.0	0.0	0.0	0.0	0.0
127.0	0.0	0.0	0.0	0.0	0.0	0.0	0.0	0.0	0.0
128.0	0.0	0.0	0.0	0.0	0.0	0.0	0.0	0.0	0.0
129.0	0.0	0.0	0.0	0.0	0.0	0.0	0.0	0.0	0.0
130.0	0.0	0.0	0.0	0.0	0.0	0.0	0.0	0.0	0.0
131.0	0.0	0.0	0.0	0.0	0.0	0.0	0.0	0.0	0.0
132.0	0.0	0.0	0.0	0.0	0.0	0.0	0.0	0.0	0.0
133.0	0.0	0.0	0.0	0.0	0.0	0.0	0.0	0.0	0.0
134.0	0.0	0.0	0.0	0.0	0.0	0.0	0.0	0.0	0.0
135.0	0.0	0.0	0.0	0.0	0.0	0.0	0.0	0.0	0.0
136.0	0.0	0.0	0.0	0.0	0.0	0.0	0.0	0.0	0.0
137.0	0.0	0.0	0.0	0.0	0.0	0.0	0.0	0.0	0.0
138.0	0.0	0.0	0.0	0.0	0.0	0.0	0.0	0.0	0.0
139.0	0.0	0.0	0.0	0.0	0.0	0.0	0.0	0.0	0.0
140.0	0.0	0.0	0.0	0.0	0.0	0.0	0.0	0.0	0.0
141.0	0.0	0.0	0.0	0.0	0.0	0.0	0.0	0.0	0.0
142.0	0.0	0.0	0.0	0.0	0.0	0.0	0.0	0.0	0.0
143.0	0.0	0.0	0.0	0.0	0.0	0.0	0.0	0.0	0.0
144.0	0.0	0.0	0.0	0.0	0.0	0.0	0.0	0.0	0.0
145.0	0.0	0.0	0.0	0.0	0.0	0.0	0.0	0.0	0.0
146.0	0.0	0.0	0.0	0.0	0.0	0.0	0.0	0.0	0.0
147.0	0.0	0.0	0.0	0.0	0.0	0.0	0.0	0.0	0.0
148.0	0.0	0.0	0.0	0.0	0.0	0.0	0.0	0.0	0.0
149.0	0.0	0.0	0.0	0.0	0.0	0.0	0.0	0.0	0.0
150.0	0.0	0.0	0.0	0.0	0.0	0.0	0.0	0.0	0.0
151.0	0.0	0.0	0.0	0.0	0.0	0.0	0.0	0.0	0.0
152.0	0.0	0.0	0.0	0.0	0.0	0.0	0.0	0.0	0.0
153.0	0.0	0.0	0.0	0.0	0.0	0.0	0.0	0.0	0.0
154.0	0.0	0.0	0.0	0.0	0.0	0.0	0.0	0.0	0.0
155.0	0.0	0.0	0.0	0.0	0.0	0.0	0.0	0.0	0.0
156.0	0.0	0.0	0.0	0.0	0.0	0.0	0.0	0.0	0.0
157.0	0.0	0.0	0.0	0.0	0.0	0.0	0.0	0.0	0.0
158.0	0.0	0.0	0.0	0.0	0.0	0.0	0.0	0.0	0.0
159.0	0.0	0.0	0.0	0.0	0.0	0.0	0.0	0.0	0.0
160.0	0.0	0.0	0.0	0.0	0.0	0.0	0.0	0.0	0.0
161.0	0.0	0.0	0.0	0.0	0.0	0.0	0.0	0.0	0.0
162.0	0.0	0.0	0.0	0.0	0.0	0.0	0.0	0.0	0.0
163.0	0.0	0.0	0.0	0.0	0.0	0.0	0.0	0.0	0.0
164.0	0.0	0.0	0.0	0.0	0.0	0.0	0.0	0.0	0.0
165.0	0.0	0.0	0.0	0.0	0.0	0.0	0.0	0.0	0.0
166.0	0.0	0.0	0.0	0.0	0.0	0.0	0.0	0.0	0.0
167.0	0.0	0.0	0.0	0.0	0.0	0.0	0.0	0.0	0.0
168.0	0.0	0.0	0.0	0.0	0.0	0.0	0.0	0.0	0.0
169.0	0.0	0.0	0.0	0.0	0.0	0.0	0.0	0.0	0.0
170.0	0.0	0.0	0.0	0.0	0.0	0.0	0.0	0.0	0.0
171.0	0.0033333333333333335	0.0	0.0	0.01	2.2222222222222223E-5	1.1111111111111113E-5	4.444444444444444E-5	-0.002001110995394477	0.008667777662061144
172.0	0.0	0.0	0.0	0.0	0.0	0.0	0.0	0.0	0.0
173.0	0.0	0.0	0.0	0.0	0.0	0.0	0.0	0.0	0.0
174.0	0.0	0.0	0.0	0.0	0.0	0.0	0.0	0.0	0.0
175.0	0.0	0.0	0.0	0.0	0.0	0.0	0.0	0.0	0.0
176.0	0.0	0.0	0.0	0.0	0.0	0.0	0.0	0.0	0.0
177.0	0.0	0.0	0.0	0.0	0.0	0.0	0.0	0.0	0.0
178.0	0.0	0.0	0.0	0.0	0.0	0.0	0.0	0.0	0.0
179.0	0.0	0.0	0.0	0.0	0.0	0.0	0.0	0.0	0.0
180.0	0.0	0.0	0.0	0.0	0.0	0.0	0.0	0.0	0.0
181.0	0.0	0.0	0.0	0.0	0.0	0.0	0.0	0.0	0.0
182.0	0.0	0.0	0.0	0.0	0.0	0.0	0.0	0.0	0.0
183.0	0.0	0.0	0.0	0.0	0.0	0.0	0.0	0.0	0.0
184.0	0.0	0.0	0.0	0.0	0.0	0.0	0.0	0.0	0.0
185.0	0.0	0.0	0.0	0.0	0.0	0.0	0.0	0.0	0.0
186.0	0.0	0.0	0.0	0.0	0.0	0.0	0.0	0.0	0.0
187.0	0.0	0.0	0.0	0.0	0.0	0.0	0.0	0.0	0.0
188.0	0.0	0.0	0.0	0.0	0.0	0.0	0.0	0.0	0.0
189.0	0.0	0.0	0.0	0.0	0.0	0.0	0.0	0.0	0.0
190.0	0.0	0.0	0.0	0.0	0.0	0.0	0.0	0.0	0.0
191.0	0.0	0.0	0.0	0.0	0.0	0.0	0.0	0.0	0.0
192.0	0.0	0.0	0.0	0.0	0.0	0.0	0.0	0.0	0.0
193.0	0.0	0.0	0.0	0.0	0.0	0.0	0.0	0.0	0.0
194.0	0.0	0.0	0.0	0.0	0.0	0.0	0.0	0.0	0.0
195.0	0.0	0.0	0.0	0.0	0.0	0.0	0.0	0.0	0.0
196.0	0.0	0.0	0.0	0.0	0.0	0.0	0.0	0.0	0.0
197.0	0.0	0.0	0.0	0.0	0.0	0.0	0.0	0.0	0.0
198.0	0.0	0.0	0.0	0.0	0.0	0.0	0.0	0.0	0.0
199.0	0.0	0.0	0.0	0.0	0.0	0.0	0.0	0.0	0.0
200.0	0.0	0.0	0.0	0.0	0.0	0.0	0.0	0.0	0.0
201.0	0.0	0.0	0.0	0.0	0.0	0.0	0.0	0.0	0.0
202.0	0.0	0.0	0.0	0.0	0.0	0.0	0.0	0.0	0.0
203.0	0.0	0.0	0.0	0.0	0.0	0.0	0.0	0.0	0.0
204.0	0.0	0.0	0.0	0.0	0.0	0.0	0.0	0.0	0.0
205.0	0.0	0.0	0.0	0.0	0.0	0.0	0.0	0.0	0.0
206.0	0.0	0.0	0.0	0.0	0.0	0.0	0.0	0.0	0.0
207.0	0.0	0.0	0.0	0.0	0.0	0.0	0.0	0.0	0.0
208.0	0.0	0.0	0.0	0.0	0.0	0.0	0.0	0.0	0.0
209.0	0.0	0.0	0.0	0.0	0.0	0.0	0.0	0.0	0.0
210.0	0.0	0.0	0.0	0.0	0.0	0.0	0.0	0.0	0.0
211.0	0.0	0.0	0.0	0.0	0.0	0.0	0.0	0.0	0.0
212.0	0.0	0.0	0.0	0.0	0.0	0.0	0.0	0.0	0.0
213.0	0.0	0.0	0.0	0.0	0.0	0.0	0.0	0.0	0.0
214.0	0.0	0.0	0.0	0.0	0.0	0.0	0.0	0.0	0.0
215.0	0.0	0.0	0.0	0.0	0.0	0.0	0.0	0.0	0.0
216.0	0.0	0.0	0.0	0.0	0.0	0.0	0.0	0.0	0.0
217.0	0.0	0.0	0.0	0.0	0.0	0.0	0.0	0.0	0.0
218.0	0.0	0.0	0.0	0.0	0.0	0.0	0.0	0.0	0.0
219.0	0.0	0.0	0.0	0.0	0.0	0.0	0.0	0.0	0.0
220.0	0.0	0.0	0.0	0.0	0.0	0.0	0.0	0.0	0.0
221.0	0.0	0.0	0.0	0.0	0.0	0.0	0.0	0.0	0.0
222.0	0.0	0.0	0.0	0.0	0.0	0.0	0.0	0.0	0.0
223.0	0.0	0.0	0.0	0.0	0.0	0.0	0.0	0.0	0.0
224.0	0.0	0.0	0.0	0.0	0.0	0.0	0.0	0.0	0.0
225.0	0.0	0.0	0.0	0.0	0.0	0.0	0.0	0.0	0.0
226.0	0.0	0.0	0.0	0.0	0.0	0.0	0.0	0.0	0.0
227.0	0.0	0.0	0.0	0.0	0.0	0.0	0.0	0.0	0.0
228.0	0.0	0.0	0.0	0.0	0.0	0.0	0.0	0.0	0.0
229.0	0.0	0.0	0.0	0.0	0.0	0.0	0.0	0.0	0.0
230.0	0.0	0.0	0.0	0.0	0.0	0.0	0.0	0.0	0.0
231.0	0.0	0.0	0.0	0.0	0.0	0.0	0.0	0.0	0.0
232.0	0.0	0.0	0.0	0.0	0.0	0.0	0.0	0.0	0.0
233.0	0.0	0.0	0.0	0.0	0.0	0.0	0.0	0.0	0.0
234.0	0.0	0.0	0.0	0.0	0.0	0.0	0.0	0.0	0.0
235.0	0.0	0.0	0.0	0.0	0.0	0.0	0.0	0.0	0.0
236.0	0.0	0.0	0.0	0.0	0.0	0.0	0.0	0.0	0.0
237.0	0.0	0.0	0.0	0.0	0.0	0.0	0.0	0.0	0.0
238.0	0.0	0.0	0.0	0.0	0.0	0.0	0.0	0.0	0.0
239.0	0.0	0.0	0.0	0.0	0.0	0.0	0.0	0.0	0.0
240.0	0.0	0.0	0.0	0.0	0.0	0.0	0.0	0.0	0.0
241.0	0.0	0.0	0.0	0.0	0.0	0.0	0.0	0.0	0.0
242.0	0.0	0.0	0.0	0.0	0.0	0.0	0.0	0.0	0.0
243.0	0.0	0.0	0.0	0.0	0.0	0.0	0.0	0.0	0.0
244.0	0.0	0.0	0.0	0.0	0.0	0.0	0.0	0.0	0.0
245.0	0.0	0.0	0.0	0.0	0.0	0.0	0.0	0.0	0.0
246.0	0.0	0.0	0.0	0.0	0.0	0.0	0.0	0.0	0.0
247.0	0.0	0.0	0.0	0.0	0.0	0.0	0.0	0.0	0.0
248.0	0.0	0.0	0.0	0.0	0.0	0.0	0.0	0.0	0.0
249.0	0.0	0.0	0.0	0.0	0.0	0.0	0.0	0.0	0.0
250.0	0.0	0.0	0.0	0.0	0.0	0.0	0.0	0.0	0.0
251.0	0.0	0.0	0.0	0.0	0.0	0.0	0.0	0.0	0.0
252.0	0.0	0.0	0.0	0.0	0.0	0.0	0.0	0.0	0.0
253.0	0.0	0.0	0.0	0.0	0.0	0.0	0.0	0.0	0.0
254.0	0.0	0.0	0.0	0.0	0.0	0.0	0.0	0.0	0.0
255.0	0.0	0.0	0.0	0.0	0.0	0.0	0.0	0.0	0.0
256.0	0.0	0.0	0.0	0.0	0.0	0.0	0.0	0.0	0.0
257.0	0.0	0.0	0.0	0.0	0.0	0.0	0.0	0.0	0.0
258.0	0.0	0.0	0.0	0.0	0.0	0.0	0.0	0.0	0.0
259.0	0.0	0.0	0.0	0.0	0.0	0.0	0.0	0.0	0.0
260.0	0.0	0.0	0.0	0.0	0.0	0.0	0.0	0.0	0.0
261.0	0.0	0.0	0.0	0.0	0.0	0.0	0.0	0.0	0.0
262.0	0.0	0.0	0.0	0.0	0.0	0.0	0.0	0.0	0.0
263.0	0.0	0.0	0.0	0.0	0.0	0.0	0.0	0.0	0.0
264.0	0.0	0.0	0.0	0.0	0.0	0.0	0.0	0.0	0.0
265.0	0.0	0.0	0.0	0.0	0.0	0.0	0.0	0.0	0.0
266.0	0.0	0.0	0.0	0.0	0.0	0.0	0.0	0.0	0.0
267.0	0.0	0.0	0.0	0.0	0.0	0.0	0.0	0.0	0.0
268.0	0.0	0.0	0.0	0.0	0.0	0.0	0.0	0.0	0.0
269.0	0.0	0.0	0.0	0.0	0.0	0.0	0.0	0.0	0.0
270.0	0.0	0.0	0.0	0.0	0.0	0.0	0.0	0.0	0.0
271.0	0.0	0.0	0.0	0.0	0.0	0.0	0.0	0.0	0.0
272.0	0.0	0.0	0.0	0.0	0.0	0.0	0.0	0.0	0.0
273.0	0.0	0.0	0.0	0.0	0.0	0.0	0.0	0.0	0.0
274.0	0.0	0.0	0.0	0.0	0.0	0.0	0.0	0.0	0.0
275.0	0.0	0.0	0.0	0.0	0.0	0.0	0.0	0.0	0.0
276.0	0.0	0.0	0.0	0.0	0.0	0.0	0.0	0.0	0.0
277.0	0.0	0.0	0.0	0.0	0.0	0.0	0.0	0.0	0.0
278.0	0.0	0.0	0.0	0.0	0.0	0.0	0.0	0.0	0.0
279.0	0.0	0.0	0.0	0.0	0.0	0.0	0.0	0.0	0.0
280.0	0.0	0.0	0.0	0.0	0.0	0.0	0.0	0.0	0.0
281.0	0.0	0.0	0.0	0.0	0.0	0.0	0.0	0.0	0.0
282.0	0.0	0.0	0.0	0.0	0.0	0.0	0.0	0.0	0.0
283.0	0.0	0.0	0.0	0.0	0.0	0.0	0.0	0.0	0.0
284.0	0.0	0.0	0.0	0.0	0.0	0.0	0.0	0.0	0.0
285.0	0.0	0.0	0.0	0.0	0.0	0.0	0.0	0.0	0.0
286.0	0.0	0.0	0.0	0.0	0.0	0.0	0.0	0.0	0.0
287.0	0.0	0.0	0.0	0.0	0.0	0.0	0.0	0.0	0.0
288.0	0.0	0.0	0.0	0.0	0.0	0.0	0.0	0.0	0.0
289.0	0.0	0.0	0.0	0.0	0.0	0.0	0.0	0.0	0.0
290.0	0.0	0.0	0.0	0.0	0.0	0.0	0.0	0.0	0.0
291.0	0.0	0.0	0.0	0.0	0.0	0.0	0.0	0.0	0.0
292.0	0.0	0.0	0.0	0.0	0.0	0.0	0.0	0.0	0.0
293.0	0.0	0.0	0.0	0.0	0.0	0.0	0.0	0.0	0.0
294.0	0.0	0.0	0.0	0.0	0.0	0.0	0.0	0.0	0.0
295.0	0.0	0.0	0.0	0.0	0.0	0.0	0.0	0.0	0.0
296.0	0.0	0.0	0.0	0.0	0.0	0.0	0.0	0.0	0.0
297.0	0.0	0.0	0.0	0.0	0.0	0.0	0.0	0.0	0.0
298.0	0.0	0.0	0.0	0.0	0.0	0.0	0.0	0.0	0.0
299.0	0.0	0.0	0.0	0.0	0.0	0.0	0.0	0.0	0.0
300.0	0.0	0.0	0.0	0.0	0.0	0.0	0.0	0.0	0.0
301.0	0.0	0.0	0.0	0.0	0.0	0.0	0.0	0.0	0.0
302.0	0.0	0.0	0.0	0.0	0.0	0.0	0.0	0.0	0.0
303.0	0.0	0.0	0.0	0.0	0.0	0.0	0.0	0.0	0.0
304.0	0.0	0.0	0.0	0.0	0.0	0.0	0.0	0.0	0.0
305.0	0.0	0.0	0.0	0.0	0.0	0.0	0.0	0.0	0.0
306.0	0.0	0.0	0.0	0.0	0.0	0.0	0.0	0.0	0.0
307.0	0.0	0.0	0.0	0.0	0.0	0.0	0.0	0.0	0.0
308.0	0.0	0.0	0.0	0.0	0.0	0.0	0.0	0.0	0.0
309.0	0.0	0.0	0.0	0.0	0.0	0.0	0.0	0.0	0.0
310.0	0.0	0.0	0.0	0.0	0.0	0.0	0.0	0.0	0.0
311.0	0.0	0.0	0.0	0.0	0.0	0.0	0.0	0.0	0.0
312.0	0.0	0.0	0.0	0.0	0.0	0.0	0.0	0.0	0.0
313.0	0.0	0.0	0.0	0.0	0.0	0.0	0.0	0.0	0.0
314.0	0.0	0.0	0.0	0.0	0.0	0.0	0.0	0.0	0.0
315.0	0.0	0.0	0.0	0.0	0.0	0.0	0.0	0.0	0.0
316.0	0.0	0.0	0.0	0.0	0.0	0.0	0.0	0.0	0.0
317.0	0.0	0.0	0.0	0.0	0.0	0.0	0.0	0.0	0.0
318.0	0.0	0.0	0.0	0.0	0.0	0.0	0.0	0.0	0.0
319.0	0.0	0.0	0.0	0.0	0.0	0.0	0.0	0.0	0.0
320.0	0.0	0.0	0.0	0.0	0.0	0.0	0.0	0.0	0.0
321.0	0.0	0.0	0.0	0.0	0.0	0.0	0.0	0.0	0.0
322.0	0.0	0.0	0.0	0.0	0.0	0.0	0.0	0.0	0.0
323.0	0.0	0.0	0.0	0.0	0.0	0.0	0.0	0.0	0.0
324.0	0.0	0.0	0.0	0.0	0.0	0.0	0.0	0.0	0.0
325.0	0.0	0.0	0.0	0.0	0.0	0.0	0.0	0.0	0.0
326.0	0.0	0.0	0.0	0.0	0.0	0.0	0.0	0.0	0.0
327.0	0.0	0.0	0.0	0.0	0.0	0.0	0.0	0.0	0.0
328.0	0.0	0.0	0.0	0.0	0.0	0.0	0.0	0.0	0.0
329.0	0.0	0.0	0.0	0.0	0.0	0.0	0.0	0.0	0.0
330.0	0.0	0.0	0.0	0.0	0.0	0.0	0.0	0.0	0.0
331.0	0.0	0.0	0.0	0.0	0.0	0.0	0.0	0.0	0.0
332.0	0.0	0.0	0.0	0.0	0.0	0.0	0.0	0.0	0.0
333.0	0.0	0.0	0.0	0.0	0.0	0.0	0.0	0.0	0.0
334.0	0.0	0.0	0.0	0.0	0.0	0.0	0.0	0.0	0.0
335.0	0.0	0.0	0.0	0.0	0.0	0.0	0.0	0.0	0.0
336.0	0.0	0.0	0.0	0.0	0.0	0.0	0.0	0.0	0.0
337.0	0.0	0.0	0.0	0.0	0.0	0.0	0.0	0.0	0.0
338.0	0.0	0.0	0.0	0.0	0.0	0.0	0.0	0.0	0.0
339.0	0.0	0.0	0.0	0.0	0.0	0.0	0.0	0.0	0.0
340.0	0.0	0.0	0.0	0.0	0.0	0.0	0.0	0.0	0.0
341.0	0.0	0.0	0.0	0.0	0.0	0.0	0.0	0.0	0.0
342.0	0.0	0.0	0.0	0.0	0.0	0.0	0.0	0.0	0.0
343.0	0.0	0.0	0.0	0.0	0.0	0.0	0.0	0.0	0.0
344.0	0.0	0.0	0.0	0.0	0.0	0.0	0.0	0.0	0.0
345.0	0.0	0.0	0.0	0.0	0.0	0.0	0.0	0.0	0.0
346.0	0.0	0.0	0.0	0.0	0.0	0.0	0.0	0.0	0.0
347.0	0.0	0.0	0.0	0.0	0.0	0.0	0.0	0.0	0.0
348.0	0.0	0.0	0.0	0.0	0.0	0.0	0.0	0.0	0.0
349.0	0.0	0.0	0.0	0.0	0.0	0.0	0.0	0.0	0.0
350.0	0.0	0.0	0.0	0.0	0.0	0.0	0.0	0.0	0.0
351.0	0.0	0.0	0.0	0.0	0.0	0.0	0.0	0.0	0.0
352.0	0.0	0.0	0.0	0.0	0.0	0.0	0.0	0.0	0.0
353.0	0.0	0.0	0.0	0.0	0.0	0.0	0.0	0.0	0.0
354.0	0.0	0.0	0.0	0.0	0.0	0.0	0.0	0.0	0.0
355.0	0.0	0.0	0.0	0.0	0.0	0.0	0.0	0.0	0.0
356.0	0.0	0.0	0.0	0.0	0.0	0.0	0.0	0.0	0.0
357.0	0.0	0.0	0.0	0.0	0.0	0.0	0.0	0.0	0.0
358.0	0.0	0.0	0.0	0.0	0.0	0.0	0.0	0.0	0.0
359.0	0.0	0.0	0.0	0.0	0.0	0.0	0.0	0.0	0.0
360.0	0.0	0.0	0.0	0.0	0.0	0.0	0.0	0.0	0.0
361.0	0.0	0.0	0.0	0.0	0.0	0.0	0.0	0.0	0.0
362.0	0.0	0.0	0.0	0.0	0.0	0.0	0.0	0.0	0.0
363.0	0.0	0.0	0.0	0.0	0.0	0.0	0.0	0.0	0.0
364.0	0.0	0.0	0.0	0.0	0.0	0.0	0.0	0.0	0.0
365.0	0.0	0.0	0.0	0.0	0.0	0.0	0.0	0.0	0.0
366.0	0.0	0.0	0.0	0.0	0.0	0.0	0.0	0.0	0.0
367.0	0.0	0.0	0.0	0.0	0.0	0.0	0.0	0.0	0.0
368.0	0.0	0.0	0.0	0.0	0.0	0.0	0.0	0.0	0.0
369.0	0.0	0.0	0.0	0.0	0.0	0.0	0.0	0.0	0.0
370.0	0.0	0.0	0.0	0.0	0.0	0.0	0.0	0.0	0.0
371.0	0.0	0.0	0.0	0.0	0.0	0.0	0.0	0.0	0.0
372.0	0.0	0.0	0.0	0.0	0.0	0.0	0.0	0.0	0.0
373.0	0.0	0.0	0.0	0.0	0.0	0.0	0.0	0.0	0.0
374.0	0.0	0.0	0.0	0.0	0.0	0.0	0.0	0.0	0.0
375.0	0.0	0.0	0.0	0.0	0.0	0.0	0.0	0.0	0.0
376.0	0.0	0.0	0.0	0.0	0.0	0.0	0.0	0.0	0.0
377.0	0.0	0.0	0.0	0.0	0.0	0.0	0.0	0.0	0.0
378.0	0.0	0.0	0.0	0.0	0.0	0.0	0.0	0.0	0.0
379.0	0.0	0.0	0.0	0.0	0.0	0.0	0.0	0.0	0.0
380.0	0.0	0.0	0.0	0.0	0.0	0.0	0.0	0.0	0.0
381.0	0.0	0.0	0.0	0.0	0.0	0.0	0.0	0.0	0.0
382.0	0.0	0.0	0.0	0.0	0.0	0.0	0.0	0.0	0.0
383.0	0.0	0.0	0.0	0.0	0.0	0.0	0.0	0.0	0.0
384.0	0.0	0.0	0.0	0.0	0.0	0.0	0.0	0.0	0.0
385.0	0.0	0.0	0.0	0.0	0.0	0.0	0.0	0.0	0.0
386.0	0.0	0.0	0.0	0.0	0.0	0.0	0.0	0.0	0.0
387.0	0.0	0.0	0.0	0.0	0.0	0.0	0.0	0.0	0.0
388.0	0.0	0.0	0.0	0.0	0.0	0.0	0.0	0.0	0.0
389.0	0.0	0.0	0.0	0.0	0.0	0.0	0.0	0.0	0.0
390.0	0.0	0.0	0.0	0.0	0.0	0.0	0.0	0.0	0.0
391.0	0.0	0.0	0.0	0.0	0.0	0.0	0.0	0.0	0.0
392.0	0.0	0.0	0.0	0.0	0.0	0.0	0.0	0.0	0.0
393.0	0.0	0.0	0.0	0.0	0.0	0.0	0.0	0.0	0.0
394.0	0.0	0.0	0.0	0.0	0.0	0.0	0.0	0.0	0.0
395.0	0.0	0.0	0.0	0.0	0.0	0.0	0.0	0.0	0.0
396.0	0.0	0.0	0.0	0.0	0.0	0.0	0.0	0.0	0.0
397.0	0.0	0.0	0.0	0.0	0.0	0.0	0.0	0.0	0.0
398.0	0.0	0.0	0.0	0.0	0.0	0.0	0.0	0.0	0.0
399.0	0.0	0.0	0.0	0.0	0.0	0.0	0.0	0.0	0.0
400.0	0.0	0.0	0.0	0.0	0.0	0.0	0.0	0.0	0.0
401.0	0.0	0.0	0.0	0.0	0.0	0.0	0.0	0.0	0.0
402.0	0.0	0.0	0.0	0.0	0.0	0.0	0.0	0.0	0.0
403.0	0.0033333333333333335	0.0	0.0	0.01	2.2222222222222223E-5	1.1111111111111113E-5	4.444444444444444E-5	-0.002001110995394477	0.008667777662061144
