0.0	0.0	0.0	0.0	0.0	0.0	0.0	0.0	0.0	0.0
1.0	0.0	0.0	0.0	0.0	0.0	0.0	0.0	0.0	0.0
2.0	0.018426569568575527	0.017543859649122806	0.0	0.03773584905660377	2.3772197240474742E-4	1.7015882143372695E-4	3.728482743467883E-4	9.791941289850233E-4	0.03587394500816603
3.0	0.14967332690081955	0.16981132075471697	0.08771929824561403	0.19148936170212766	0.001997473743191283	0.0038383016666100273	0.0010770597814819104	0.09909831616810152	0.20024833763353758
4.0	0.12459591371041011	0.1509433962264151	0.05263157894736842	0.1702127659574468	0.0026513175072487654	0.00517886547788713	0.0013875435219295824	0.06632842324375035	0.18286340417706987
5.0	0.13876857270970816	0.1276595744680851	0.11320754716981132	0.17543859649122806	7.071555042402925E-4	3.8838793429182134E-4	0.001344690644137235	0.10867644425341853	0.16886070116599777
6.0	0.048107690610173226	0.05660377358490566	0.0	0.08771929824561403	0.0013185375937406	0.002314349895844149	8.206314426888253E-4	0.007017164450996788	0.08919821676934966
7.0	0.07523223957122835	0.06382978723404255	0.05660377358490566	0.10526315789473684	4.5963057321953774E-4	2.3851783215268763E-4	9.018560553532379E-4	0.05097173112588192	0.09949274801657478
8.0	0.06522193346339218	0.07547169811320754	0.03508771929824561	0.0851063829787234	4.6950662375176027E-4	9.080708633509201E-4	2.5022450395218034E-4	0.04070216833533843	0.08974169859144593
9.0	0.0581297348818319	0.06382978723404255	0.03508771929824561	0.07547169811320754	2.880562558968534E-4	5.309344821542334E-4	1.6661714276816343E-4	0.0389238598028068	0.077335609960857
10.0	0.03172825681224337	0.0425531914893617	0.0	0.05263157894736842	5.202701224641185E-4	0.001006682280343668	2.770640435243438E-4	0.005916956299624503	0.05753955732486224
11.0	0.03136672136651008	0.03508771929824561	0.02127659574468085	0.03773584905660377	5.207408273499767E-5	1.0181063506429468E-4	2.7205806570349167E-5	0.023200779978958835	0.03953266275406132
12.0	0.026321658555595467	0.018867924528301886	0.017543859649122806	0.0425531914893617	1.3202352199068157E-4	6.630395229605341E-5	2.634626613799379E-4	0.013319331044986678	0.039323986066204256
13.0	0.051840426705731274	0.05660377358490566	0.03508771929824561	0.06382978723404255	1.4902914828333124E-4	2.8065320548082497E-4	8.321711968458439E-5	0.0380260576642194	0.06565479574724314
14.0	0.01967081493376154	0.02127659574468085	0.0	0.03773584905660377	2.3862165001015565E-4	3.86940960158296E-4	1.6446199493608547E-4	0.00219045518651936	0.03715117468100372
15.0	0.0070921985815602835	0.0	0.0	0.02127659574468085	1.0059856144057138E-4	5.0299280720285695E-5	2.0119712288114278E-4	-0.004257682968924417	0.018442080132044986
16.0	0.006289308176100628	0.0	0.0	0.018867924528301886	7.911079466793244E-5	3.9555397333966215E-5	1.582215893358649E-4	-0.0037756811233858054	0.016354297475587063
17.0	0.03757621002861764	0.0425531914893617	0.0	0.07017543859649122	8.331505359319468E-4	0.001411971560114785	5.437400238405277E-4	0.0049131263875192566	0.07023929366971603
18.0	0.005847953216374269	0.0	0.0	0.017543859649122806	6.83971136418043E-5	3.419855682090215E-5	1.367942272836086E-4	-0.0035107210445517126	0.01520662747730025
19.0	0.0	0.0	0.0	0.0	0.0	0.0	0.0	0.0	0.0
20.0	0.0	0.0	0.0	0.0	0.0	0.0	0.0	0.0	0.0
21.0	0.012137261392474896	0.017543859649122806	0.0	0.018867924528301886	7.394874835534342E-5	1.4731311410926166E-4	3.726656547838431E-5	0.0024061855409929136	0.021868337243956877
22.0	0.0	0.0	0.0	0.0	0.0	0.0	0.0	0.0	0.0
23.0	0.0	0.0	0.0	0.0	0.0	0.0	0.0	0.0	0.0
24.0	0.0070921985815602835	0.0	0.0	0.02127659574468085	1.0059856144057138E-4	5.0299280720285695E-5	2.0119712288114278E-4	-0.004257682968924417	0.018442080132044986
25.0	0.005847953216374269	0.0	0.0	0.017543859649122806	6.83971136418043E-5	3.419855682090215E-5	1.367942272836086E-4	-0.0035107210445517126	0.01520662747730025
26.0	0.012940151797934554	0.017543859649122806	0.0	0.02127659574468085	8.604598406997473E-5	1.6744752855358887E-4	4.5345211828167664E-5	0.0024432593625005484	0.023437044233368558
27.0	0.012137261392474896	0.017543859649122806	0.0	0.018867924528301886	7.394874835534342E-5	1.4731311410926166E-4	3.726656547838431E-5	0.0024061855409929136	0.021868337243956877
28.0	0.005847953216374269	0.0	0.0	0.017543859649122806	6.83971136418043E-5	3.419855682090215E-5	1.367942272836086E-4	-0.0035107210445517126	0.01520662747730025
29.0	0.0	0.0	0.0	0.0	0.0	0.0	0.0	0.0	0.0
30.0	0.006289308176100628	0.0	0.0	0.018867924528301886	7.911079466793244E-5	3.9555397333966215E-5	1.582215893358649E-4	-0.0037756811233858054	0.016354297475587063
31.0	0.0	0.0	0.0	0.0	0.0	0.0	0.0	0.0	0.0
32.0	0.0	0.0	0.0	0.0	0.0	0.0	0.0	0.0	0.0
33.0	0.0	0.0	0.0	0.0	0.0	0.0	0.0	0.0	0.0
34.0	0.0	0.0	0.0	0.0	0.0	0.0	0.0	0.0	0.0
35.0	0.006289308176100628	0.0	0.0	0.018867924528301886	7.911079466793244E-5	3.9555397333966215E-5	1.582215893358649E-4	-0.0037756811233858054	0.016354297475587063
36.0	0.0	0.0	0.0	0.0	0.0	0.0	0.0	0.0	0.0
37.0	0.005847953216374269	0.0	0.0	0.017543859649122806	6.83971136418043E-5	3.419855682090215E-5	1.367942272836086E-4	-0.0035107210445517126	0.01520662747730025
38.0	0.0	0.0	0.0	0.0	0.0	0.0	0.0	0.0	0.0
39.0	0.005847953216374269	0.0	0.0	0.017543859649122806	6.83971136418043E-5	3.419855682090215E-5	1.367942272836086E-4	-0.0035107210445517126	0.01520662747730025
40.0	0.0	0.0	0.0	0.0	0.0	0.0	0.0	0.0	0.0
41.0	0.0	0.0	0.0	0.0	0.0	0.0	0.0	0.0	0.0
42.0	0.005847953216374269	0.0	0.0	0.017543859649122806	6.83971136418043E-5	3.419855682090215E-5	1.367942272836086E-4	-0.0035107210445517126	0.01520662747730025
43.0	0.0	0.0	0.0	0.0	0.0	0.0	0.0	0.0	0.0
44.0	0.0	0.0	0.0	0.0	0.0	0.0	0.0	0.0	0.0
45.0	0.0	0.0	0.0	0.0	0.0	0.0	0.0	0.0	0.0
46.0	0.0	0.0	0.0	0.0	0.0	0.0	0.0	0.0	0.0
47.0	0.0	0.0	0.0	0.0	0.0	0.0	0.0	0.0	0.0
48.0	0.0	0.0	0.0	0.0	0.0	0.0	0.0	0.0	0.0
49.0	0.0	0.0	0.0	0.0	0.0	0.0	0.0	0.0	0.0
50.0	0.0	0.0	0.0	0.0	0.0	0.0	0.0	0.0	0.0
51.0	0.0	0.0	0.0	0.0	0.0	0.0	0.0	0.0	0.0
52.0	0.0	0.0	0.0	0.0	0.0	0.0	0.0	0.0	0.0
53.0	0.005847953216374269	0.0	0.0	0.017543859649122806	6.83971136418043E-5	3.419855682090215E-5	1.367942272836086E-4	-0.0035107210445517126	0.01520662747730025
54.0	0.0	0.0	0.0	0.0	0.0	0.0	0.0	0.0	0.0
55.0	0.0	0.0	0.0	0.0	0.0	0.0	0.0	0.0	0.0
56.0	0.0	0.0	0.0	0.0	0.0	0.0	0.0	0.0	0.0
57.0	0.0	0.0	0.0	0.0	0.0	0.0	0.0	0.0	0.0
58.0	0.0	0.0	0.0	0.0	0.0	0.0	0.0	0.0	0.0
59.0	0.0	0.0	0.0	0.0	0.0	0.0	0.0	0.0	0.0
60.0	0.0	0.0	0.0	0.0	0.0	0.0	0.0	0.0	0.0
61.0	0.0	0.0	0.0	0.0	0.0	0.0	0.0	0.0	0.0
62.0	0.0	0.0	0.0	0.0	0.0	0.0	0.0	0.0	0.0
63.0	0.0	0.0	0.0	0.0	0.0	0.0	0.0	0.0	0.0
64.0	0.0	0.0	0.0	0.0	0.0	0.0	0.0	0.0	0.0
65.0	0.0	0.0	0.0	0.0	0.0	0.0	0.0	0.0	0.0
66.0	0.0	0.0	0.0	0.0	0.0	0.0	0.0	0.0	0.0
67.0	0.0	0.0	0.0	0.0	0.0	0.0	0.0	0.0	0.0
68.0	0.0	0.0	0.0	0.0	0.0	0.0	0.0	0.0	0.0
69.0	0.0	0.0	0.0	0.0	0.0	0.0	0.0	0.0	0.0
70.0	0.0	0.0	0.0	0.0	0.0	0.0	0.0	0.0	0.0
71.0	0.0	0.0	0.0	0.0	0.0	0.0	0.0	0.0	0.0
72.0	0.0	0.0	0.0	0.0	0.0	0.0	0.0	0.0	0.0
73.0	0.0	0.0	0.0	0.0	0.0	0.0	0.0	0.0	0.0
74.0	0.0	0.0	0.0	0.0	0.0	0.0	0.0	0.0	0.0
75.0	0.0	0.0	0.0	0.0	0.0	0.0	0.0	0.0	0.0
76.0	0.0	0.0	0.0	0.0	0.0	0.0	0.0	0.0	0.0
77.0	0.0	0.0	0.0	0.0	0.0	0.0	0.0	0.0	0.0
78.0	0.0	0.0	0.0	0.0	0.0	0.0	0.0	0.0	0.0
79.0	0.0	0.0	0.0	0.0	0.0	0.0	0.0	0.0	0.0
80.0	0.0	0.0	0.0	0.0	0.0	0.0	0.0	0.0	0.0
81.0	0.0	0.0	0.0	0.0	0.0	0.0	0.0	0.0	0.0
82.0	0.0	0.0	0.0	0.0	0.0	0.0	0.0	0.0	0.0
83.0	0.0	0.0	0.0	0.0	0.0	0.0	0.0	0.0	0.0
84.0	0.0	0.0	0.0	0.0	0.0	0.0	0.0	0.0	0.0
85.0	0.0	0.0	0.0	0.0	0.0	0.0	0.0	0.0	0.0
86.0	0.0	0.0	0.0	0.0	0.0	0.0	0.0	0.0	0.0
87.0	0.0	0.0	0.0	0.0	0.0	0.0	0.0	0.0	0.0
88.0	0.0	0.0	0.0	0.0	0.0	0.0	0.0	0.0	0.0
89.0	0.0	0.0	0.0	0.0	0.0	0.0	0.0	0.0	0.0
90.0	0.0	0.0	0.0	0.0	0.0	0.0	0.0	0.0	0.0
91.0	0.0	0.0	0.0	0.0	0.0	0.0	0.0	0.0	0.0
92.0	0.0	0.0	0.0	0.0	0.0	0.0	0.0	0.0	0.0
93.0	0.0	0.0	0.0	0.0	0.0	0.0	0.0	0.0	0.0
94.0	0.0	0.0	0.0	0.0	0.0	0.0	0.0	0.0	0.0
95.0	0.0	0.0	0.0	0.0	0.0	0.0	0.0	0.0	0.0
96.0	0.0	0.0	0.0	0.0	0.0	0.0	0.0	0.0	0.0
97.0	0.0	0.0	0.0	0.0	0.0	0.0	0.0	0.0	0.0
98.0	0.0	0.0	0.0	0.0	0.0	0.0	0.0	0.0	0.0
99.0	0.0	0.0	0.0	0.0	0.0	0.0	0.0	0.0	0.0
100.0	0.0	0.0	0.0	0.0	0.0	0.0	0.0	0.0	0.0
101.0	0.0	0.0	0.0	0.0	0.0	0.0	0.0	0.0	0.0
102.0	0.0	0.0	0.0	0.0	0.0	0.0	0.0	0.0	0.0
103.0	0.0	0.0	0.0	0.0	0.0	0.0	0.0	0.0	0.0
104.0	0.0	0.0	0.0	0.0	0.0	0.0	0.0	0.0	0.0
105.0	0.0	0.0	0.0	0.0	0.0	0.0	0.0	0.0	0.0
106.0	0.0	0.0	0.0	0.0	0.0	0.0	0.0	0.0	0.0
107.0	0.005847953216374269	0.0	0.0	0.017543859649122806	6.83971136418043E-5	3.419855682090215E-5	1.367942272836086E-4	-0.0035107210445517126	0.01520662747730025
108.0	0.0	0.0	0.0	0.0	0.0	0.0	0.0	0.0	0.0
109.0	0.0	0.0	0.0	0.0	0.0	0.0	0.0	0.0	0.0
110.0	0.0	0.0	0.0	0.0	0.0	0.0	0.0	0.0	0.0
111.0	0.0	0.0	0.0	0.0	0.0	0.0	0.0	0.0	0.0
112.0	0.0	0.0	0.0	0.0	0.0	0.0	0.0	0.0	0.0
113.0	0.0	0.0	0.0	0.0	0.0	0.0	0.0	0.0	0.0
114.0	0.0	0.0	0.0	0.0	0.0	0.0	0.0	0.0	0.0
115.0	0.0	0.0	0.0	0.0	0.0	0.0	0.0	0.0	0.0
116.0	0.0	0.0	0.0	0.0	0.0	0.0	0.0	0.0	0.0
117.0	0.0	0.0	0.0	0.0	0.0	0.0	0.0	0.0	0.0
118.0	0.0	0.0	0.0	0.0	0.0	0.0	0.0	0.0	0.0
119.0	0.0	0.0	0.0	0.0	0.0	0.0	0.0	0.0	0.0
120.0	0.0	0.0	0.0	0.0	0.0	0.0	0.0	0.0	0.0
121.0	0.0	0.0	0.0	0.0	0.0	0.0	0.0	0.0	0.0
122.0	0.0	0.0	0.0	0.0	0.0	0.0	0.0	0.0	0.0
123.0	0.0	0.0	0.0	0.0	0.0	0.0	0.0	0.0	0.0
124.0	0.0	0.0	0.0	0.0	0.0	0.0	0.0	0.0	0.0
125.0	0.006289308176100628	0.0	0.0	0.018867924528301886	7.911079466793244E-5	3.9555397333966215E-5	1.582215893358649E-4	-0.0037756811233858054	0.016354297475587063
