0	0.0
1	0.0018712162905888828
2	0.02146395156851954
3	0.021574023115024765
4	0.005063291139240506
5	0.0015410016510731975
6	0.0
7	1.100715465052284E-4
8	8.805723720418272E-4
9	0.006274078150798019
10	0.015299944964226748
11	0.026967528893780957
12	0.093010456796918
13	0.07539900935608146
14	0.021684094661529995
15	0.003632361034672537
16	7.705008255365987E-4
17	0.0014309301045679693
18	0.0047330764997248215
19	0.02322509631260319
20	0.04832140891579527
21	0.07848101265822785
22	0.09851403412217942
23	0.052504127682993944
24	0.011887727022564668
25	0.005943863511282334
26	0.003632361034672537
27	0.006604292790313704
28	0.01375894331315355
29	0.031700605393505776
30	0.034782608695652174
31	0.05239405613648872
32	0.029168959823885527
33	0.015520088057237204
34	0.009466152999449643
35	0.004512933406714365
36	0.0069345074298293894
37	0.008695652173913044
38	0.013208585580627407
39	0.02003302146395157
40	0.013208585580627407
41	0.009466152999449643
42	0.007154650522839846
43	0.005943863511282334
44	0.005943863511282334
45	0.005393505778756191
46	0.0067143643368189326
47	0.002971931755641167
48	0.0026417171161254816
49	0.003082003302146395
50	0.0037424325811777656
51	0.004402861860209136
52	0.00275178866263071
53	0.0028618602091359385
54	0.003082003302146395
55	0.0018712162905888828
56	0.0020913593835993395
57	0.0020913593835993395
58	0.0017611447440836544
59	0.0015410016510731975
60	0.0014309301045679693
61	0.001981287837094111
62	0.0014309301045679693
63	0.0026417171161254816
64	0.002201430930104568
65	0.001981287837094111
66	0.0017611447440836544
67	0.0012107870115575124
68	0.001100715465052284
69	5.50357732526142E-4
70	9.906439185470555E-4
71	0.001100715465052284
72	5.50357732526142E-4
73	0.001100715465052284
74	0.001100715465052284
75	4.402861860209136E-4
76	4.402861860209136E-4
77	8.805723720418272E-4
78	0.0012107870115575124
79	8.805723720418272E-4
80	5.50357732526142E-4
81	3.302146395156852E-4
82	4.402861860209136E-4
83	5.50357732526142E-4
84	7.705008255365987E-4
85	2.201430930104568E-4
86	1.100715465052284E-4
87	1.100715465052284E-4
88	5.50357732526142E-4
89	5.50357732526142E-4
90	2.201430930104568E-4
91	3.302146395156852E-4
92	1.100715465052284E-4
93	3.302146395156852E-4
94	5.50357732526142E-4
95	1.100715465052284E-4
96	3.302146395156852E-4
97	3.302146395156852E-4
98	3.302146395156852E-4
99	1.100715465052284E-4
100	2.201430930104568E-4
101	1.100715465052284E-4
102	2.201430930104568E-4
103	1.100715465052284E-4
104	2.201430930104568E-4
105	1.100715465052284E-4
106	1.100715465052284E-4
107	1.100715465052284E-4
108	2.201430930104568E-4
109	0.0
110	1.100715465052284E-4
111	0.0
112	1.100715465052284E-4
113	2.201430930104568E-4
114	3.302146395156852E-4
115	3.302146395156852E-4
116	3.302146395156852E-4
117	2.201430930104568E-4
118	0.0
119	0.0
120	1.100715465052284E-4
121	1.100715465052284E-4
122	0.0
123	0.0
124	2.201430930104568E-4
125	2.201430930104568E-4
126	1.100715465052284E-4
127	0.0
128	1.100715465052284E-4
129	0.0
130	0.0
131	0.0
132	1.100715465052284E-4
133	0.0
134	1.100715465052284E-4
135	2.201430930104568E-4
136	0.0
137	1.100715465052284E-4
138	1.100715465052284E-4
139	0.0
140	1.100715465052284E-4
141	0.0
142	1.100715465052284E-4
143	0.0
144	1.100715465052284E-4
145	1.100715465052284E-4
146	1.100715465052284E-4
147	0.0
148	2.201430930104568E-4
149	0.0
150	0.0
151	0.0
152	1.100715465052284E-4
153	1.100715465052284E-4
154	0.0
155	0.0
156	0.0
157	0.0
158	1.100715465052284E-4
159	1.100715465052284E-4
160	0.0
161	0.0
162	0.0
163	0.0
164	0.0
165	0.0
166	0.0
167	0.0
168	0.0
169	0.0
170	0.0
171	0.0
172	0.0
173	0.0
174	1.100715465052284E-4
175	1.100715465052284E-4
176	1.100715465052284E-4
177	1.100715465052284E-4
178	0.0
179	0.0
180	0.0
181	1.100715465052284E-4
182	0.0
183	0.0
184	0.0
185	0.0
186	0.0
187	1.100715465052284E-4
188	0.0
189	0.0
190	0.0
191	0.0
192	1.100715465052284E-4
193	1.100715465052284E-4
194	0.0
195	0.0
196	0.0
197	0.0
198	2.201430930104568E-4
199	0.0
200	0.0
201	1.100715465052284E-4
202	0.0
203	0.0
204	0.0
205	0.0
206	0.0
207	0.0
208	0.0
209	0.0
210	0.0
211	0.0
212	0.0
213	0.0
214	1.100715465052284E-4
215	0.0
216	0.0
217	0.0
218	0.0
219	0.0
220	0.0
221	0.0
222	0.0
223	0.0
224	0.0
225	0.0
226	0.0
227	1.100715465052284E-4
228	0.0
229	0.0
230	0.0
231	1.100715465052284E-4
232	0.0
233	0.0
234	0.0
235	0.0
236	1.100715465052284E-4
237	0.0
238	0.0
239	1.100715465052284E-4
240	0.0
241	0.0
242	0.0
243	0.0
244	0.0
245	0.0
246	1.100715465052284E-4
247	0.0
248	0.0
249	0.0
250	0.0
251	0.0
252	0.0
253	0.0
254	0.0
255	0.0
256	0.0
257	0.0
258	0.0
259	0.0
260	0.0
261	0.0
262	0.0
263	0.0
264	0.0
265	0.0
266	0.0
267	0.0
268	0.0
269	0.0
270	0.0
271	0.0
272	0.0
273	0.0
274	0.0
275	0.0
276	0.0
277	0.0
278	0.0
279	0.0
280	0.0
281	0.0
282	0.0
283	0.0
284	0.0
285	0.0
286	0.0
287	0.0
288	0.0
289	1.100715465052284E-4
290	0.0
291	0.0
292	1.100715465052284E-4
293	0.0
294	0.0
295	0.0
296	0.0
297	0.0
298	0.0
299	0.0
300	0.0
301	0.0
302	0.0
303	0.0
304	0.0
305	0.0
306	0.0
307	0.0
308	0.0
309	0.0
310	0.0
311	0.0
312	0.0
313	0.0
314	0.0
315	0.0
316	0.0
317	0.0
318	0.0
319	0.0
320	0.0
321	0.0
322	0.0
323	0.0
324	0.0
325	0.0
326	0.0
327	0.0
328	0.0
329	0.0
330	0.0
331	0.0
332	0.0
333	0.0
334	0.0
335	0.0
336	0.0
337	0.0
338	0.0
339	0.0
340	0.0
341	0.0
342	0.0
343	0.0
344	0.0
345	0.0
346	0.0
347	0.0
348	0.0
349	0.0
350	0.0
351	0.0
352	0.0
353	0.0
354	0.0
355	0.0
356	0.0
357	0.0
358	0.0
359	0.0
360	0.0
361	0.0
362	0.0
363	1.100715465052284E-4
364	0.0
365	0.0
366	0.0
367	0.0
368	0.0
369	0.0
370	0.0
371	0.0
372	0.0
373	0.0
374	0.0
375	0.0
376	1.100715465052284E-4
377	0.0
378	0.0
379	0.0
380	0.0
381	0.0
382	0.0
383	0.0
384	0.0
385	0.0
386	0.0
387	0.0
388	0.0
389	0.0
390	0.0
391	0.0
392	0.0
393	0.0
394	0.0
395	0.0
396	0.0
397	0.0
398	0.0
399	0.0
400	0.0
401	0.0
402	0.0
403	0.0
404	0.0
405	0.0
406	0.0
407	0.0
408	0.0
409	0.0
410	0.0
411	0.0
412	0.0
413	0.0
414	0.0
415	0.0
416	0.0
417	0.0
418	0.0
419	0.0
420	0.0
421	0.0
422	0.0
423	0.0
424	0.0
425	0.0
426	0.0
427	0.0
428	0.0
429	0.0
430	0.0
431	0.0
432	0.0
433	0.0
434	0.0
435	0.0
436	0.0
437	0.0
438	0.0
439	0.0
440	0.0
441	0.0
442	0.0
443	0.0
444	0.0
445	1.100715465052284E-4
446	1.100715465052284E-4
