0	0.0014
1	0.0027
2	0.0501
3	0.1208
4	0.0801
5	0.0299
6	0.0115
7	0.0051
8	0.0024
9	0.0062
10	0.0179
11	0.0344
12	0.0857
13	0.13
14	0.0693
15	0.0295
16	0.0146
17	0.0076
18	0.0057
19	0.0104
20	0.0206
21	0.031
22	0.0424
23	0.0353
24	0.0183
25	0.0105
26	0.008
27	0.0067
28	0.0046
29	0.0051
30	0.0079
31	0.0075
32	0.0083
33	0.0043
34	0.0039
35	0.0049
36	0.0043
37	0.0039
38	0.0031
39	0.0026
40	0.0022
41	0.0028
42	0.0018
43	0.0015
44	0.0019
45	0.0015
46	0.002
47	0.0017
48	0.0011
49	0.001
50	0.0018
51	0.0014
52	7.0E-4
53	5.0E-4
54	0.0015
55	6.0E-4
56	5.0E-4
57	5.0E-4
58	0.0013
59	0.0016
60	5.0E-4
61	3.0E-4
62	8.0E-4
63	4.0E-4
64	8.0E-4
65	2.0E-4
66	3.0E-4
67	6.0E-4
68	4.0E-4
69	5.0E-4
70	3.0E-4
71	8.0E-4
72	2.0E-4
73	5.0E-4
74	1.0E-4
75	5.0E-4
76	4.0E-4
77	7.0E-4
78	3.0E-4
79	0.0
80	5.0E-4
81	2.0E-4
82	5.0E-4
83	0.0
84	4.0E-4
85	1.0E-4
86	4.0E-4
87	1.0E-4
88	3.0E-4
89	1.0E-4
90	1.0E-4
91	3.0E-4
92	7.0E-4
93	1.0E-4
94	1.0E-4
95	1.0E-4
96	2.0E-4
97	2.0E-4
98	2.0E-4
99	1.0E-4
100	3.0E-4
101	3.0E-4
102	2.0E-4
103	1.0E-4
104	2.0E-4
105	2.0E-4
106	1.0E-4
107	3.0E-4
108	1.0E-4
109	1.0E-4
110	3.0E-4
111	3.0E-4
112	4.0E-4
113	1.0E-4
114	1.0E-4
115	0.0
116	4.0E-4
117	0.0
118	1.0E-4
119	0.0
120	1.0E-4
121	0.0
122	0.0
123	1.0E-4
124	0.0
125	2.0E-4
126	0.0
127	3.0E-4
128	1.0E-4
129	0.0
130	0.0
131	1.0E-4
132	0.0
133	1.0E-4
134	2.0E-4
135	0.0
136	3.0E-4
137	1.0E-4
138	0.0
139	0.0
140	0.0
141	0.0
142	0.0
143	1.0E-4
144	1.0E-4
145	0.0
146	0.0
147	0.0
148	0.0
149	1.0E-4
150	0.0
151	0.0
152	0.0
153	0.0
154	0.0
155	2.0E-4
156	1.0E-4
157	1.0E-4
158	1.0E-4
159	1.0E-4
160	1.0E-4
161	0.0
162	1.0E-4
163	0.0
164	0.0
165	2.0E-4
166	1.0E-4
167	1.0E-4
168	0.0
169	0.0
170	0.0
171	0.0
172	0.0
173	1.0E-4
174	0.0
175	1.0E-4
176	1.0E-4
177	0.0
178	1.0E-4
179	0.0
180	1.0E-4
181	0.0
182	0.0
183	0.0
184	0.0
185	0.0
186	2.0E-4
187	0.0
188	0.0
189	0.0
190	1.0E-4
191	0.0
192	0.0
193	0.0
194	1.0E-4
195	0.0
196	0.0
197	1.0E-4
198	1.0E-4
199	0.0
200	2.0E-4
201	0.0
202	0.0
203	0.0
204	0.0
205	1.0E-4
206	0.0
207	0.0
208	0.0
209	0.0
210	0.0
211	0.0
212	0.0
213	0.0
214	0.0
215	0.0
216	0.0
217	0.0
218	1.0E-4
219	0.0
220	0.0
221	0.0
222	0.0
223	0.0
224	1.0E-4
225	0.0
226	0.0
227	1.0E-4
228	0.0
229	0.0
230	1.0E-4
231	1.0E-4
232	0.0
233	0.0
234	0.0
235	0.0
236	1.0E-4
237	0.0
238	0.0
239	0.0
240	0.0
241	0.0
242	0.0
243	0.0
244	0.0
245	1.0E-4
246	0.0
247	0.0
248	0.0
249	0.0
250	1.0E-4
251	0.0
252	0.0
253	0.0
254	1.0E-4
255	0.0
256	1.0E-4
257	0.0
258	0.0
259	0.0
260	1.0E-4
261	0.0
262	0.0
263	0.0
264	0.0
265	0.0
266	0.0
267	0.0
268	0.0
269	1.0E-4
270	0.0
271	0.0
272	0.0
273	0.0
274	0.0
275	0.0
276	0.0
277	0.0
278	0.0
279	0.0
280	1.0E-4
281	0.0
282	0.0
283	0.0
284	0.0
285	0.0
286	0.0
287	1.0E-4
288	1.0E-4
289	0.0
290	0.0
291	0.0
292	0.0
293	0.0
294	0.0
295	0.0
296	0.0
297	0.0
298	0.0
299	0.0
300	0.0
301	0.0
302	0.0
303	1.0E-4
304	0.0
305	0.0
306	0.0
307	0.0
308	0.0
309	0.0
310	0.0
311	0.0
312	0.0
313	0.0
314	0.0
315	1.0E-4
316	0.0
317	0.0
318	0.0
319	0.0
320	0.0
321	1.0E-4
322	0.0
323	0.0
324	0.0
325	0.0
326	0.0
327	0.0
328	0.0
329	0.0
330	0.0
331	0.0
332	0.0
333	0.0
334	0.0
335	1.0E-4
336	0.0
337	0.0
338	0.0
339	0.0
340	0.0
341	0.0
342	0.0
343	0.0
344	0.0
345	0.0
346	0.0
347	0.0
348	0.0
349	0.0
350	0.0
351	0.0
352	0.0
353	0.0
354	0.0
355	0.0
356	0.0
357	0.0
358	0.0
359	0.0
360	0.0
361	0.0
362	0.0
363	0.0
364	0.0
365	0.0
366	0.0
367	0.0
368	0.0
369	0.0
370	0.0
371	0.0
372	0.0
373	0.0
374	0.0
375	0.0
376	0.0
377	0.0
378	0.0
379	0.0
380	0.0
381	0.0
382	0.0
383	0.0
384	0.0
385	0.0
386	0.0
387	0.0
388	0.0
389	0.0
390	0.0
391	0.0
392	0.0
393	0.0
394	0.0
395	0.0
396	0.0
397	0.0
398	0.0
399	0.0
400	0.0
401	0.0
402	0.0
403	0.0
404	1.0E-4
405	0.0
406	0.0
407	0.0
408	0.0
409	0.0
410	0.0
411	0.0
412	0.0
413	0.0
414	0.0
415	0.0
416	0.0
417	0.0
418	0.0
419	0.0
420	0.0
421	0.0
422	0.0
423	0.0
424	0.0
425	0.0
426	0.0
427	0.0
428	0.0
429	0.0
430	0.0
431	0.0
432	0.0
433	0.0
434	0.0
435	0.0
436	0.0
437	0.0
438	0.0
439	0.0
440	0.0
441	0.0
442	0.0
443	0.0
444	0.0
445	0.0
446	0.0
447	0.0
448	0.0
449	0.0
450	2.0E-4
