0	0.0
1	0.0012731481481481483
2	0.08078703703703703
3	0.25555555555555554
4	0.1857638888888889
5	0.12129629629629629
6	0.07523148148148148
7	0.06157407407407407
8	0.04016203703703704
9	0.033449074074074076
10	0.02673611111111111
11	0.019212962962962963
12	0.01597222222222222
13	0.014930555555555556
14	0.009953703703703704
15	0.008912037037037038
16	0.005787037037037037
17	0.004629629629629629
18	0.005902777777777778
19	0.0033564814814814816
20	0.003125
21	0.002662037037037037
22	0.0020833333333333333
23	0.001736111111111111
24	0.0016203703703703703
25	0.001736111111111111
26	0.0023148148148148147
27	0.001388888888888889
28	9.25925925925926E-4
29	0.001388888888888889
30	6.944444444444445E-4
31	6.944444444444445E-4
32	0.0012731481481481483
33	5.787037037037037E-4
34	6.944444444444445E-4
35	6.944444444444445E-4
36	6.944444444444445E-4
37	1.1574074074074075E-4
38	5.787037037037037E-4
39	4.62962962962963E-4
40	3.4722222222222224E-4
41	3.4722222222222224E-4
42	3.4722222222222224E-4
43	0.0
44	0.0
45	5.787037037037037E-4
46	0.0
47	3.4722222222222224E-4
48	1.1574074074074075E-4
49	1.1574074074074075E-4
50	0.0
51	1.1574074074074075E-4
52	1.1574074074074075E-4
53	2.314814814814815E-4
54	2.314814814814815E-4
55	2.314814814814815E-4
56	0.0
57	2.314814814814815E-4
58	2.314814814814815E-4
59	0.0
60	0.0
61	0.0
62	1.1574074074074075E-4
63	0.0
64	0.0
65	1.1574074074074075E-4
66	0.0
67	0.0
68	0.0
69	0.0
70	0.0
71	0.0
72	0.0
73	0.0
74	0.0
75	0.0
76	0.0
77	0.0
78	0.0
79	0.0
80	0.0
81	0.0
82	0.0
83	0.0
84	0.0
85	0.0
86	0.0
87	0.0
88	0.0
89	0.0
90	0.0
91	0.0
92	0.0
93	0.0
94	0.0
95	0.0
96	0.0
97	0.0
98	0.0
99	0.0
100	0.0
101	0.0
102	1.1574074074074075E-4
103	0.0
104	0.0
105	1.1574074074074075E-4
