0.0	0.0	0.0	0.0	0.0	0.0	0.0	0.0	0.0	0.0
1.0	0.0	0.0	0.0	0.0	0.0	0.0	0.0	0.0	0.0
2.0	0.017472274534421427	0.018518518518518517	0.0	0.03389830508474576	1.9206316117354643E-4	3.052803774061915E-4	1.3545455305722387E-4	0.0017896956652399092	0.03315485340360294
3.0	0.14714375392341494	0.15254237288135594	0.1111111111111111	0.17777777777777778	7.55313284067261E-4	0.0012983513480390714	4.8379425208135575E-4	0.1160438530014249	0.17824365484540497
4.0	0.120506382088303	0.13333333333333333	0.09259259259259259	0.13559322033898305	3.9044100355180024E-4	7.791796440108329E-4	1.9607168332228393E-4	0.0981463123266006	0.1428664518500054
5.0	0.11096463695333751	0.0847457627118644	0.044444444444444446	0.2037037037037037	0.004570966626546416	0.0025561826889551878	0.008600534501728874	0.034457937045114406	0.18747133686156062
6.0	0.09139987445072191	0.1111111111111111	0.044444444444444446	0.11864406779661017	0.0011118637762748118	0.002204812407074422	5.653894608750067E-4	0.05366688321432809	0.12913286568711574
7.0	0.06386273278928646	0.06666666666666667	0.05084745762711865	0.07407407407407407	9.384364119002356E-5	1.693973875469424E-4	5.606676801156412E-5	0.052900529057134875	0.07482493652143805
8.0	0.04145218664992676	0.018518518518518517	0.01694915254237288	0.08888888888888889	0.0011255308445818246	5.631759072187594E-4	0.002250240719307955	0.003487996099068892	0.07941637720078462
9.0	0.056643649299016524	0.06666666666666667	0.018518518518518517	0.0847457627118644	7.812384174836193E-4	0.0014535255970300766	4.450948277103905E-4	0.025014519768339308	0.08827277882969374
10.0	0.059447583176396736	0.05555555555555555	0.03389830508474576	0.08888888888888889	5.115679906874434E-4	3.3395674500295353E-4	8.667904820564233E-4	0.033853055160790985	0.08504211119200249
11.0	0.03052939945595313	0.022222222222222223	0.018518518518518517	0.05084745762711865	2.08697980777571E-4	1.0663522724292364E-4	4.1282348784686576E-4	0.014181778192141111	0.046877020719765156
12.0	0.04534421427076794	0.05084745762711865	0.018518518518518517	0.06666666666666667	4.0151687206894606E-4	7.196179525922526E-4	2.4246633180729284E-4	0.02266921176624721	0.06801921677528866
13.0	0.024356559949780292	0.022222222222222223	0.0	0.05084745762711865	4.331883566245766E-4	2.9889870506125956E-4	7.017676597512106E-4	8.04232458221036E-4	0.047908887441339545
14.0	0.02663737183511195	0.018518518518518517	0.01694915254237288	0.044444444444444446	1.589564023848671E-4	7.988868612028081E-5	3.170918349140397E-4	0.01237031285995633	0.04090443081026757
15.0	0.007407407407407408	0.0	0.0	0.022222222222222223	1.0973936899862827E-4	5.4869684499314136E-5	2.1947873799725654E-4	-0.004446913323098836	0.01926172813791365
16.0	0.0	0.0	0.0	0.0	0.0	0.0	0.0	0.0	0.0
17.0	0.019753086419753086	0.022222222222222223	0.0	0.037037037037037035	2.316720012193263E-4	3.9018442310623377E-4	1.5241579027587256E-4	0.002529157716887758	0.03697701512261842
18.0	0.012345679012345678	0.0	0.0	0.037037037037037035	3.048315805517451E-4	1.5241579027587256E-4	6.096631611034902E-4	-0.007411522205164726	0.03210288022985608
19.0	0.0	0.0	0.0	0.0	0.0	0.0	0.0	0.0	0.0
20.0	0.005649717514124294	0.0	0.0	0.01694915254237288	6.383861597880558E-5	3.191930798940279E-5	1.2767723195761116E-4	-0.003391713551516063	0.01469114857976465
21.0	0.0	0.0	0.0	0.0	0.0	0.0	0.0	0.0	0.0
22.0	0.011822557020297131	0.01694915254237288	0.0	0.018518518518518517	7.029691217693577E-5	1.3977285449817697E-4	3.5558941016315164E-5	0.002334799683973012	0.02131031435662125
23.0	0.0	0.0	0.0	0.0	0.0	0.0	0.0	0.0	0.0
24.0	0.007407407407407408	0.0	0.0	0.022222222222222223	1.0973936899862827E-4	5.4869684499314136E-5	2.1947873799725654E-4	-0.004446913323098836	0.01926172813791365
25.0	0.006172839506172839	0.0	0.0	0.018518518518518517	7.620789513793628E-5	3.810394756896814E-5	1.5241579027587256E-4	-0.003705761102582363	0.01605144011492804
26.0	0.0	0.0	0.0	0.0	0.0	0.0	0.0	0.0	0.0
27.0	0.006172839506172839	0.0	0.0	0.018518518518518517	7.620789513793628E-5	3.810394756896814E-5	1.5241579027587256E-4	-0.003705761102582363	0.01605144011492804
28.0	0.0	0.0	0.0	0.0	0.0	0.0	0.0	0.0	0.0
29.0	0.0	0.0	0.0	0.0	0.0	0.0	0.0	0.0	0.0
30.0	0.0	0.0	0.0	0.0	0.0	0.0	0.0	0.0	0.0
31.0	0.0	0.0	0.0	0.0	0.0	0.0	0.0	0.0	0.0
32.0	0.0	0.0	0.0	0.0	0.0	0.0	0.0	0.0	0.0
33.0	0.0	0.0	0.0	0.0	0.0	0.0	0.0	0.0	0.0
34.0	0.011299435028248588	0.0	0.0	0.03389830508474576	2.553544639152223E-4	1.2767723195761116E-4	5.107089278304447E-4	-0.006783427103032126	0.0293822971595293
35.0	0.011822557020297131	0.01694915254237288	0.0	0.018518518518518517	7.029691217693577E-5	1.3977285449817697E-4	3.5558941016315164E-5	0.002334799683973012	0.02131031435662125
36.0	0.0	0.0	0.0	0.0	0.0	0.0	0.0	0.0	0.0
37.0	0.0	0.0	0.0	0.0	0.0	0.0	0.0	0.0	0.0
38.0	0.0	0.0	0.0	0.0	0.0	0.0	0.0	0.0	0.0
39.0	0.006172839506172839	0.0	0.0	0.018518518518518517	7.620789513793628E-5	3.810394756896814E-5	1.5241579027587256E-4	-0.003705761102582363	0.01605144011492804
40.0	0.0	0.0	0.0	0.0	0.0	0.0	0.0	0.0	0.0
41.0	0.0	0.0	0.0	0.0	0.0	0.0	0.0	0.0	0.0
42.0	0.006172839506172839	0.0	0.0	0.018518518518518517	7.620789513793628E-5	3.810394756896814E-5	1.5241579027587256E-4	-0.003705761102582363	0.01605144011492804
43.0	0.0	0.0	0.0	0.0	0.0	0.0	0.0	0.0	0.0
44.0	0.0	0.0	0.0	0.0	0.0	0.0	0.0	0.0	0.0
45.0	0.0	0.0	0.0	0.0	0.0	0.0	0.0	0.0	0.0
46.0	0.0	0.0	0.0	0.0	0.0	0.0	0.0	0.0	0.0
47.0	0.007407407407407408	0.0	0.0	0.022222222222222223	1.0973936899862827E-4	5.4869684499314136E-5	2.1947873799725654E-4	-0.004446913323098836	0.01926172813791365
48.0	0.0	0.0	0.0	0.0	0.0	0.0	0.0	0.0	0.0
49.0	0.0	0.0	0.0	0.0	0.0	0.0	0.0	0.0	0.0
50.0	0.0	0.0	0.0	0.0	0.0	0.0	0.0	0.0	0.0
51.0	0.0	0.0	0.0	0.0	0.0	0.0	0.0	0.0	0.0
52.0	0.0	0.0	0.0	0.0	0.0	0.0	0.0	0.0	0.0
53.0	0.006172839506172839	0.0	0.0	0.018518518518518517	7.620789513793628E-5	3.810394756896814E-5	1.5241579027587256E-4	-0.003705761102582363	0.01605144011492804
54.0	0.007407407407407408	0.0	0.0	0.022222222222222223	1.0973936899862827E-4	5.4869684499314136E-5	2.1947873799725654E-4	-0.004446913323098836	0.01926172813791365
55.0	0.0	0.0	0.0	0.0	0.0	0.0	0.0	0.0	0.0
56.0	0.0	0.0	0.0	0.0	0.0	0.0	0.0	0.0	0.0
57.0	0.0	0.0	0.0	0.0	0.0	0.0	0.0	0.0	0.0
58.0	0.0	0.0	0.0	0.0	0.0	0.0	0.0	0.0	0.0
59.0	0.0	0.0	0.0	0.0	0.0	0.0	0.0	0.0	0.0
60.0	0.0	0.0	0.0	0.0	0.0	0.0	0.0	0.0	0.0
61.0	0.0	0.0	0.0	0.0	0.0	0.0	0.0	0.0	0.0
62.0	0.0	0.0	0.0	0.0	0.0	0.0	0.0	0.0	0.0
63.0	0.007407407407407408	0.0	0.0	0.022222222222222223	1.0973936899862827E-4	5.4869684499314136E-5	2.1947873799725654E-4	-0.004446913323098836	0.01926172813791365
64.0	0.0	0.0	0.0	0.0	0.0	0.0	0.0	0.0	0.0
65.0	0.0	0.0	0.0	0.0	0.0	0.0	0.0	0.0	0.0
66.0	0.0	0.0	0.0	0.0	0.0	0.0	0.0	0.0	0.0
67.0	0.0	0.0	0.0	0.0	0.0	0.0	0.0	0.0	0.0
68.0	0.0	0.0	0.0	0.0	0.0	0.0	0.0	0.0	0.0
69.0	0.0	0.0	0.0	0.0	0.0	0.0	0.0	0.0	0.0
70.0	0.0	0.0	0.0	0.0	0.0	0.0	0.0	0.0	0.0
71.0	0.0	0.0	0.0	0.0	0.0	0.0	0.0	0.0	0.0
72.0	0.0	0.0	0.0	0.0	0.0	0.0	0.0	0.0	0.0
73.0	0.0	0.0	0.0	0.0	0.0	0.0	0.0	0.0	0.0
74.0	0.005649717514124294	0.0	0.0	0.01694915254237288	6.383861597880558E-5	3.191930798940279E-5	1.2767723195761116E-4	-0.003391713551516063	0.01469114857976465
75.0	0.0	0.0	0.0	0.0	0.0	0.0	0.0	0.0	0.0
76.0	0.0	0.0	0.0	0.0	0.0	0.0	0.0	0.0	0.0
77.0	0.0	0.0	0.0	0.0	0.0	0.0	0.0	0.0	0.0
78.0	0.0	0.0	0.0	0.0	0.0	0.0	0.0	0.0	0.0
79.0	0.0	0.0	0.0	0.0	0.0	0.0	0.0	0.0	0.0
80.0	0.006172839506172839	0.0	0.0	0.018518518518518517	7.620789513793628E-5	3.810394756896814E-5	1.5241579027587256E-4	-0.003705761102582363	0.01605144011492804
81.0	0.0	0.0	0.0	0.0	0.0	0.0	0.0	0.0	0.0
82.0	0.0	0.0	0.0	0.0	0.0	0.0	0.0	0.0	0.0
83.0	0.0	0.0	0.0	0.0	0.0	0.0	0.0	0.0	0.0
84.0	0.0	0.0	0.0	0.0	0.0	0.0	0.0	0.0	0.0
85.0	0.0	0.0	0.0	0.0	0.0	0.0	0.0	0.0	0.0
86.0	0.0	0.0	0.0	0.0	0.0	0.0	0.0	0.0	0.0
87.0	0.0	0.0	0.0	0.0	0.0	0.0	0.0	0.0	0.0
88.0	0.0	0.0	0.0	0.0	0.0	0.0	0.0	0.0	0.0
89.0	0.0	0.0	0.0	0.0	0.0	0.0	0.0	0.0	0.0
90.0	0.0	0.0	0.0	0.0	0.0	0.0	0.0	0.0	0.0
91.0	0.0	0.0	0.0	0.0	0.0	0.0	0.0	0.0	0.0
92.0	0.0	0.0	0.0	0.0	0.0	0.0	0.0	0.0	0.0
93.0	0.0	0.0	0.0	0.0	0.0	0.0	0.0	0.0	0.0
94.0	0.0	0.0	0.0	0.0	0.0	0.0	0.0	0.0	0.0
95.0	0.0	0.0	0.0	0.0	0.0	0.0	0.0	0.0	0.0
96.0	0.0	0.0	0.0	0.0	0.0	0.0	0.0	0.0	0.0
97.0	0.0	0.0	0.0	0.0	0.0	0.0	0.0	0.0	0.0
98.0	0.0	0.0	0.0	0.0	0.0	0.0	0.0	0.0	0.0
99.0	0.0	0.0	0.0	0.0	0.0	0.0	0.0	0.0	0.0
100.0	0.0	0.0	0.0	0.0	0.0	0.0	0.0	0.0	0.0
101.0	0.0	0.0	0.0	0.0	0.0	0.0	0.0	0.0	0.0
102.0	0.0	0.0	0.0	0.0	0.0	0.0	0.0	0.0	0.0
103.0	0.0	0.0	0.0	0.0	0.0	0.0	0.0	0.0	0.0
104.0	0.0	0.0	0.0	0.0	0.0	0.0	0.0	0.0	0.0
105.0	0.0	0.0	0.0	0.0	0.0	0.0	0.0	0.0	0.0
106.0	0.0	0.0	0.0	0.0	0.0	0.0	0.0	0.0	0.0
107.0	0.006172839506172839	0.0	0.0	0.018518518518518517	7.620789513793628E-5	3.810394756896814E-5	1.5241579027587256E-4	-0.003705761102582363	0.01605144011492804
108.0	0.0	0.0	0.0	0.0	0.0	0.0	0.0	0.0	0.0
109.0	0.0	0.0	0.0	0.0	0.0	0.0	0.0	0.0	0.0
110.0	0.0	0.0	0.0	0.0	0.0	0.0	0.0	0.0	0.0
111.0	0.0	0.0	0.0	0.0	0.0	0.0	0.0	0.0	0.0
112.0	0.0	0.0	0.0	0.0	0.0	0.0	0.0	0.0	0.0
113.0	0.0	0.0	0.0	0.0	0.0	0.0	0.0	0.0	0.0
114.0	0.0	0.0	0.0	0.0	0.0	0.0	0.0	0.0	0.0
115.0	0.0	0.0	0.0	0.0	0.0	0.0	0.0	0.0	0.0
116.0	0.0	0.0	0.0	0.0	0.0	0.0	0.0	0.0	0.0
117.0	0.0	0.0	0.0	0.0	0.0	0.0	0.0	0.0	0.0
118.0	0.0	0.0	0.0	0.0	0.0	0.0	0.0	0.0	0.0
119.0	0.0	0.0	0.0	0.0	0.0	0.0	0.0	0.0	0.0
120.0	0.0	0.0	0.0	0.0	0.0	0.0	0.0	0.0	0.0
121.0	0.0	0.0	0.0	0.0	0.0	0.0	0.0	0.0	0.0
122.0	0.0	0.0	0.0	0.0	0.0	0.0	0.0	0.0	0.0
123.0	0.0	0.0	0.0	0.0	0.0	0.0	0.0	0.0	0.0
124.0	0.0	0.0	0.0	0.0	0.0	0.0	0.0	0.0	0.0
125.0	0.005649717514124294	0.0	0.0	0.01694915254237288	6.383861597880558E-5	3.191930798940279E-5	1.2767723195761116E-4	-0.003391713551516063	0.01469114857976465
