0	9.0E-4
1	0.0024
2	0.046
3	0.0867
4	0.0469
5	0.0144
6	0.0056
7	0.0022
8	0.0039
9	0.0128
10	0.0205
11	0.0351
12	0.0746
13	0.1215
14	0.0571
15	0.0241
16	0.0077
17	0.0036
18	0.0066
19	0.0215
20	0.0316
21	0.0431
22	0.0508
23	0.0404
24	0.0219
25	0.0105
26	0.0076
27	0.0058
28	0.0075
29	0.0133
30	0.0151
31	0.0179
32	0.0128
33	0.0119
34	0.0067
35	0.0066
36	0.0056
37	0.005
38	0.0038
39	0.0051
40	0.0038
41	0.0038
42	0.0035
43	0.0035
44	0.0031
45	0.003
46	0.0033
47	0.0017
48	0.0015
49	0.0014
50	0.0015
51	8.0E-4
52	0.0016
53	0.0022
54	0.0014
55	0.0015
56	0.0016
57	0.0014
58	9.0E-4
59	9.0E-4
60	0.001
61	8.0E-4
62	0.0014
63	8.0E-4
64	9.0E-4
65	7.0E-4
66	7.0E-4
67	8.0E-4
68	4.0E-4
69	8.0E-4
70	2.0E-4
71	0.0013
72	5.0E-4
73	8.0E-4
74	7.0E-4
75	8.0E-4
76	7.0E-4
77	5.0E-4
78	9.0E-4
79	5.0E-4
80	4.0E-4
81	3.0E-4
82	6.0E-4
83	1.0E-4
84	4.0E-4
85	6.0E-4
86	4.0E-4
87	6.0E-4
88	6.0E-4
89	0.0
90	4.0E-4
91	4.0E-4
92	5.0E-4
93	2.0E-4
94	4.0E-4
95	7.0E-4
96	5.0E-4
97	4.0E-4
98	4.0E-4
99	3.0E-4
100	4.0E-4
101	4.0E-4
102	4.0E-4
103	1.0E-4
104	3.0E-4
105	3.0E-4
106	1.0E-4
107	1.0E-4
108	3.0E-4
109	1.0E-4
110	5.0E-4
111	1.0E-4
112	0.0
113	4.0E-4
114	3.0E-4
115	2.0E-4
116	2.0E-4
117	3.0E-4
118	1.0E-4
119	6.0E-4
120	1.0E-4
121	0.0
122	1.0E-4
123	0.0
124	1.0E-4
125	3.0E-4
126	1.0E-4
127	2.0E-4
128	2.0E-4
129	2.0E-4
130	1.0E-4
131	2.0E-4
132	1.0E-4
133	2.0E-4
134	3.0E-4
135	1.0E-4
136	0.0
137	3.0E-4
138	1.0E-4
139	2.0E-4
140	0.0
141	0.0
142	3.0E-4
143	2.0E-4
144	1.0E-4
145	1.0E-4
146	1.0E-4
147	0.0
148	0.0
149	0.0
150	1.0E-4
151	0.0
152	0.0
153	4.0E-4
154	1.0E-4
155	1.0E-4
156	1.0E-4
157	0.0
158	1.0E-4
159	0.0
160	0.0
161	3.0E-4
162	0.0
163	0.0
164	0.0
165	1.0E-4
166	0.0
167	2.0E-4
168	2.0E-4
169	1.0E-4
170	1.0E-4
171	0.0
172	1.0E-4
173	0.0
174	1.0E-4
175	1.0E-4
176	1.0E-4
177	1.0E-4
178	0.0
179	0.0
180	2.0E-4
181	1.0E-4
182	1.0E-4
183	1.0E-4
184	0.0
185	0.0
186	0.0
187	0.0
188	1.0E-4
189	2.0E-4
190	0.0
191	0.0
192	1.0E-4
193	2.0E-4
194	2.0E-4
195	0.0
196	0.0
197	0.0
198	1.0E-4
199	0.0
200	0.0
201	0.0
202	1.0E-4
203	0.0
204	2.0E-4
205	0.0
206	0.0
207	0.0
208	0.0
209	0.0
210	0.0
211	0.0
212	1.0E-4
213	0.0
214	0.0
215	1.0E-4
216	0.0
217	0.0
218	0.0
219	0.0
220	0.0
221	0.0
222	0.0
223	0.0
224	1.0E-4
225	0.0
226	2.0E-4
227	1.0E-4
228	1.0E-4
229	0.0
230	1.0E-4
231	0.0
232	2.0E-4
233	0.0
234	0.0
235	1.0E-4
236	0.0
237	0.0
238	0.0
239	2.0E-4
240	0.0
241	0.0
242	1.0E-4
243	1.0E-4
244	0.0
245	0.0
246	0.0
247	0.0
248	0.0
249	0.0
250	1.0E-4
251	1.0E-4
252	0.0
253	0.0
254	2.0E-4
255	1.0E-4
256	0.0
257	0.0
258	0.0
259	0.0
260	2.0E-4
261	0.0
262	0.0
263	0.0
264	0.0
265	0.0
266	0.0
267	0.0
268	0.0
269	0.0
270	0.0
271	0.0
272	0.0
273	0.0
274	0.0
275	0.0
276	0.0
277	0.0
278	0.0
279	1.0E-4
280	0.0
281	0.0
282	0.0
283	0.0
284	0.0
285	0.0
286	0.0
287	0.0
288	0.0
289	0.0
290	0.0
291	0.0
292	0.0
293	0.0
294	0.0
295	1.0E-4
296	0.0
297	0.0
298	0.0
299	0.0
300	0.0
301	0.0
302	0.0
303	0.0
304	0.0
305	0.0
306	0.0
307	0.0
308	0.0
309	0.0
310	0.0
311	0.0
312	0.0
313	1.0E-4
314	0.0
315	0.0
316	0.0
317	0.0
318	0.0
319	0.0
320	0.0
321	0.0
322	0.0
323	0.0
324	1.0E-4
325	0.0
326	0.0
327	0.0
328	0.0
329	0.0
330	0.0
331	0.0
332	0.0
333	0.0
334	0.0
335	0.0
336	0.0
337	0.0
338	0.0
339	0.0
340	0.0
341	0.0
342	0.0
343	0.0
344	0.0
345	0.0
346	0.0
347	0.0
348	0.0
349	0.0
350	0.0
351	0.0
352	0.0
353	0.0
354	0.0
355	0.0
356	0.0
357	0.0
358	0.0
359	0.0
360	0.0
361	0.0
362	0.0
363	0.0
364	0.0
365	0.0
366	0.0
367	1.0E-4
368	1.0E-4
369	1.0E-4
370	0.0
371	1.0E-4
372	0.0
373	0.0
374	0.0
375	0.0
376	0.0
377	1.0E-4
378	0.0
379	0.0
380	1.0E-4
381	0.0
382	0.0
383	0.0
384	0.0
385	0.0
386	1.0E-4
387	0.0
388	0.0
389	0.0
390	0.0
391	1.0E-4
392	0.0
393	0.0
394	0.0
395	0.0
396	0.0
397	0.0
398	1.0E-4
399	0.0
400	0.0
401	0.0
402	0.0
403	0.0
404	0.0
405	0.0
406	0.0
407	0.0
408	0.0
409	0.0
410	0.0
411	0.0
412	0.0
413	1.0E-4
414	0.0
415	0.0
416	0.0
417	0.0
418	0.0
419	0.0
420	0.0
421	0.0
422	0.0
423	0.0
424	0.0
425	0.0
426	0.0
427	0.0
428	0.0
429	0.0
430	0.0
431	1.0E-4
432	0.0
433	0.0
434	0.0
435	0.0
436	0.0
437	0.0
438	0.0
439	0.0
440	0.0
441	0.0
442	0.0
443	0.0
444	0.0
445	0.0
446	0.0
447	0.0
448	0.0
449	0.0
450	0.0
451	0.0
452	0.0
453	0.0
454	0.0
455	1.0E-4
456	0.0
457	0.0
458	0.0
459	0.0
460	0.0
461	0.0
462	0.0
463	0.0
464	0.0
465	0.0
466	0.0
467	0.0
468	0.0
469	0.0
470	0.0
471	0.0
472	0.0
473	1.0E-4
474	0.0
475	0.0
476	0.0
477	0.0
478	0.0
479	0.0
480	0.0
481	0.0
482	0.0
483	0.0
484	0.0
485	0.0
486	0.0
487	0.0
488	0.0
489	0.0
490	0.0
491	0.0
492	0.0
493	0.0
494	0.0
495	0.0
496	0.0
497	0.0
498	0.0
499	0.0
500	0.0
501	0.0
502	0.0
503	0.0
504	0.0
505	0.0
506	0.0
507	0.0
508	0.0
509	0.0
510	0.0
511	0.0
512	0.0
513	0.0
514	0.0
515	1.0E-4
516	0.0
517	0.0
518	0.0
519	0.0
520	0.0
521	0.0
522	0.0
523	0.0
524	0.0
525	0.0
526	0.0
527	0.0
528	0.0
529	0.0
530	0.0
531	0.0
532	0.0
533	0.0
534	0.0
535	0.0
536	0.0
537	0.0
538	0.0
539	0.0
540	0.0
541	0.0
542	0.0
543	0.0
544	0.0
545	0.0
546	0.0
547	0.0
548	0.0
549	0.0
550	0.0
551	0.0
552	0.0
553	0.0
554	0.0
555	0.0
556	0.0
557	0.0
558	0.0
559	0.0
560	0.0
561	0.0
562	0.0
563	0.0
564	0.0
565	0.0
566	0.0
567	0.0
568	0.0
569	0.0
570	0.0
571	0.0
572	0.0
573	0.0
574	0.0
575	0.0
576	0.0
577	0.0
578	0.0
579	0.0
580	0.0
581	0.0
582	0.0
583	0.0
584	0.0
585	0.0
586	0.0
587	0.0
588	0.0
589	0.0
590	0.0
591	0.0
592	0.0
593	0.0
594	0.0
595	0.0
596	0.0
597	0.0
598	0.0
599	0.0
600	0.0
601	0.0
602	0.0
603	1.0E-4
