0	0.0014
1	0.0012
2	0.0
3	0.0
4	0.0
5	2.0E-4
6	5.0E-4
7	6.0E-4
8	0.001
9	0.0036
10	0.0056
11	0.0033
12	0.0633
13	4.0E-4
14	4.0E-4
15	0.0011
16	8.0E-4
17	0.0017
18	0.0059
19	0.0248
20	0.063
21	0.0826
22	0.0993
23	0.0068
24	2.0E-4
25	6.0E-4
26	0.0028
27	0.0069
28	0.0158
29	0.0541
30	0.0653
31	0.0855
32	0.0142
33	0.0102
34	0.0028
35	0.0043
36	0.0098
37	0.0222
38	0.0329
39	0.0417
40	0.0122
41	0.0135
42	0.0104
43	0.0068
44	0.0105
45	0.0104
46	0.0192
47	0.0059
48	0.0068
49	0.0085
50	0.0072
51	0.0069
52	0.0094
53	0.0062
54	0.0034
55	0.0032
56	0.0039
57	0.0045
58	0.0033
59	0.0039
60	0.0029
61	0.0037
62	0.0028
63	0.0031
64	0.0015
65	0.0023
66	0.0016
67	0.0022
68	0.0022
69	0.002
70	0.0027
71	0.0029
72	0.0018
73	0.0021
74	0.0018
75	7.0E-4
76	9.0E-4
77	0.0011
78	0.0013
79	0.0015
80	0.0013
81	0.0011
82	0.0015
83	8.0E-4
84	0.0013
85	0.0014
86	7.0E-4
87	0.001
88	0.0012
89	8.0E-4
90	0.001
91	0.0014
92	9.0E-4
93	0.0014
94	6.0E-4
95	4.0E-4
96	7.0E-4
97	7.0E-4
98	6.0E-4
99	6.0E-4
100	7.0E-4
101	0.0013
102	8.0E-4
103	3.0E-4
104	3.0E-4
105	5.0E-4
106	8.0E-4
107	7.0E-4
108	8.0E-4
109	8.0E-4
110	0.0011
111	2.0E-4
112	4.0E-4
113	6.0E-4
114	4.0E-4
115	4.0E-4
116	5.0E-4
117	4.0E-4
118	6.0E-4
119	2.0E-4
120	0.001
121	1.0E-4
122	5.0E-4
123	3.0E-4
124	1.0E-4
125	3.0E-4
126	3.0E-4
127	4.0E-4
128	7.0E-4
129	3.0E-4
130	2.0E-4
131	2.0E-4
132	3.0E-4
133	3.0E-4
134	2.0E-4
135	2.0E-4
136	6.0E-4
137	2.0E-4
138	2.0E-4
139	2.0E-4
140	2.0E-4
141	4.0E-4
142	0.0
143	5.0E-4
144	4.0E-4
145	3.0E-4
146	5.0E-4
147	3.0E-4
148	0.0
149	3.0E-4
150	4.0E-4
151	7.0E-4
152	2.0E-4
153	0.0
154	3.0E-4
155	2.0E-4
156	1.0E-4
157	1.0E-4
158	3.0E-4
159	1.0E-4
160	3.0E-4
161	3.0E-4
162	1.0E-4
163	0.0
164	1.0E-4
165	2.0E-4
166	3.0E-4
167	0.0
168	4.0E-4
169	2.0E-4
170	4.0E-4
171	3.0E-4
172	1.0E-4
173	1.0E-4
174	0.0
175	0.0
176	2.0E-4
177	1.0E-4
178	1.0E-4
179	0.0
180	1.0E-4
181	0.0
182	1.0E-4
183	1.0E-4
184	1.0E-4
185	2.0E-4
186	0.0
187	3.0E-4
188	3.0E-4
189	0.0
190	0.0
191	0.0
192	2.0E-4
193	1.0E-4
194	0.0
195	3.0E-4
196	1.0E-4
197	2.0E-4
198	2.0E-4
199	1.0E-4
200	1.0E-4
201	1.0E-4
202	1.0E-4
203	1.0E-4
204	2.0E-4
205	2.0E-4
206	2.0E-4
207	0.0
208	5.0E-4
209	3.0E-4
210	1.0E-4
211	1.0E-4
212	1.0E-4
213	1.0E-4
214	1.0E-4
215	1.0E-4
216	4.0E-4
217	2.0E-4
218	0.0
219	3.0E-4
220	0.0
221	0.0
222	2.0E-4
223	1.0E-4
224	0.0
225	0.0
226	2.0E-4
227	1.0E-4
228	2.0E-4
229	2.0E-4
230	1.0E-4
231	1.0E-4
232	1.0E-4
233	2.0E-4
234	0.0
235	2.0E-4
236	3.0E-4
237	0.0
238	3.0E-4
239	0.0
240	1.0E-4
241	2.0E-4
242	1.0E-4
243	1.0E-4
244	1.0E-4
245	1.0E-4
246	1.0E-4
247	0.0
248	0.0
249	0.0
250	0.0
251	1.0E-4
252	1.0E-4
253	0.0
254	0.0
255	0.0
256	0.0
257	1.0E-4
258	1.0E-4
259	0.0
260	0.0
261	0.0
262	0.0
263	0.0
264	1.0E-4
265	0.0
266	1.0E-4
267	1.0E-4
268	0.0
269	0.0
270	0.0
271	0.0
272	0.0
273	0.0
274	3.0E-4
275	1.0E-4
276	0.0
277	0.0
278	1.0E-4
279	1.0E-4
280	2.0E-4
281	0.0
282	2.0E-4
283	0.0
284	1.0E-4
285	1.0E-4
286	1.0E-4
287	0.0
288	2.0E-4
289	0.0
290	0.0
291	0.0
292	0.0
293	1.0E-4
294	0.0
295	0.0
296	1.0E-4
297	1.0E-4
298	0.0
299	0.0
300	0.0
301	0.0
302	0.0
303	0.0
304	0.0
305	1.0E-4
306	0.0
307	0.0
308	1.0E-4
309	0.0
310	0.0
311	0.0
312	0.0
313	0.0
314	0.0
315	1.0E-4
316	0.0
317	0.0
318	0.0
319	2.0E-4
320	0.0
321	1.0E-4
322	0.0
323	0.0
324	0.0
325	0.0
326	0.0
327	1.0E-4
328	0.0
329	0.0
330	0.0
331	1.0E-4
332	0.0
333	0.0
334	0.0
335	0.0
336	0.0
337	1.0E-4
338	0.0
339	1.0E-4
340	0.0
341	1.0E-4
342	0.0
343	0.0
344	0.0
345	0.0
346	0.0
347	1.0E-4
348	1.0E-4
349	0.0
350	1.0E-4
351	0.0
352	0.0
353	0.0
354	0.0
355	0.0
356	0.0
357	0.0
358	1.0E-4
359	1.0E-4
360	1.0E-4
361	0.0
362	0.0
363	0.0
364	0.0
365	0.0
366	1.0E-4
367	1.0E-4
368	0.0
369	1.0E-4
370	0.0
371	0.0
372	1.0E-4
373	0.0
374	0.0
375	1.0E-4
376	0.0
377	0.0
378	1.0E-4
379	0.0
380	0.0
381	0.0
382	0.0
383	0.0
384	0.0
385	0.0
386	0.0
387	0.0
388	0.0
389	0.0
390	1.0E-4
391	1.0E-4
392	0.0
393	0.0
394	0.0
395	0.0
396	1.0E-4
397	0.0
398	0.0
399	0.0
400	0.0
401	0.0
402	0.0
403	0.0
404	0.0
405	0.0
406	1.0E-4
407	0.0
408	0.0
409	0.0
410	0.0
411	0.0
412	1.0E-4
413	0.0
414	0.0
415	0.0
416	0.0
417	0.0
418	0.0
419	0.0
420	0.0
421	0.0
422	0.0
423	0.0
424	0.0
425	0.0
426	0.0
427	0.0
428	1.0E-4
429	0.0
430	0.0
431	0.0
432	0.0
433	0.0
434	0.0
435	0.0
436	0.0
437	1.0E-4
438	0.0
439	0.0
440	0.0
441	0.0
442	1.0E-4
443	0.0
444	0.0
445	0.0
446	1.0E-4
447	0.0
448	0.0
449	0.0
450	0.0
451	0.0
452	0.0
453	0.0
454	0.0
455	1.0E-4
456	0.0
457	0.0
458	0.0
459	0.0
460	0.0
461	0.0
462	0.0
463	0.0
464	0.0
465	0.0
466	0.0
467	0.0
468	0.0
469	0.0
470	0.0
471	0.0
472	0.0
473	1.0E-4
474	0.0
475	0.0
476	0.0
477	0.0
478	0.0
479	1.0E-4
480	0.0
481	1.0E-4
482	0.0
483	0.0
484	0.0
485	0.0
486	0.0
487	0.0
488	0.0
489	0.0
490	0.0
491	0.0
492	0.0
493	1.0E-4
494	0.0
495	1.0E-4
496	0.0
497	1.0E-4
498	1.0E-4
499	0.0
500	1.0E-4
501	0.0
502	0.0
503	0.0
504	0.0
505	0.0
506	0.0
507	0.0
508	0.0
509	0.0
510	0.0
511	0.0
512	0.0
513	0.0
514	0.0
515	0.0
516	1.0E-4
517	0.0
518	0.0
519	0.0
520	0.0
521	0.0
522	0.0
523	0.0
524	0.0
525	0.0
526	0.0
527	0.0
528	1.0E-4
529	0.0
530	0.0
531	0.0
532	0.0
533	0.0
534	0.0
535	0.0
536	0.0
537	0.0
538	0.0
539	0.0
540	0.0
541	1.0E-4
542	0.0
543	0.0
544	0.0
545	0.0
546	0.0
547	0.0
548	0.0
549	0.0
550	0.0
551	0.0
552	0.0
553	0.0
554	0.0
555	1.0E-4
556	0.0
557	0.0
558	0.0
559	0.0
560	1.0E-4
561	0.0
562	0.0
563	0.0
564	0.0
565	0.0
566	0.0
567	0.0
568	0.0
569	0.0
570	0.0
571	1.0E-4
572	0.0
573	0.0
574	1.0E-4
575	0.0
576	0.0
577	0.0
578	0.0
579	0.0
580	0.0
581	1.0E-4
582	0.0
583	0.0
584	0.0
585	0.0
586	0.0
587	1.0E-4
588	0.0
589	0.0
590	0.0
591	0.0
592	0.0
593	1.0E-4
594	0.0
595	1.0E-4
596	0.0
597	0.0
598	0.0
599	0.0
600	0.0
601	0.0
602	0.0
603	2.0E-4
604	0.0
605	0.0
606	0.0
607	0.0
608	0.0
609	0.0
610	0.0
611	0.0
612	0.0
613	0.0
614	0.0
615	0.0
616	0.0
617	0.0
618	0.0
619	0.0
620	0.0
621	0.0
622	0.0
623	0.0
624	0.0
625	0.0
626	0.0
627	0.0
628	0.0
629	0.0
630	1.0E-4
631	0.0
632	0.0
633	0.0
634	0.0
635	0.0
636	1.0E-4
637	0.0
638	1.0E-4
639	1.0E-4
640	0.0
641	0.0
642	0.0
643	0.0
644	1.0E-4
645	0.0
646	0.0
647	0.0
648	0.0
649	0.0
650	0.0
651	0.0
652	0.0
653	0.0
654	0.0
655	0.0
656	0.0
657	0.0
658	0.0
659	0.0
660	0.0
661	0.0
662	0.0
663	1.0E-4
664	0.0
665	0.0
666	1.0E-4
667	0.0
668	1.0E-4
669	0.0
670	0.0
671	0.0
672	0.0
673	0.0
674	0.0
675	0.0
676	0.0
677	1.0E-4
678	0.0
679	0.0
680	0.0
681	0.0
682	0.0
683	0.0
684	0.0
685	0.0
686	0.0
687	0.0
688	0.0
689	0.0
690	0.0
691	0.0
692	0.0
693	0.0
694	0.0
695	0.0
696	0.0
697	0.0
698	0.0
699	0.0
700	0.0
701	0.0
702	0.0
703	0.0
704	0.0
705	0.0
706	0.0
707	0.0
708	0.0
709	0.0
710	0.0
711	0.0
712	0.0
713	0.0
714	0.0
715	0.0
716	0.0
717	0.0
718	0.0
719	0.0
720	1.0E-4
721	1.0E-4
722	0.0
723	0.0
724	0.0
725	0.0
726	0.0
727	0.0
728	0.0
729	0.0
730	0.0
731	0.0
732	0.0
733	0.0
734	0.0
735	0.0
736	0.0
737	1.0E-4
738	0.0
739	0.0
740	0.0
741	0.0
742	0.0
743	0.0
744	0.0
745	0.0
746	0.0
747	0.0
748	0.0
749	0.0
750	0.0
751	0.0
752	0.0
753	0.0
754	0.0
755	0.0
756	0.0
757	0.0
758	0.0
759	0.0
760	0.0
761	0.0
762	0.0
763	0.0
764	1.0E-4
765	0.0
766	0.0
767	0.0
768	0.0
769	0.0
770	0.0
771	0.0
772	0.0
773	0.0
774	0.0
775	0.0
776	0.0
777	0.0
778	0.0
779	0.0
780	0.0
781	0.0
782	0.0
783	0.0
784	0.0
785	0.0
786	0.0
787	0.0
788	1.0E-4
789	0.0
790	0.0
791	0.0
792	0.0
793	0.0
794	0.0
795	0.0
796	0.0
797	0.0
798	0.0
799	0.0
800	0.0
801	0.0
802	0.0
803	0.0
804	0.0
805	0.0
806	0.0
807	0.0
808	0.0
809	0.0
810	1.0E-4
811	0.0
812	0.0
813	0.0
814	0.0
815	0.0
816	0.0
817	0.0
818	0.0
819	0.0
820	0.0
821	0.0
822	0.0
823	0.0
824	0.0
825	0.0
826	0.0
827	0.0
828	0.0
829	0.0
830	0.0
831	1.0E-4
832	0.0
833	1.0E-4
834	0.0
835	0.0
836	0.0
837	0.0
838	0.0
839	0.0
840	0.0
841	0.0
842	0.0
843	0.0
844	0.0
845	0.0
846	0.0
847	0.0
848	0.0
849	0.0
850	0.0
851	0.0
852	0.0
853	0.0
854	1.0E-4
855	0.0
856	0.0
857	0.0
858	0.0
859	0.0
860	0.0
861	0.0
862	0.0
863	0.0
864	0.0
865	0.0
866	0.0
867	0.0
868	0.0
869	1.0E-4
870	0.0
871	0.0
872	0.0
873	0.0
874	0.0
875	0.0
876	0.0
877	0.0
878	0.0
879	0.0
880	0.0
881	0.0
882	0.0
883	0.0
884	0.0
885	0.0
886	0.0
887	0.0
888	0.0
889	0.0
890	0.0
891	0.0
892	0.0
893	0.0
894	0.0
895	0.0
896	0.0
897	0.0
898	0.0
899	0.0
900	0.0
901	0.0
902	0.0
903	0.0
904	0.0
905	0.0
906	0.0
907	0.0
908	1.0E-4
909	0.0
910	0.0
911	0.0
912	0.0
913	0.0
914	0.0
915	0.0
916	0.0
917	0.0
918	0.0
919	0.0
920	0.0
921	0.0
922	0.0
923	0.0
924	0.0
925	0.0
926	0.0
927	1.0E-4
928	0.0
929	0.0
930	0.0
931	0.0
932	0.0
933	0.0
934	0.0
935	0.0
936	0.0
937	0.0
938	0.0
939	0.0
940	0.0
941	0.0
942	0.0
943	0.0
944	0.0
945	0.0
946	0.0
947	0.0
948	0.0
949	0.0
950	0.0
951	0.0
952	0.0
953	0.0
954	0.0
955	0.0
956	0.0
957	0.0
958	0.0
959	0.0
960	0.0
961	0.0
962	1.0E-4
963	1.0E-4
964	0.0
965	0.0
966	0.0
967	0.0
968	1.0E-4
969	0.0
970	0.0
971	0.0
972	0.0
973	0.0
974	0.0
975	0.0
976	0.0
977	0.0
978	0.0
979	0.0
980	0.0
981	0.0
982	0.0
983	0.0
984	0.0
985	0.0
986	0.0
987	0.0
988	0.0
989	0.0
990	0.0
991	0.0
992	0.0
993	0.0
994	0.0
995	0.0
996	0.0
997	0.0
998	0.0
999	0.0
1000	0.0
1001	0.0
1002	0.0
1003	0.0
1004	0.0
1005	1.0E-4
1006	0.0
1007	0.0
1008	0.0
1009	0.0
1010	0.0
1011	0.0
1012	0.0
1013	0.0
1014	0.0
1015	0.0
1016	0.0
1017	0.0
1018	0.0
1019	0.0
1020	0.0
1021	0.0
1022	0.0
1023	1.0E-4
1024	0.0
1025	0.0
1026	0.0
1027	0.0
1028	0.0
1029	0.0
1030	0.0
1031	0.0
1032	0.0
1033	0.0
1034	0.0
1035	0.0
1036	0.0
1037	0.0
1038	0.0
1039	0.0
1040	0.0
1041	0.0
1042	0.0
1043	0.0
1044	1.0E-4
1045	0.0
1046	0.0
1047	1.0E-4
1048	0.0
1049	0.0
1050	0.0
1051	0.0
1052	0.0
1053	0.0
1054	0.0
1055	0.0
1056	0.0
1057	0.0
1058	0.0
1059	0.0
1060	0.0
1061	0.0
1062	0.0
1063	0.0
1064	0.0
1065	0.0
1066	0.0
1067	0.0
1068	0.0
1069	0.0
1070	0.0
1071	0.0
1072	0.0
1073	0.0
1074	0.0
1075	0.0
1076	0.0
1077	0.0
1078	0.0
1079	0.0
1080	0.0
1081	0.0
1082	0.0
1083	0.0
1084	0.0
1085	0.0
1086	0.0
1087	0.0
1088	0.0
1089	0.0
1090	0.0
1091	0.0
1092	0.0
1093	0.0
1094	0.0
1095	0.0
1096	0.0
1097	1.0E-4
1098	0.0
1099	0.0
1100	0.0
1101	0.0
1102	0.0
1103	0.0
1104	0.0
1105	0.0
1106	0.0
1107	0.0
1108	0.0
1109	0.0
1110	0.0
1111	0.0
1112	0.0
1113	0.0
1114	0.0
1115	0.0
1116	0.0
1117	0.0
1118	0.0
1119	0.0
1120	0.0
1121	0.0
1122	0.0
1123	0.0
1124	0.0
1125	0.0
1126	0.0
1127	0.0
1128	0.0
1129	0.0
1130	0.0
1131	0.0
1132	0.0
1133	0.0
1134	0.0
1135	0.0
1136	0.0
1137	0.0
1138	0.0
1139	0.0
1140	0.0
1141	0.0
1142	0.0
1143	0.0
1144	0.0
1145	0.0
1146	0.0
1147	0.0
1148	0.0
1149	0.0
1150	0.0
1151	0.0
1152	0.0
1153	1.0E-4
