0.0	0.0	0.0	0.0	0.0	0.0	0.0	0.0	0.0	0.0
1.0	0.0012295836098211621	0.0012958963282937365	7.680491551459293E-4	0.0018466217684119052	7.59876104362119E-8	7.166948394118366E-8	8.030573693124013E-8	0.0011087709440423309	0.0013503962755999934
2.0	0.07892799606958643	0.07866868381240545	0.07088248143294015	0.08649237472766884	9.418331695460188E-6	6.997402288426489E-6	1.3914343451379913E-5	0.07758297816931001	0.08027301396986286
3.0	0.29469745380201556	0.2944438403827335	0.283721943778601	0.31545603495357727	4.990973269007938E-5	2.86393067040296E-5	8.181537166915403E-5	0.29160122037168273	0.2977936872323484
4.0	0.26901563720614874	0.2699868938401048	0.2588887680765467	0.27827413379821314	3.2572884568007986E-5	4.338035034281919E-5	2.536790738480051E-5	0.2665143176208452	0.27151695679145227
5.0	0.15544501474233435	0.15539956803455723	0.14631510698076508	0.16337502743032697	2.025791359623783E-5	1.7372471524350187E-5	2.3784565017433842E-5	0.1534724174586585	0.1574176120260102
6.0	0.08204230071827802	0.08134126554894537	0.07045330420535227	0.09021986353297953	1.8401247766732907E-5	1.59583827454558E-5	2.2065545298648568E-5	0.08016227101876951	0.08392233041778653
7.0	0.0398213831625112	0.0397665874216555	0.03506280720917532	0.04468968531468531	6.8199144477380445E-6	5.925901746928161E-6	7.91259663761679E-6	0.03867684431777	0.0409659220072524
8.0	0.022456355335890337	0.022405916902327606	0.018486108072631808	0.02576927258888768	3.8005164951041762E-6	3.40432592035016E-6	4.2847494198035315E-6	0.021601953083798496	0.023310757587982178
9.0	0.015052378765674279	0.01511362400782864	0.012222823147647378	0.017994294491990345	1.767439573722841E-6	2.2938069399519903E-6	1.4165279962367417E-6	0.014469721239059645	0.015635036292288913
10.0	0.009704055336298891	0.009353926473787253	0.007656967840735069	0.012947448591012947	1.5942559888159893E-6	1.135701702891137E-6	2.1547112271685867E-6	0.00915067961372717	0.010257431058870612
11.0	0.006721213295614444	0.00665866171815304	0.005250492233646905	0.00895979020979021	6.477815423336304E-7	4.0763097404783554E-7	1.0080073947623225E-6	0.006368472769658829	0.0070739538215700585
12.0	0.004953061189711849	0.004986990459670425	0.003813466986271519	0.006883741258741259	5.749528250625725E-7	4.726791524371998E-7	6.772264976879454E-7	0.004620740653725854	0.005285381725697843
13.0	0.0036621934360184286	0.0037045107866637613	0.0026393929396238865	0.004787291916004788	3.827829108051353E-7	3.54885668976225E-7	4.106801526340457E-7	0.003391038606617493	0.003933348265419364
14.0	0.0027581959989204327	0.002930005425935974	0.0015360983102918587	0.004261363636363636	4.15549217720985E-7	4.574673128595622E-7	3.812525944257855E-7	0.002475673975460585	0.0030407180223802803
15.0	0.0020352913704511162	0.002176041780002176	7.64609503003823E-4	0.002839667977282656	2.184713445309875E-7	3.378030971778026E-7	1.389168427664441E-7	0.0018304402638943977	0.002240142477007835
16.0	0.0018610518152491636	0.0019571599434598237	9.807126511932004E-4	0.0028279312595170763	1.9941702320429495E-7	2.0703633976167218E-7	1.9179770664691776E-7	0.001665337682348443	0.0020567659481498845
17.0	0.0013497834989754213	0.0013196964698119432	7.627765064836003E-4	0.002178649237472767	1.4517497287845973E-7	1.1105550185932361E-7	1.8687654856851495E-7	0.0011827948502878697	0.001516772147662973
18.0	0.0011277155041360487	0.0010915838882218098	4.3322863641286687E-4	0.001966783216783217	1.7346728447241698E-7	1.3647147818505475E-7	2.1868438104585961E-7	9.451789434106372E-4	0.0013102520648614602
19.0	9.96424520177774E-4	9.82425499399629E-4	5.399568034557236E-4	0.0017379969585053225	8.96409901264823E-8	6.0363772295591E-8	1.3355681687281923E-7	8.652062234981771E-4	0.001127642816857371
20.0	7.944325403023835E-4	8.644910309055544E-4	1.0938525486764385E-4	0.0015290519877675841	9.507550172237915E-8	9.841589852742015E-8	9.173510491733815E-8	6.592951939808186E-4	9.295698866239485E-4
21.0	6.969118183161822E-4	6.583278472679394E-4	4.3196544276457883E-4	9.844672938087945E-4	3.981536275368802E-8	3.1988311769409536E-8	4.938175840113949E-8	6.094604896943231E-4	7.843631469380413E-4
22.0	5.986651945551554E-4	5.461496450027307E-4	1.0921799912625601E-4	0.001303497718878992	9.653278937324594E-8	7.020484030953453E-8	1.3602471296881306E-7	4.624961151618765E-4	7.348342739484342E-4
23.0	5.495385658907403E-4	6.549503329330859E-4	2.1724961981316532E-4	8.704167120008704E-4	5.1267517699082564E-8	5.654319522170085E-8	4.599184017646425E-8	4.503041726611761E-4	6.487729591203045E-4
24.0	3.6979180392488647E-4	3.2523850823937554E-4	1.0895619960775768E-4	6.55307994757536E-4	3.697465337299945E-8	2.928236127582823E-8	4.63763437139865E-8	2.8551789681310164E-4	4.540657110366713E-4
25.0	3.4249166864381436E-4	3.2555615843733043E-4	0.0	0.0011898323418063819	6.357021462398863E-8	3.118127558012298E-8	1.1215362318978711E-7	2.3199023505593853E-4	4.529931022316902E-4
26.0	2.175840311997083E-4	3.2397408207343413E-4	0.0	4.3572984749455336E-4	2.1270801324519566E-8	2.3633162731568926E-8	1.8908439917470213E-8	1.5366458565757522E-4	2.8150347674184143E-4
27.0	2.446130046099144E-4	2.176041780002176E-4	0.0	7.564296520423601E-4	4.3349956056265216E-8	2.2495613378278473E-8	8.207944960109776E-8	1.5336247277975235E-4	3.358635364400765E-4
28.0	2.6655045698550966E-4	3.241841365895829E-4	0.0	6.537371976465461E-4	2.774699744777327E-8	2.505674334919293E-8	3.043725154635361E-8	1.9354605116114664E-4	3.3955486280987264E-4
29.0	1.7424936734105177E-4	1.0922992900054615E-4	0.0	6.555944055944056E-4	2.4295903578257912E-8	1.3768479343501114E-8	3.716275542073845E-8	1.0593569989952307E-4	2.4256303478258046E-4
30.0	1.087491153816438E-4	0.0	0.0	4.3582479843103073E-4	2.012455823134454E-8	1.0840848678579975E-8	3.40501225604914E-8	4.657576783563613E-5	1.7092246292765145E-4
31.0	1.6871871248727298E-4	2.1598272138228941E-4	0.0	3.291639236339697E-4	1.6013810408463943E-8	1.6048135924056107E-8	1.597948489287178E-8	1.1325762069079142E-4	2.2417980428375453E-4
32.0	1.1425613017057104E-4	1.0876658690450294E-4	0.0	3.2619332390997064E-4	8.814541479754645E-9	4.099489113659528E-9	2.767475094413511E-8	7.310886868901832E-5	1.5540339165212377E-4
33.0	1.4703788539356717E-4	1.0972130787798991E-4	0.0	4.369197160021846E-4	1.6942006891575706E-8	1.1531029342584831E-8	2.505847321506201E-8	8.999210830416413E-5	2.040836624829702E-4
34.0	1.2524340610002867E-4	1.0895619960775768E-4	0.0	4.3587228941920016E-4	1.3375329710405823E-8	6.875817395194497E-9	2.8540858445898924E-8	7.455678724677757E-5	1.7593002495327976E-4
35.0	1.3044014168021143E-4	1.0862480990658266E-4	0.0	8.644910309055544E-4	3.465209057892132E-8	8.194673514159612E-9	1.1402434177320642E-7	4.885599151365515E-5	2.1202429184676773E-4
36.0	9.246682550355855E-5	1.080613788631943E-4	0.0	4.352083560004352E-4	1.3338707066335344E-8	8.550113818705547E-9	1.725664699621427E-8	4.184964607501184E-5	1.4308400493210526E-4
37.0	7.066925494307247E-5	1.0816657652785289E-4	0.0	2.184598580010923E-4	6.2301205794318106E-9	4.9941435942089724E-9	7.466097564654649E-9	3.607616949384921E-5	1.0526234039229573E-4
38.0	7.082465218867653E-5	1.0830715910321672E-4	0.0	2.1853146853146853E-4	5.081668318131018E-9	5.016131357647004E-9	5.1352894676179385E-9	3.958226350684547E-5	1.0206704087050759E-4
39.0	4.361296992084394E-5	0.0	0.0	2.1843599825251202E-4	4.046080003802188E-9	1.9020911453164384E-9	8.027773598132865E-9	1.573518221933642E-5	7.149075762235146E-5
40.0	8.152323320845358E-5	1.0799136069114471E-4	0.0	3.249214773096502E-4	9.276554105409953E-9	6.646037552759906E-9	1.1907070658059997E-8	3.931138045869686E-5	1.237350859582103E-4
41.0	4.365446353747971E-5	0.0	0.0	2.187705097352877E-4	5.238168563757008E-9	1.905712186745146E-9	1.3013900110118018E-8	1.1934636650713036E-5	7.537429042424638E-5
42.0	4.9069577111267684E-5	0.0	0.0	3.291639236339697E-4	7.741808469213581E-9	2.4078233978786456E-9	2.018777363566177E-8	1.0507334298296544E-5	8.763181992423882E-5
43.0	5.440403164663651E-5	0.0	0.0	2.1791239921551536E-4	5.32470747766068E-9	2.9597986594082274E-9	8.872070705039356E-9	2.2423259105794673E-5	8.638480418747836E-5
44.0	3.252961446759051E-5	0.0	0.0	2.1598272138228941E-4	3.635341728416314E-9	1.0581758174100739E-9	1.1366839461435042E-8	6.104693669332564E-6	5.8954535265848455E-5
45.0	5.443578979655152E-5	0.0	0.0	2.170374389582203E-4	4.141058840139752E-9	2.9632552107743423E-9	5.580596609364141E-9	2.6232694540639565E-5	8.263888505246348E-5
46.0	3.79822706046269E-5	0.0	0.0	3.2449972958355867E-4	6.189293207756065E-9	1.4426528802831042E-9	2.0429214190174943E-8	3.502719572953287E-6	7.246182163630051E-5
47.0	2.7134686131017015E-5	0.0	0.0	1.0896807235480004E-4	2.2089055555475958E-9	7.362911914288069E-10	6.626748647903963E-9	6.5364682685517756E-6	4.7732903993482254E-5
48.0	3.2667180324532356E-5	0.0	0.0	2.1853146853146853E-4	4.851748096692341E-9	1.0671446703555138E-9	1.9990161802039643E-8	2.1397537311775773E-6	6.319460691788713E-5
49.0	2.7355664328197533E-5	0.0	0.0	1.0997470581766194E-4	2.2450379924054452E-9	7.48332370837019E-10	6.735154857110725E-9	6.589660919230322E-6	4.8121667737164744E-5
50.0	1.6355890670319448E-5	0.0	0.0	1.0972130787798991E-4	1.5159823938644005E-9	2.675151596194427E-10	8.590630054585827E-9	-7.083965463642308E-7	3.342017788700313E-5
51.0	3.261027846480926E-5	0.0	0.0	2.168256721595837E-4	3.656715281963257E-9	1.0634302615524026E-9	1.1436570343195819E-8	6.107790442747962E-6	5.9112766486870555E-5
52.0	2.725034663736482E-5	0.0	0.0	2.1793614470960008E-4	4.602295145793473E-9	7.425813918565401E-10	2.647400641810278E-8	-2.481939712729586E-6	5.6982632987459226E-5
53.0	2.1651070254115032E-5	0.0	0.0	1.088020890001088E-4	1.875096078565535E-9	4.687688431486249E-10	7.500405020233173E-9	2.672965639299886E-6	4.0629174868930175E-5
54.0	1.0839672484562676E-5	0.0	0.0	1.088020890001088E-4	1.05750292816304E-9	1.1749849957258517E-10	9.517542785477136E-9	-3.4125260280022073E-6	2.509187099712756E-5
55.0	1.0876659848504952E-5	0.0	0.0	1.088020890001088E-4	1.0647156910983842E-9	1.1830172946007975E-10	9.58244134584312E-9	-3.42406006156173E-6	2.5177379758571635E-5
56.0	1.625145033387596E-5	0.0	0.0	1.0862480990658266E-4	1.4966316789470604E-9	2.641096379544371E-10	8.480923244571925E-9	-7.035787988666738E-7	3.3206479466618596E-5
57.0	1.08465777779451E-5	0.0	0.0	1.0851871947911015E-4	1.0588345257194684E-9	1.1764824949301249E-10	9.529511011757571E-9	-3.4145910275979935E-6	2.5107746583488196E-5
58.0	2.171819331762446E-5	0.0	0.0	1.0926573426573427E-4	1.886753302350069E-9	4.716799209817075E-10	7.547046827823513E-9	2.6811879250896034E-6	4.0755198710159315E-5
59.0	5.399568034557236E-6	0.0	0.0	1.0799136069114471E-4	5.539513642364333E-10	2.915533495981229E-11	1.0525075920492234E-8	-4.9156138854349695E-6	1.5714749954549443E-5
60.0	5.469262743382193E-6	0.0	0.0	1.0938525486764385E-4	5.683438641668209E-10	2.9912834956148524E-11	1.079853341916961E-8	-4.979061975402296E-6	1.591758746216668E-5
61.0	1.6345852395219865E-5	0.0	0.0	1.0921799912625601E-4	1.514064259966151E-9	2.6718689052631505E-10	8.579702686791889E-9	-7.076359005599227E-7	3.339934069099965E-5
62.0	1.6225072043069977E-5	0.0	0.0	2.1598272138228941E-4	2.6579894578514624E-9	2.632529628028111E-10	2.4210617913289325E-8	-6.370206558091569E-6	3.882035064423152E-5
63.0	1.0932549456668904E-5	0.0	0.0	1.0938525486764385E-4	1.0756860957319602E-9	1.1952063762251161E-10	9.681175218717008E-9	-3.4416560959240766E-6	2.5306755009261885E-5
64.0	2.1754691706704225E-5	0.0	0.0	1.0921799912625601E-4	1.893087240935992E-9	4.732666112537454E-10	7.572369759664978E-9	2.6857589300912353E-6	4.0823624483317215E-5
65.0	5.461496450027307E-6	0.0	0.0	1.0922992900054615E-4	5.667309259995567E-10	2.982794347366087E-11	1.0767887593991578E-8	-4.971991761783488E-6	1.5894984661838103E-5
66.0	1.6362500856345547E-5	0.0	0.0	1.0922992900054615E-4	1.5171507303958316E-9	2.6773143427390877E-10	8.597193408420061E-9	-7.083606419629457E-7	3.3433362354654044E-5
67.0	1.096799803426529E-5	0.0	0.0	1.0997470581766194E-4	1.0826815142273865E-9	1.2029698087964729E-10	9.744142314357046E-9	-3.4528710537195387E-6	2.5388867122250117E-5
68.0	5.498735290883097E-6	0.0	0.0	1.0997470581766194E-4	5.744857061848615E-10	3.023608979920321E-11	1.0915228417512362E-8	-5.00589294832595E-6	1.6003363530092147E-5
69.0	5.446623093681917E-6	0.0	0.0	1.0893246187363834E-4	5.636483593679539E-10	2.966570312462919E-11	1.0709318827991133E-8	-4.958451479207823E-6	1.5851697666571657E-5
70.0	0.0	0.0	0.0	0.0	0.0	0.0	0.0	0.0	0.0
71.0	5.4030689431597145E-6	0.0	0.0	1.080613788631943E-4	5.54669926086204E-10	2.9193154004537024E-11	1.0538728595637872E-8	-4.918801013521491E-6	1.5724938899840918E-5
72.0	5.463286713286713E-6	0.0	0.0	1.0926573426573427E-4	5.671025325199282E-10	2.9847501711575134E-11	1.0774948117878626E-8	-4.973621566775339E-6	1.5900194993348766E-5
73.0	1.0946545271270983E-5	0.0	0.0	1.0997470581766194E-4	1.0784676142563555E-9	1.1982685337598513E-10	9.706234462179696E-9	-3.446232756141264E-6	2.533932329868323E-5
74.0	1.083599975915043E-5	0.0	0.0	1.0841283607979184E-4	1.0567702962133578E-9	1.1741889078030818E-10	9.510932945110804E-9	-3.41126097744949E-6	2.5083260495750347E-5
75.0	0.0	0.0	0.0	0.0	0.0	0.0	0.0	0.0	0.0
76.0	0.0	0.0	0.0	0.0	0.0	0.0	0.0	0.0	0.0
77.0	0.0	0.0	0.0	0.0	0.0	0.0	0.0	0.0	0.0
78.0	0.0	0.0	0.0	0.0	0.0	0.0	0.0	0.0	0.0
79.0	1.088020890001088E-5	0.0	0.0	2.176041780002176E-4	2.2491999684496424E-9	1.1837894570787598E-10	4.273479940054323E-8	-9.90503418107449E-6	3.166545198109625E-5
80.0	0.0	0.0	0.0	0.0	0.0	0.0	0.0	0.0	0.0
81.0	0.0	0.0	0.0	0.0	0.0	0.0	0.0	0.0	0.0
82.0	1.0938525486764385E-5	0.0	0.0	2.187705097352877E-4	2.2733754566672834E-9	1.196513398245941E-10	4.319413367667844E-8	-9.958123950804592E-6	3.183517492433336E-5
83.0	0.0	0.0	0.0	0.0	0.0	0.0	0.0	0.0	0.0
84.0	5.425935973955507E-6	0.0	0.0	1.0851871947911015E-4	5.593748426758255E-10	2.944078119346449E-11	1.0628122010840685E-8	-4.939618511028523E-6	1.579149045893954E-5
85.0	5.399568034557236E-6	0.0	0.0	1.0799136069114471E-4	5.539513642364333E-10	2.915533495981229E-11	1.0525075920492234E-8	-4.9156138854349695E-6	1.5714749954549443E-5
86.0	5.469262743382193E-6	0.0	0.0	1.0938525486764385E-4	5.683438641668209E-10	2.9912834956148524E-11	1.079853341916961E-8	-4.979061975402296E-6	1.591758746216668E-5
87.0	0.0	0.0	0.0	0.0	0.0	0.0	0.0	0.0	0.0
88.0	0.0	0.0	0.0	0.0	0.0	0.0	0.0	0.0	0.0
89.0	0.0	0.0	0.0	0.0	0.0	0.0	0.0	0.0	0.0
90.0	0.0	0.0	0.0	0.0	0.0	0.0	0.0	0.0	0.0
91.0	0.0	0.0	0.0	0.0	0.0	0.0	0.0	0.0	0.0
92.0	0.0	0.0	0.0	0.0	0.0	0.0	0.0	0.0	0.0
93.0	0.0	0.0	0.0	0.0	0.0	0.0	0.0	0.0	0.0
94.0	5.408328826392644E-6	0.0	0.0	1.0816657652785289E-4	5.557503931934033E-10	2.9250020694389646E-11	1.055925747067466E-8	-4.923589462317778E-6	1.5740247115103067E-5
95.0	0.0	0.0	0.0	0.0	0.0	0.0	0.0	0.0	0.0
96.0	0.0	0.0	0.0	0.0	0.0	0.0	0.0	0.0	0.0
97.0	0.0	0.0	0.0	0.0	0.0	0.0	0.0	0.0	0.0
98.0	0.0	0.0	0.0	0.0	0.0	0.0	0.0	0.0	0.0
99.0	0.0	0.0	0.0	0.0	0.0	0.0	0.0	0.0	0.0
100.0	0.0	0.0	0.0	0.0	0.0	0.0	0.0	0.0	0.0
101.0	0.0	0.0	0.0	0.0	0.0	0.0	0.0	0.0	0.0
102.0	0.0	0.0	0.0	0.0	0.0	0.0	0.0	0.0	0.0
103.0	0.0	0.0	0.0	0.0	0.0	0.0	0.0	0.0	0.0
104.0	0.0	0.0	0.0	0.0	0.0	0.0	0.0	0.0	0.0
105.0	0.0	0.0	0.0	0.0	0.0	0.0	0.0	0.0	0.0
106.0	0.0	0.0	0.0	0.0	0.0	0.0	0.0	0.0	0.0
107.0	0.0	0.0	0.0	0.0	0.0	0.0	0.0	0.0	0.0
108.0	0.0	0.0	0.0	0.0	0.0	0.0	0.0	0.0	0.0
109.0	0.0	0.0	0.0	0.0	0.0	0.0	0.0	0.0	0.0
110.0	0.0	0.0	0.0	0.0	0.0	0.0	0.0	0.0	0.0
111.0	0.0	0.0	0.0	0.0	0.0	0.0	0.0	0.0	0.0
112.0	5.431240495329133E-6	0.0	0.0	1.0862480990658266E-4	5.604690930439579E-10	2.949837331810303E-11	1.06489127678352E-8	-4.944447597124466E-6	1.580692858778273E-5
113.0	0.0	0.0	0.0	0.0	0.0	0.0	0.0	0.0	0.0
114.0	0.0	0.0	0.0	0.0	0.0	0.0	0.0	0.0	0.0
115.0	0.0	0.0	0.0	0.0	0.0	0.0	0.0	0.0	0.0
116.0	0.0	0.0	0.0	0.0	0.0	0.0	0.0	0.0	0.0
117.0	0.0	0.0	0.0	0.0	0.0	0.0	0.0	0.0	0.0
118.0	0.0	0.0	0.0	0.0	0.0	0.0	0.0	0.0	0.0
119.0	0.0	0.0	0.0	0.0	0.0	0.0	0.0	0.0	0.0
120.0	0.0	0.0	0.0	0.0	0.0	0.0	0.0	0.0	0.0
121.0	0.0	0.0	0.0	0.0	0.0	0.0	0.0	0.0	0.0
122.0	0.0	0.0	0.0	0.0	0.0	0.0	0.0	0.0	0.0
123.0	0.0	0.0	0.0	0.0	0.0	0.0	0.0	0.0	0.0
124.0	0.0	0.0	0.0	0.0	0.0	0.0	0.0	0.0	0.0
125.0	0.0	0.0	0.0	0.0	0.0	0.0	0.0	0.0	0.0
126.0	0.0	0.0	0.0	0.0	0.0	0.0	0.0	0.0	0.0
127.0	0.0	0.0	0.0	0.0	0.0	0.0	0.0	0.0	0.0
128.0	0.0	0.0	0.0	0.0	0.0	0.0	0.0	0.0	0.0
129.0	0.0	0.0	0.0	0.0	0.0	0.0	0.0	0.0	0.0
130.0	0.0	0.0	0.0	0.0	0.0	0.0	0.0	0.0	0.0
131.0	0.0	0.0	0.0	0.0	0.0	0.0	0.0	0.0	0.0
132.0	0.0	0.0	0.0	0.0	0.0	0.0	0.0	0.0	0.0
133.0	0.0	0.0	0.0	0.0	0.0	0.0	0.0	0.0	0.0
134.0	0.0	0.0	0.0	0.0	0.0	0.0	0.0	0.0	0.0
135.0	0.0	0.0	0.0	0.0	0.0	0.0	0.0	0.0	0.0
136.0	0.0	0.0	0.0	0.0	0.0	0.0	0.0	0.0	0.0
137.0	0.0	0.0	0.0	0.0	0.0	0.0	0.0	0.0	0.0
138.0	0.0	0.0	0.0	0.0	0.0	0.0	0.0	0.0	0.0
139.0	0.0	0.0	0.0	0.0	0.0	0.0	0.0	0.0	0.0
140.0	0.0	0.0	0.0	0.0	0.0	0.0	0.0	0.0	0.0
141.0	0.0	0.0	0.0	0.0	0.0	0.0	0.0	0.0	0.0
142.0	0.0	0.0	0.0	0.0	0.0	0.0	0.0	0.0	0.0
143.0	5.44010445000544E-6	0.0	0.0	1.088020890001088E-4	5.622999921124106E-10	2.9594736426968995E-11	1.0683699850135808E-8	-4.952517090537245E-6	1.5832725990548125E-5
