0	0.0
1	8.781558726673985E-4
2	0.0
3	0.0
4	0.0
5	0.0
6	0.0
7	0.0
8	7.683863885839736E-4
9	0.0020856201975850714
10	0.003951701427003293
11	0.003402854006586169
12	0.07047200878155872
13	0.0
14	0.0
15	1.097694840834248E-4
16	2.195389681668496E-4
17	1.097694840834248E-4
18	0.004939626783754116
19	0.02897914379802415
20	0.06344676180021953
21	0.07727771679473107
22	0.11218441273326016
23	0.00823271130625686
24	2.195389681668496E-4
25	9.879253567508233E-4
26	0.0010976948408342481
27	0.006147091108671789
28	0.0145993413830955
29	0.05082327113062569
30	0.07266739846322723
31	0.09517014270032931
32	0.016575192096597146
33	0.01141602634467618
34	0.0026344676180021956
35	0.004500548847420417
36	0.008781558726673985
37	0.024149286498353458
38	0.031174533479692644
39	0.0446761800219539
40	0.012952799121844128
41	0.014818880351262349
42	0.00889132821075741
43	0.007683863885839737
44	0.008781558726673985
45	0.012184412733260154
46	0.018221734357848518
47	0.0073545554335894625
48	0.007903402854006586
49	0.007683863885839737
50	0.006147091108671789
51	0.009001097694840834
52	0.008452250274423711
53	0.004829857299670692
54	0.0030735455543358945
55	0.0030735455543358945
56	0.003951701427003293
57	0.003951701427003293
58	0.003402854006586169
59	0.004500548847420417
60	0.004171240395170143
61	0.004171240395170143
62	0.003512623490669594
63	0.003512623490669594
64	0.0019758507135016466
65	0.0010976948408342481
66	9.879253567508233E-4
67	0.001646542261251372
68	0.0027442371020856204
69	0.002305159165751921
70	0.002305159165751921
71	0.0027442371020856204
72	0.001756311745334797
73	0.001756311745334797
74	0.0014270032930845224
75	9.879253567508233E-4
76	0.0014270032930845224
77	9.879253567508233E-4
78	6.586169045005489E-4
79	0.0014270032930845224
80	8.781558726673985E-4
81	8.781558726673985E-4
82	0.001646542261251372
83	8.781558726673985E-4
84	0.0010976948408342481
85	6.586169045005489E-4
86	0.0014270032930845224
87	0.001207464324917673
88	0.001207464324917673
89	0.0013172338090010978
90	2.195389681668496E-4
91	0.0014270032930845224
92	8.781558726673985E-4
93	4.390779363336992E-4
94	0.0010976948408342481
95	5.488474204171241E-4
96	6.586169045005489E-4
97	4.390779363336992E-4
98	3.2930845225027445E-4
99	4.390779363336992E-4
100	1.097694840834248E-4
101	0.001207464324917673
102	8.781558726673985E-4
103	5.488474204171241E-4
104	1.097694840834248E-4
105	2.195389681668496E-4
106	6.586169045005489E-4
107	3.2930845225027445E-4
108	6.586169045005489E-4
109	7.683863885839736E-4
110	2.195389681668496E-4
111	5.488474204171241E-4
112	3.2930845225027445E-4
113	4.390779363336992E-4
114	2.195389681668496E-4
115	2.195389681668496E-4
116	2.195389681668496E-4
117	2.195389681668496E-4
118	2.195389681668496E-4
119	2.195389681668496E-4
120	3.2930845225027445E-4
121	3.2930845225027445E-4
122	2.195389681668496E-4
123	2.195389681668496E-4
124	3.2930845225027445E-4
125	0.0
126	2.195389681668496E-4
127	3.2930845225027445E-4
128	1.097694840834248E-4
129	0.0
130	4.390779363336992E-4
131	4.390779363336992E-4
132	1.097694840834248E-4
133	2.195389681668496E-4
134	1.097694840834248E-4
135	1.097694840834248E-4
136	0.0
137	1.097694840834248E-4
138	3.2930845225027445E-4
139	2.195389681668496E-4
140	0.0
141	1.097694840834248E-4
142	1.097694840834248E-4
143	3.2930845225027445E-4
144	2.195389681668496E-4
145	1.097694840834248E-4
146	2.195389681668496E-4
147	0.0
148	1.097694840834248E-4
149	2.195389681668496E-4
150	1.097694840834248E-4
151	1.097694840834248E-4
152	2.195389681668496E-4
153	0.0
154	1.097694840834248E-4
155	2.195389681668496E-4
156	1.097694840834248E-4
157	0.0
158	2.195389681668496E-4
159	1.097694840834248E-4
160	0.0
161	0.0
162	0.0
163	1.097694840834248E-4
164	0.0
165	0.0
166	1.097694840834248E-4
167	0.0
168	1.097694840834248E-4
169	1.097694840834248E-4
170	0.0
171	1.097694840834248E-4
172	0.0
173	1.097694840834248E-4
174	1.097694840834248E-4
175	0.0
176	1.097694840834248E-4
177	1.097694840834248E-4
178	0.0
179	0.0
180	0.0
181	3.2930845225027445E-4
182	1.097694840834248E-4
183	0.0
184	0.0
185	0.0
186	0.0
187	0.0
188	0.0
189	0.0
190	1.097694840834248E-4
191	1.097694840834248E-4
192	0.0
193	1.097694840834248E-4
194	4.390779363336992E-4
195	1.097694840834248E-4
196	1.097694840834248E-4
197	2.195389681668496E-4
198	0.0
199	0.0
200	0.0
201	1.097694840834248E-4
202	1.097694840834248E-4
203	0.0
204	0.0
205	0.0
206	1.097694840834248E-4
207	1.097694840834248E-4
208	0.0
209	0.0
210	1.097694840834248E-4
211	1.097694840834248E-4
212	1.097694840834248E-4
213	0.0
214	0.0
215	0.0
216	0.0
217	1.097694840834248E-4
218	1.097694840834248E-4
219	0.0
220	0.0
221	1.097694840834248E-4
222	0.0
223	0.0
224	0.0
225	0.0
226	0.0
227	0.0
228	0.0
229	0.0
230	0.0
231	1.097694840834248E-4
232	0.0
233	0.0
234	1.097694840834248E-4
235	1.097694840834248E-4
236	0.0
237	1.097694840834248E-4
238	0.0
239	1.097694840834248E-4
240	0.0
241	0.0
242	1.097694840834248E-4
243	0.0
244	0.0
245	0.0
246	0.0
247	0.0
248	1.097694840834248E-4
249	0.0
250	0.0
251	0.0
252	0.0
253	1.097694840834248E-4
254	0.0
255	0.0
256	0.0
257	0.0
258	2.195389681668496E-4
259	0.0
260	0.0
261	0.0
262	0.0
263	0.0
264	0.0
265	0.0
266	0.0
267	0.0
268	0.0
269	0.0
270	0.0
271	0.0
272	0.0
273	0.0
274	0.0
275	0.0
276	0.0
277	1.097694840834248E-4
278	1.097694840834248E-4
279	0.0
280	1.097694840834248E-4
281	0.0
282	0.0
283	0.0
284	0.0
285	1.097694840834248E-4
286	0.0
287	1.097694840834248E-4
288	0.0
289	0.0
290	0.0
291	0.0
292	0.0
293	0.0
294	0.0
295	0.0
296	0.0
297	0.0
298	0.0
299	0.0
300	0.0
301	0.0
302	0.0
303	0.0
304	0.0
305	0.0
306	0.0
307	0.0
308	0.0
309	0.0
310	0.0
311	0.0
312	0.0
313	0.0
314	0.0
315	1.097694840834248E-4
316	0.0
317	1.097694840834248E-4
318	0.0
319	0.0
320	0.0
321	0.0
322	0.0
323	0.0
324	0.0
325	0.0
326	0.0
327	0.0
328	0.0
329	0.0
330	0.0
331	0.0
332	1.097694840834248E-4
333	0.0
334	0.0
335	0.0
336	0.0
337	0.0
338	0.0
339	0.0
340	0.0
341	0.0
342	0.0
343	0.0
344	0.0
345	0.0
346	0.0
347	0.0
348	0.0
349	0.0
350	0.0
351	0.0
352	0.0
353	0.0
354	0.0
355	1.097694840834248E-4
356	0.0
357	0.0
358	0.0
359	0.0
360	0.0
361	0.0
362	0.0
363	0.0
364	0.0
365	0.0
366	0.0
367	0.0
368	0.0
369	0.0
370	0.0
371	0.0
372	0.0
373	0.0
374	0.0
375	0.0
376	0.0
377	0.0
378	0.0
379	0.0
380	0.0
381	0.0
382	0.0
383	0.0
384	0.0
385	0.0
386	0.0
387	0.0
388	0.0
389	0.0
390	0.0
391	0.0
392	0.0
393	0.0
394	0.0
395	0.0
396	0.0
397	0.0
398	0.0
399	0.0
400	0.0
401	0.0
402	0.0
403	0.0
404	0.0
405	0.0
406	0.0
407	0.0
408	0.0
409	0.0
410	0.0
411	0.0
412	0.0
413	0.0
414	0.0
415	0.0
416	0.0
417	0.0
418	0.0
419	0.0
420	0.0
421	0.0
422	0.0
423	0.0
424	0.0
425	0.0
426	0.0
427	0.0
428	0.0
429	0.0
430	0.0
431	0.0
432	0.0
433	0.0
434	0.0
435	0.0
436	0.0
437	0.0
438	0.0
439	0.0
440	0.0
441	0.0
442	0.0
443	0.0
444	0.0
445	0.0
446	0.0
447	0.0
448	0.0
449	0.0
450	0.0
451	0.0
452	0.0
453	0.0
454	0.0
455	0.0
456	0.0
457	0.0
458	0.0
459	0.0
460	0.0
461	0.0
462	0.0
463	0.0
464	0.0
465	0.0
466	0.0
467	0.0
468	0.0
469	0.0
470	0.0
471	0.0
472	0.0
473	0.0
474	0.0
475	0.0
476	0.0
477	0.0
478	0.0
479	0.0
480	0.0
481	0.0
482	0.0
483	0.0
484	0.0
485	0.0
486	0.0
487	0.0
488	0.0
489	0.0
490	0.0
491	0.0
492	0.0
493	0.0
494	0.0
495	0.0
496	0.0
497	0.0
498	0.0
499	0.0
500	0.0
501	0.0
502	0.0
503	0.0
504	0.0
505	1.097694840834248E-4
506	0.0
507	0.0
508	0.0
509	0.0
510	1.097694840834248E-4
