0	0.0013
1	0.0013
2	0.0438
3	0.1881
4	0.2208
5	0.1657
6	0.0991
7	0.056
8	0.0363
9	0.022
10	0.0171
11	0.0112
12	0.0093
13	0.0057
14	0.0053
15	0.004
16	0.0037
17	0.0037
18	0.0024
19	0.0018
20	0.0021
21	0.002
22	0.0011
23	0.001
24	9.0E-4
25	9.0E-4
26	9.0E-4
27	7.0E-4
28	2.0E-4
29	6.0E-4
30	8.0E-4
31	7.0E-4
32	4.0E-4
33	3.0E-4
34	9.0E-4
35	3.0E-4
36	4.0E-4
37	6.0E-4
38	5.0E-4
39	5.0E-4
40	6.0E-4
41	0.001
42	4.0E-4
43	3.0E-4
44	6.0E-4
45	5.0E-4
46	2.0E-4
47	2.0E-4
48	5.0E-4
49	3.0E-4
50	2.0E-4
51	3.0E-4
52	4.0E-4
53	2.0E-4
54	6.0E-4
55	5.0E-4
56	0.0
57	6.0E-4
58	2.0E-4
59	0.0
60	0.0
61	1.0E-4
62	2.0E-4
63	4.0E-4
64	3.0E-4
65	4.0E-4
66	0.0
67	3.0E-4
68	3.0E-4
69	0.0
70	0.0
71	0.0
72	0.0
73	2.0E-4
74	3.0E-4
75	4.0E-4
76	1.0E-4
77	1.0E-4
78	1.0E-4
79	1.0E-4
80	2.0E-4
81	2.0E-4
82	0.0
83	2.0E-4
84	3.0E-4
85	1.0E-4
86	0.0
87	3.0E-4
88	0.0
89	3.0E-4
90	3.0E-4
91	1.0E-4
92	1.0E-4
93	3.0E-4
94	0.0
95	2.0E-4
96	2.0E-4
97	0.0
98	1.0E-4
99	3.0E-4
100	1.0E-4
101	1.0E-4
102	0.0
103	1.0E-4
104	0.0
105	5.0E-4
106	1.0E-4
107	0.0
108	3.0E-4
109	2.0E-4
110	1.0E-4
111	0.0
112	0.0
113	2.0E-4
114	5.0E-4
115	0.0
116	1.0E-4
117	2.0E-4
118	1.0E-4
119	1.0E-4
120	0.0
121	2.0E-4
122	0.0
123	0.0
124	0.0
125	1.0E-4
126	0.0
127	2.0E-4
128	0.0
129	0.0
130	1.0E-4
131	3.0E-4
132	1.0E-4
133	0.0
134	2.0E-4
135	2.0E-4
136	3.0E-4
137	2.0E-4
138	0.0
139	2.0E-4
140	1.0E-4
141	2.0E-4
142	1.0E-4
143	3.0E-4
144	3.0E-4
145	2.0E-4
146	1.0E-4
147	2.0E-4
148	0.0
149	2.0E-4
150	3.0E-4
151	4.0E-4
152	4.0E-4
153	3.0E-4
154	3.0E-4
155	4.0E-4
156	1.0E-4
157	1.0E-4
158	1.0E-4
159	1.0E-4
160	0.0
161	0.0
162	3.0E-4
163	2.0E-4
164	4.0E-4
165	4.0E-4
166	1.0E-4
167	0.0
168	4.0E-4
169	3.0E-4
170	2.0E-4
171	1.0E-4
172	2.0E-4
173	1.0E-4
174	3.0E-4
175	3.0E-4
176	2.0E-4
177	3.0E-4
178	4.0E-4
179	5.0E-4
180	4.0E-4
181	3.0E-4
182	6.0E-4
183	7.0E-4
184	4.0E-4
185	3.0E-4
186	6.0E-4
187	2.0E-4
188	4.0E-4
189	0.001
190	4.0E-4
191	4.0E-4
192	4.0E-4
193	4.0E-4
194	4.0E-4
195	1.0E-4
196	3.0E-4
197	2.0E-4
198	2.0E-4
199	1.0E-4
200	5.0E-4
201	4.0E-4
202	2.0E-4
203	7.0E-4
204	9.0E-4
205	0.0
206	8.0E-4
207	4.0E-4
208	8.0E-4
209	3.0E-4
210	2.0E-4
211	3.0E-4
212	3.0E-4
213	5.0E-4
214	7.0E-4
215	0.001
216	5.0E-4
217	5.0E-4
218	9.0E-4
219	9.0E-4
220	4.0E-4
221	9.0E-4
222	6.0E-4
223	0.001
224	7.0E-4
225	7.0E-4
226	5.0E-4
227	9.0E-4
228	4.0E-4
229	6.0E-4
230	5.0E-4
231	5.0E-4
232	5.0E-4
233	6.0E-4
234	6.0E-4
235	6.0E-4
236	7.0E-4
237	9.0E-4
238	4.0E-4
239	7.0E-4
240	7.0E-4
241	4.0E-4
242	5.0E-4
243	0.0011
244	6.0E-4
245	6.0E-4
246	7.0E-4
247	5.0E-4
248	2.0E-4
249	6.0E-4
250	5.0E-4
251	3.0E-4
252	0.0011
253	7.0E-4
254	4.0E-4
255	5.0E-4
256	1.0E-4
257	4.0E-4
258	8.0E-4
259	8.0E-4
260	5.0E-4
261	2.0E-4
262	3.0E-4
263	6.0E-4
264	4.0E-4
265	7.0E-4
266	7.0E-4
267	6.0E-4
268	2.0E-4
269	4.0E-4
270	4.0E-4
271	5.0E-4
272	2.0E-4
273	1.0E-4
274	4.0E-4
275	1.0E-4
276	1.0E-4
277	2.0E-4
278	5.0E-4
279	5.0E-4
280	2.0E-4
281	4.0E-4
282	2.0E-4
283	2.0E-4
284	1.0E-4
285	1.0E-4
286	2.0E-4
287	3.0E-4
288	2.0E-4
289	3.0E-4
290	4.0E-4
291	3.0E-4
292	1.0E-4
293	0.0
294	2.0E-4
295	1.0E-4
296	1.0E-4
297	1.0E-4
298	1.0E-4
299	1.0E-4
300	0.0
301	2.0E-4
302	1.0E-4
303	1.0E-4
304	0.0
305	3.0E-4
306	0.0
307	0.0
308	4.0E-4
309	1.0E-4
310	1.0E-4
311	0.0
312	1.0E-4
313	0.0
314	0.0
315	1.0E-4
316	1.0E-4
317	0.0
318	1.0E-4
319	0.0
320	1.0E-4
321	2.0E-4
322	0.0
323	0.0
324	2.0E-4
325	0.0
326	0.0
327	3.0E-4
328	1.0E-4
329	0.0
330	1.0E-4
331	0.0
332	0.0
333	0.0
334	0.0
335	1.0E-4
336	1.0E-4
337	1.0E-4
338	1.0E-4
339	1.0E-4
340	0.0
341	0.0
342	1.0E-4
343	0.0
344	1.0E-4
345	0.0
346	0.0
347	1.0E-4
348	0.0
349	0.0
350	0.0
351	0.0
352	0.0
353	0.0
354	0.0
355	1.0E-4
356	0.0
357	0.0
358	0.0
359	0.0
360	0.0
361	0.0
362	1.0E-4
