0	0.0
1	5.242189138184106E-4
2	0.0434053260641644
3	0.192283497588593
4	0.22593835185573496
5	0.17068567833927448
6	0.10148878171524428
7	0.05776892430278884
8	0.037009855315579786
9	0.021912350597609563
10	0.01740406793877123
11	0.011008597190186622
12	0.009121409100440344
13	0.005766408052002517
14	0.005242189138184106
15	0.0040889075277836025
16	0.003669532396728874
17	0.0038792199622562384
18	0.0024114070035646884
19	0.001677500524218914
20	0.0022017194380373243
21	0.0020968756552736424
22	0.0011532816104005033
23	9.43594044873139E-4
24	9.43594044873139E-4
25	9.43594044873139E-4
26	9.43594044873139E-4
27	7.339064793457748E-4
28	2.0968756552736424E-4
29	5.242189138184106E-4
30	8.38750262109457E-4
31	7.339064793457748E-4
32	3.1453134829104634E-4
33	2.0968756552736424E-4
34	7.339064793457748E-4
35	3.1453134829104634E-4
36	4.193751310547285E-4
37	5.242189138184106E-4
38	5.242189138184106E-4
39	5.242189138184106E-4
40	6.290626965820927E-4
41	8.38750262109457E-4
42	4.193751310547285E-4
43	3.1453134829104634E-4
44	5.242189138184106E-4
45	5.242189138184106E-4
46	1.0484378276368212E-4
47	2.0968756552736424E-4
48	5.242189138184106E-4
49	3.1453134829104634E-4
50	2.0968756552736424E-4
51	3.1453134829104634E-4
52	3.1453134829104634E-4
53	2.0968756552736424E-4
54	6.290626965820927E-4
55	3.1453134829104634E-4
56	0.0
57	4.193751310547285E-4
58	2.0968756552736424E-4
59	0.0
60	0.0
61	1.0484378276368212E-4
62	2.0968756552736424E-4
63	1.0484378276368212E-4
64	3.1453134829104634E-4
65	2.0968756552736424E-4
66	0.0
67	3.1453134829104634E-4
68	3.1453134829104634E-4
69	0.0
70	0.0
71	0.0
72	0.0
73	2.0968756552736424E-4
74	2.0968756552736424E-4
75	4.193751310547285E-4
76	1.0484378276368212E-4
77	0.0
78	0.0
79	1.0484378276368212E-4
80	1.0484378276368212E-4
81	1.0484378276368212E-4
82	0.0
83	1.0484378276368212E-4
84	3.1453134829104634E-4
85	1.0484378276368212E-4
86	0.0
87	3.1453134829104634E-4
88	0.0
89	2.0968756552736424E-4
90	2.0968756552736424E-4
91	1.0484378276368212E-4
92	0.0
93	3.1453134829104634E-4
94	0.0
95	2.0968756552736424E-4
96	2.0968756552736424E-4
97	0.0
98	1.0484378276368212E-4
99	3.1453134829104634E-4
100	1.0484378276368212E-4
101	1.0484378276368212E-4
102	0.0
103	0.0
104	0.0
105	4.193751310547285E-4
106	0.0
107	0.0
108	3.1453134829104634E-4
109	2.0968756552736424E-4
110	1.0484378276368212E-4
111	0.0
112	0.0
113	2.0968756552736424E-4
114	3.1453134829104634E-4
115	0.0
116	1.0484378276368212E-4
117	2.0968756552736424E-4
118	1.0484378276368212E-4
119	1.0484378276368212E-4
120	0.0
121	1.0484378276368212E-4
122	0.0
123	0.0
124	0.0
125	1.0484378276368212E-4
126	0.0
127	1.0484378276368212E-4
128	0.0
129	0.0
130	1.0484378276368212E-4
131	2.0968756552736424E-4
132	1.0484378276368212E-4
133	0.0
134	2.0968756552736424E-4
135	2.0968756552736424E-4
136	3.1453134829104634E-4
137	2.0968756552736424E-4
138	0.0
139	2.0968756552736424E-4
140	1.0484378276368212E-4
141	1.0484378276368212E-4
142	0.0
143	2.0968756552736424E-4
144	3.1453134829104634E-4
145	2.0968756552736424E-4
146	0.0
147	2.0968756552736424E-4
148	0.0
149	2.0968756552736424E-4
150	2.0968756552736424E-4
151	3.1453134829104634E-4
152	3.1453134829104634E-4
153	3.1453134829104634E-4
154	3.1453134829104634E-4
155	4.193751310547285E-4
156	1.0484378276368212E-4
157	1.0484378276368212E-4
158	1.0484378276368212E-4
159	1.0484378276368212E-4
160	0.0
161	0.0
162	3.1453134829104634E-4
163	2.0968756552736424E-4
164	4.193751310547285E-4
165	3.1453134829104634E-4
166	1.0484378276368212E-4
167	0.0
168	4.193751310547285E-4
169	3.1453134829104634E-4
170	1.0484378276368212E-4
171	1.0484378276368212E-4
172	0.0
173	1.0484378276368212E-4
174	0.0
175	3.1453134829104634E-4
176	2.0968756552736424E-4
177	2.0968756552736424E-4
178	3.1453134829104634E-4
179	3.1453134829104634E-4
180	2.0968756552736424E-4
181	3.1453134829104634E-4
182	6.290626965820927E-4
183	4.193751310547285E-4
184	3.1453134829104634E-4
185	2.0968756552736424E-4
186	5.242189138184106E-4
187	2.0968756552736424E-4
188	3.1453134829104634E-4
189	9.43594044873139E-4
190	2.0968756552736424E-4
191	3.1453134829104634E-4
192	4.193751310547285E-4
193	3.1453134829104634E-4
194	3.1453134829104634E-4
195	1.0484378276368212E-4
196	2.0968756552736424E-4
197	1.0484378276368212E-4
198	2.0968756552736424E-4
199	0.0
200	4.193751310547285E-4
201	3.1453134829104634E-4
202	0.0
203	5.242189138184106E-4
204	6.290626965820927E-4
205	0.0
206	6.290626965820927E-4
207	2.0968756552736424E-4
208	6.290626965820927E-4
209	2.0968756552736424E-4
210	2.0968756552736424E-4
211	2.0968756552736424E-4
212	2.0968756552736424E-4
213	3.1453134829104634E-4
214	1.0484378276368212E-4
215	8.38750262109457E-4
216	4.193751310547285E-4
217	4.193751310547285E-4
218	6.290626965820927E-4
219	8.38750262109457E-4
220	1.0484378276368212E-4
221	8.38750262109457E-4
222	4.193751310547285E-4
223	7.339064793457748E-4
224	5.242189138184106E-4
225	4.193751310547285E-4
226	5.242189138184106E-4
227	7.339064793457748E-4
228	3.1453134829104634E-4
229	6.290626965820927E-4
230	4.193751310547285E-4
231	3.1453134829104634E-4
232	4.193751310547285E-4
233	3.1453134829104634E-4
234	4.193751310547285E-4
235	4.193751310547285E-4
236	6.290626965820927E-4
237	6.290626965820927E-4
238	4.193751310547285E-4
239	4.193751310547285E-4
240	6.290626965820927E-4
241	3.1453134829104634E-4
242	3.1453134829104634E-4
243	0.0010484378276368212
244	5.242189138184106E-4
245	4.193751310547285E-4
246	5.242189138184106E-4
247	4.193751310547285E-4
248	1.0484378276368212E-4
249	4.193751310547285E-4
250	3.1453134829104634E-4
251	1.0484378276368212E-4
252	7.339064793457748E-4
253	5.242189138184106E-4
254	3.1453134829104634E-4
255	3.1453134829104634E-4
256	1.0484378276368212E-4
257	3.1453134829104634E-4
258	5.242189138184106E-4
259	4.193751310547285E-4
260	5.242189138184106E-4
261	2.0968756552736424E-4
262	3.1453134829104634E-4
263	5.242189138184106E-4
264	3.1453134829104634E-4
265	6.290626965820927E-4
266	6.290626965820927E-4
267	4.193751310547285E-4
268	2.0968756552736424E-4
269	4.193751310547285E-4
270	3.1453134829104634E-4
271	4.193751310547285E-4
272	2.0968756552736424E-4
273	1.0484378276368212E-4
274	4.193751310547285E-4
275	1.0484378276368212E-4
276	0.0
277	1.0484378276368212E-4
278	4.193751310547285E-4
279	3.1453134829104634E-4
280	2.0968756552736424E-4
281	3.1453134829104634E-4
282	2.0968756552736424E-4
283	0.0
284	1.0484378276368212E-4
285	1.0484378276368212E-4
286	1.0484378276368212E-4
287	2.0968756552736424E-4
288	2.0968756552736424E-4
289	2.0968756552736424E-4
290	2.0968756552736424E-4
291	3.1453134829104634E-4
292	1.0484378276368212E-4
293	0.0
294	2.0968756552736424E-4
295	1.0484378276368212E-4
296	1.0484378276368212E-4
297	1.0484378276368212E-4
298	1.0484378276368212E-4
299	1.0484378276368212E-4
300	0.0
301	2.0968756552736424E-4
302	1.0484378276368212E-4
303	0.0
304	0.0
305	3.1453134829104634E-4
306	0.0
307	0.0
308	4.193751310547285E-4
309	1.0484378276368212E-4
310	1.0484378276368212E-4
311	0.0
312	1.0484378276368212E-4
313	0.0
314	0.0
315	1.0484378276368212E-4
316	1.0484378276368212E-4
317	0.0
318	1.0484378276368212E-4
319	0.0
320	1.0484378276368212E-4
321	0.0
322	0.0
323	0.0
324	1.0484378276368212E-4
325	0.0
326	0.0
327	2.0968756552736424E-4
328	1.0484378276368212E-4
329	0.0
330	0.0
331	0.0
332	0.0
333	0.0
334	0.0
335	1.0484378276368212E-4
336	1.0484378276368212E-4
337	1.0484378276368212E-4
338	1.0484378276368212E-4
339	1.0484378276368212E-4
340	0.0
341	0.0
342	1.0484378276368212E-4
343	0.0
344	1.0484378276368212E-4
345	0.0
346	0.0
347	1.0484378276368212E-4
348	0.0
349	0.0
350	0.0
351	0.0
352	0.0
353	0.0
354	0.0
355	1.0484378276368212E-4
