0	0.0023
1	0.0017
2	0.0344
3	0.0368
4	0.0153
5	0.0038
6	9.0E-4
7	4.0E-4
8	9.0E-4
9	0.0032
10	0.0161
11	0.0406
12	0.0888
13	0.0881
14	0.0351
15	0.0065
16	0.0014
17	0.0021
18	0.0039
19	0.0113
20	0.0393
21	0.0902
22	0.0786
23	0.0507
24	0.0198
25	0.0064
26	0.0056
27	0.0055
28	0.0083
29	0.021
30	0.0334
31	0.0413
32	0.0231
33	0.0141
34	0.0107
35	0.0059
36	0.0048
37	0.0064
38	0.0081
39	0.0069
40	0.0082
41	0.0064
42	0.0075
43	0.006
44	0.0062
45	0.0035
46	0.0033
47	0.0032
48	0.0029
49	0.0029
50	0.0033
51	0.0026
52	0.0034
53	0.0027
54	0.0028
55	0.0018
56	0.0015
57	0.0014
58	0.0021
59	0.0016
60	0.001
61	0.0019
62	0.0014
63	0.0017
64	0.001
65	7.0E-4
66	5.0E-4
67	7.0E-4
68	8.0E-4
69	6.0E-4
70	8.0E-4
71	0.0015
72	0.0011
73	0.001
74	7.0E-4
75	0.0011
76	6.0E-4
77	6.0E-4
78	8.0E-4
79	7.0E-4
80	4.0E-4
81	7.0E-4
82	4.0E-4
83	0.001
84	5.0E-4
85	7.0E-4
86	4.0E-4
87	3.0E-4
88	8.0E-4
89	5.0E-4
90	6.0E-4
91	5.0E-4
92	9.0E-4
93	2.0E-4
94	0.001
95	2.0E-4
96	7.0E-4
97	3.0E-4
98	5.0E-4
99	3.0E-4
100	2.0E-4
101	3.0E-4
102	3.0E-4
103	4.0E-4
104	2.0E-4
105	1.0E-4
106	5.0E-4
107	4.0E-4
108	1.0E-4
109	0.0
110	4.0E-4
111	2.0E-4
112	3.0E-4
113	2.0E-4
114	5.0E-4
115	4.0E-4
116	4.0E-4
117	2.0E-4
118	2.0E-4
119	1.0E-4
120	2.0E-4
121	1.0E-4
122	1.0E-4
123	2.0E-4
124	1.0E-4
125	3.0E-4
126	1.0E-4
127	2.0E-4
128	2.0E-4
129	1.0E-4
130	3.0E-4
131	2.0E-4
132	3.0E-4
133	1.0E-4
134	3.0E-4
135	0.0
136	2.0E-4
137	2.0E-4
138	1.0E-4
139	0.0
140	2.0E-4
141	1.0E-4
142	4.0E-4
143	1.0E-4
144	1.0E-4
145	3.0E-4
146	3.0E-4
147	0.0
148	4.0E-4
149	1.0E-4
150	1.0E-4
151	4.0E-4
152	1.0E-4
153	3.0E-4
154	2.0E-4
155	1.0E-4
156	2.0E-4
157	0.0
158	2.0E-4
159	1.0E-4
160	1.0E-4
161	1.0E-4
162	1.0E-4
163	0.0
164	1.0E-4
165	1.0E-4
166	1.0E-4
167	1.0E-4
168	1.0E-4
169	1.0E-4
170	0.0
171	0.0
172	0.0
173	3.0E-4
174	1.0E-4
175	0.0
176	1.0E-4
177	0.0
178	1.0E-4
179	1.0E-4
180	2.0E-4
181	1.0E-4
182	0.0
183	0.0
184	0.0
185	0.0
186	0.0
187	2.0E-4
188	0.0
189	2.0E-4
190	0.0
191	0.0
192	1.0E-4
193	0.0
194	0.0
195	1.0E-4
196	2.0E-4
197	0.0
198	0.0
199	1.0E-4
200	1.0E-4
201	1.0E-4
202	3.0E-4
203	1.0E-4
204	1.0E-4
205	0.0
206	1.0E-4
207	0.0
208	1.0E-4
209	1.0E-4
210	0.0
211	0.0
212	0.0
213	0.0
214	0.0
215	0.0
216	1.0E-4
217	1.0E-4
218	1.0E-4
219	0.0
220	0.0
221	0.0
222	0.0
223	0.0
224	0.0
225	2.0E-4
226	1.0E-4
227	0.0
228	0.0
229	3.0E-4
230	0.0
231	0.0
232	1.0E-4
233	1.0E-4
234	1.0E-4
235	1.0E-4
236	0.0
237	1.0E-4
238	1.0E-4
239	1.0E-4
240	0.0
241	0.0
242	0.0
243	0.0
244	1.0E-4
245	2.0E-4
246	0.0
247	0.0
248	1.0E-4
249	1.0E-4
250	2.0E-4
251	1.0E-4
252	0.0
253	0.0
254	0.0
255	0.0
256	2.0E-4
257	0.0
258	1.0E-4
259	0.0
260	0.0
261	0.0
262	0.0
263	0.0
264	1.0E-4
265	1.0E-4
266	1.0E-4
267	1.0E-4
268	0.0
269	1.0E-4
270	0.0
271	0.0
272	0.0
273	0.0
274	0.0
275	0.0
276	0.0
277	0.0
278	0.0
279	0.0
280	1.0E-4
281	0.0
282	0.0
283	0.0
284	0.0
285	1.0E-4
286	1.0E-4
287	0.0
288	0.0
289	0.0
290	0.0
291	0.0
292	0.0
293	0.0
294	0.0
295	0.0
296	0.0
297	1.0E-4
298	0.0
299	0.0
300	2.0E-4
301	0.0
302	1.0E-4
303	1.0E-4
304	0.0
305	0.0
306	1.0E-4
307	0.0
308	0.0
309	1.0E-4
310	0.0
311	0.0
312	0.0
313	1.0E-4
314	0.0
315	0.0
316	0.0
317	0.0
318	0.0
319	0.0
320	0.0
321	1.0E-4
322	0.0
323	0.0
324	0.0
325	0.0
326	0.0
327	1.0E-4
328	0.0
329	0.0
330	0.0
331	0.0
332	0.0
333	1.0E-4
334	0.0
335	0.0
336	0.0
337	0.0
338	1.0E-4
339	0.0
340	0.0
341	0.0
342	0.0
343	1.0E-4
344	0.0
345	0.0
346	0.0
347	0.0
348	1.0E-4
349	0.0
350	0.0
351	0.0
352	0.0
353	0.0
354	0.0
355	1.0E-4
356	0.0
357	0.0
358	0.0
359	0.0
360	0.0
361	0.0
362	0.0
363	0.0
364	0.0
365	0.0
366	0.0
367	0.0
368	0.0
369	0.0
370	0.0
371	0.0
372	0.0
373	0.0
374	0.0
375	0.0
376	1.0E-4
377	0.0
378	1.0E-4
379	0.0
380	0.0
381	0.0
382	2.0E-4
383	0.0
384	0.0
385	0.0
386	0.0
387	0.0
388	0.0
389	0.0
390	0.0
391	0.0
392	1.0E-4
393	0.0
394	0.0
395	0.0
396	0.0
397	0.0
398	0.0
399	0.0
400	0.0
401	0.0
402	0.0
403	0.0
404	0.0
405	0.0
406	0.0
407	0.0
408	0.0
409	0.0
410	0.0
411	0.0
412	0.0
413	0.0
414	0.0
415	0.0
416	0.0
417	0.0
418	0.0
419	0.0
420	1.0E-4
421	0.0
422	1.0E-4
423	0.0
424	0.0
425	0.0
426	0.0
427	0.0
428	0.0
429	0.0
430	0.0
431	0.0
432	0.0
433	0.0
434	0.0
435	0.0
436	0.0
437	0.0
438	0.0
439	0.0
440	0.0
441	1.0E-4
442	0.0
443	0.0
444	0.0
445	0.0
446	0.0
447	0.0
448	0.0
449	0.0
450	0.0
451	0.0
452	0.0
453	0.0
454	0.0
455	0.0
456	1.0E-4
457	0.0
458	0.0
459	0.0
460	0.0
461	0.0
462	0.0
463	0.0
464	0.0
465	0.0
466	0.0
467	0.0
468	0.0
469	0.0
470	1.0E-4
471	0.0
472	0.0
473	0.0
474	0.0
475	0.0
476	0.0
477	0.0
478	0.0
479	0.0
480	0.0
481	0.0
482	0.0
483	0.0
484	0.0
485	0.0
486	0.0
487	0.0
488	0.0
489	0.0
490	0.0
491	0.0
492	0.0
493	0.0
494	0.0
495	0.0
496	0.0
497	0.0
498	0.0
499	0.0
500	0.0
501	0.0
502	0.0
503	0.0
504	0.0
505	0.0
506	0.0
507	0.0
508	0.0
509	0.0
510	0.0
511	0.0
512	0.0
513	0.0
514	0.0
515	0.0
516	0.0
517	0.0
518	0.0
519	0.0
520	0.0
521	0.0
522	1.0E-4
523	0.0
524	0.0
525	1.0E-4
526	0.0
527	0.0
528	0.0
529	0.0
530	0.0
531	0.0
532	0.0
533	0.0
534	0.0
535	0.0
536	0.0
537	0.0
538	0.0
539	0.0
540	0.0
541	0.0
542	0.0
543	0.0
544	0.0
545	0.0
546	0.0
547	0.0
548	0.0
549	0.0
550	0.0
551	0.0
552	0.0
553	0.0
554	0.0
555	0.0
556	0.0
557	0.0
558	0.0
559	0.0
560	1.0E-4
561	0.0
562	1.0E-4
563	0.0
564	0.0
565	1.0E-4
566	0.0
567	0.0
568	0.0
569	0.0
570	0.0
571	0.0
572	0.0
573	0.0
574	0.0
575	0.0
576	0.0
577	0.0
578	0.0
579	0.0
580	0.0
581	0.0
582	0.0
583	0.0
584	0.0
585	0.0
586	0.0
587	0.0
588	0.0
589	0.0
590	0.0
591	0.0
592	0.0
593	0.0
594	0.0
595	0.0
596	0.0
597	0.0
598	0.0
599	0.0
600	0.0
601	0.0
602	0.0
603	0.0
604	0.0
605	0.0
606	0.0
607	0.0
608	0.0
609	0.0
610	0.0
611	0.0
612	0.0
613	0.0
614	0.0
615	0.0
616	0.0
617	0.0
618	0.0
619	0.0
620	0.0
621	0.0
622	0.0
623	0.0
624	0.0
625	0.0
626	0.0
627	0.0
628	0.0
629	0.0
630	0.0
631	0.0
632	0.0
633	0.0
634	0.0
635	0.0
636	0.0
637	0.0
638	0.0
639	0.0
640	0.0
641	0.0
642	0.0
643	0.0
644	0.0
645	0.0
646	0.0
647	0.0
648	0.0
649	0.0
650	1.0E-4
651	0.0
652	0.0
653	0.0
654	0.0
655	0.0
656	0.0
657	0.0
658	0.0
659	0.0
660	0.0
661	0.0
662	0.0
663	0.0
664	0.0
665	0.0
666	0.0
667	0.0
668	0.0
669	0.0
670	0.0
671	0.0
672	0.0
673	0.0
674	0.0
675	0.0
676	0.0
677	0.0
678	0.0
679	0.0
680	0.0
681	0.0
682	0.0
683	0.0
684	0.0
685	0.0
686	0.0
687	0.0
688	0.0
689	0.0
690	0.0
691	0.0
692	0.0
693	0.0
694	0.0
695	0.0
696	0.0
697	0.0
698	0.0
699	0.0
700	0.0
701	0.0
702	0.0
703	0.0
704	0.0
705	0.0
706	0.0
707	0.0
708	0.0
709	0.0
710	0.0
711	0.0
712	0.0
713	0.0
714	0.0
715	0.0
716	0.0
717	0.0
718	0.0
719	1.0E-4
