0	0.0
1	0.001095890410958904
2	0.020821917808219178
3	0.025972602739726028
4	0.008
5	0.0012054794520547946
6	3.2876712328767124E-4
7	0.0
8	2.1917808219178083E-4
9	0.006136986301369863
10	0.019945205479452055
11	0.024657534246575342
12	0.08745205479452055
13	0.08394520547945206
14	0.02378082191780822
15	0.0062465753424657535
16	0.0014246575342465753
17	0.0012054794520547946
18	0.004383561643835616
19	0.022356164383561646
20	0.055123287671232875
21	0.07495890410958904
22	0.08493150684931507
23	0.04887671232876712
24	0.013917808219178082
25	0.004602739726027397
26	0.0028493150684931507
27	0.0077808219178082194
28	0.011068493150684932
29	0.03517808219178082
30	0.03649315068493151
31	0.0570958904109589
32	0.022794520547945205
33	0.014575342465753425
34	0.006684931506849315
35	0.005917808219178082
36	0.007232876712328767
37	0.009863013698630137
38	0.014794520547945205
39	0.018520547945205478
40	0.009095890410958905
41	0.008109589041095891
42	0.0077808219178082194
43	0.00536986301369863
44	0.005479452054794521
45	0.005808219178082192
46	0.006465753424657534
47	0.0036164383561643836
48	0.003945205479452055
49	0.00263013698630137
50	0.004602739726027397
51	0.0030684931506849314
52	0.004493150684931507
53	0.0028493150684931507
54	0.00263013698630137
55	0.002191780821917808
56	0.0014246575342465753
57	0.001315068493150685
58	0.0014246575342465753
59	0.0019726027397260273
60	0.0014246575342465753
61	0.002191780821917808
62	0.0017534246575342466
63	0.0016438356164383563
64	0.001095890410958904
65	0.0015342465753424657
66	5.47945205479452E-4
67	8.767123287671233E-4
68	8.767123287671233E-4
69	8.767123287671233E-4
70	0.001095890410958904
71	0.0012054794520547946
72	0.0015342465753424657
73	8.767123287671233E-4
74	0.001095890410958904
75	0.0012054794520547946
76	5.47945205479452E-4
77	5.47945205479452E-4
78	5.47945205479452E-4
79	7.671232876712328E-4
80	3.2876712328767124E-4
81	7.671232876712328E-4
82	8.767123287671233E-4
83	4.3835616438356166E-4
84	2.1917808219178083E-4
85	4.3835616438356166E-4
86	7.671232876712328E-4
87	8.767123287671233E-4
88	3.2876712328767124E-4
89	6.575342465753425E-4
90	2.1917808219178083E-4
91	4.3835616438356166E-4
92	3.2876712328767124E-4
93	3.2876712328767124E-4
94	5.47945205479452E-4
95	3.2876712328767124E-4
96	8.767123287671233E-4
97	2.1917808219178083E-4
98	3.2876712328767124E-4
99	2.1917808219178083E-4
100	0.0
101	4.3835616438356166E-4
102	2.1917808219178083E-4
103	3.2876712328767124E-4
104	1.0958904109589041E-4
105	2.1917808219178083E-4
106	4.3835616438356166E-4
107	1.0958904109589041E-4
108	4.3835616438356166E-4
109	4.3835616438356166E-4
110	4.3835616438356166E-4
111	2.1917808219178083E-4
112	0.0
113	1.0958904109589041E-4
114	6.575342465753425E-4
115	3.2876712328767124E-4
116	2.1917808219178083E-4
117	0.0
118	0.0
119	1.0958904109589041E-4
120	2.1917808219178083E-4
121	1.0958904109589041E-4
122	0.0
123	0.0
124	0.0
125	2.1917808219178083E-4
126	2.1917808219178083E-4
127	2.1917808219178083E-4
128	3.2876712328767124E-4
129	0.0
130	1.0958904109589041E-4
131	1.0958904109589041E-4
132	0.0
133	0.0
134	0.0
135	2.1917808219178083E-4
136	3.2876712328767124E-4
137	0.0
138	0.0
139	1.0958904109589041E-4
140	0.0
141	0.0
142	1.0958904109589041E-4
143	1.0958904109589041E-4
144	2.1917808219178083E-4
145	2.1917808219178083E-4
146	2.1917808219178083E-4
147	0.0
148	0.0
149	1.0958904109589041E-4
150	0.0
151	0.0
152	1.0958904109589041E-4
153	0.0
154	1.0958904109589041E-4
155	3.2876712328767124E-4
156	0.0
157	0.0
158	1.0958904109589041E-4
159	2.1917808219178083E-4
160	0.0
161	1.0958904109589041E-4
162	0.0
163	1.0958904109589041E-4
164	0.0
165	1.0958904109589041E-4
166	1.0958904109589041E-4
167	0.0
168	0.0
169	0.0
170	1.0958904109589041E-4
171	0.0
172	0.0
173	0.0
174	0.0
175	1.0958904109589041E-4
176	0.0
177	0.0
178	0.0
179	0.0
180	0.0
181	0.0
182	0.0
183	0.0
184	0.0
185	0.0
186	2.1917808219178083E-4
187	0.0
188	1.0958904109589041E-4
189	0.0
190	0.0
191	0.0
192	0.0
193	0.0
194	0.0
195	0.0
196	0.0
197	0.0
198	1.0958904109589041E-4
199	0.0
200	0.0
201	0.0
202	0.0
203	0.0
204	0.0
205	2.1917808219178083E-4
206	0.0
207	1.0958904109589041E-4
208	0.0
209	0.0
210	0.0
211	0.0
212	0.0
213	0.0
214	0.0
215	0.0
216	0.0
217	1.0958904109589041E-4
218	0.0
219	0.0
220	0.0
221	0.0
222	1.0958904109589041E-4
223	0.0
224	0.0
225	0.0
226	1.0958904109589041E-4
227	0.0
228	1.0958904109589041E-4
229	1.0958904109589041E-4
230	0.0
231	0.0
232	0.0
233	0.0
234	0.0
235	0.0
236	0.0
237	0.0
238	0.0
239	0.0
240	0.0
241	0.0
242	0.0
243	0.0
244	0.0
245	0.0
246	0.0
247	0.0
248	0.0
249	1.0958904109589041E-4
250	0.0
251	0.0
252	0.0
253	0.0
254	0.0
255	0.0
256	0.0
257	0.0
258	0.0
259	0.0
260	0.0
261	0.0
262	0.0
263	0.0
264	0.0
265	0.0
266	0.0
267	1.0958904109589041E-4
268	0.0
269	0.0
270	0.0
271	0.0
272	0.0
273	0.0
274	0.0
275	0.0
276	0.0
277	0.0
278	0.0
279	0.0
280	0.0
281	0.0
282	0.0
283	0.0
284	0.0
285	0.0
286	0.0
287	0.0
288	0.0
289	0.0
290	0.0
291	0.0
292	0.0
293	0.0
294	0.0
295	0.0
296	0.0
297	0.0
298	0.0
299	0.0
300	0.0
301	0.0
302	0.0
303	0.0
304	0.0
305	0.0
306	0.0
307	0.0
308	0.0
309	0.0
310	0.0
311	0.0
312	0.0
313	0.0
314	0.0
315	0.0
316	0.0
317	0.0
318	0.0
319	0.0
320	0.0
321	0.0
322	0.0
323	0.0
324	0.0
325	0.0
326	0.0
327	0.0
328	0.0
329	0.0
330	0.0
331	0.0
332	0.0
333	0.0
334	0.0
335	0.0
336	0.0
337	0.0
338	0.0
339	0.0
340	0.0
341	0.0
342	0.0
343	0.0
344	0.0
345	0.0
346	0.0
347	0.0
348	0.0
349	0.0
350	0.0
351	0.0
352	0.0
353	0.0
354	0.0
355	0.0
356	0.0
357	0.0
358	0.0
359	0.0
360	0.0
361	0.0
362	0.0
363	0.0
364	0.0
365	0.0
366	0.0
367	0.0
368	0.0
369	0.0
370	0.0
371	0.0
372	0.0
373	0.0
374	0.0
375	0.0
376	0.0
377	0.0
378	0.0
379	0.0
380	0.0
381	0.0
382	0.0
383	0.0
384	0.0
385	1.0958904109589041E-4
386	0.0
387	0.0
388	0.0
389	0.0
390	0.0
391	0.0
392	0.0
393	0.0
394	0.0
395	0.0
396	0.0
397	0.0
398	0.0
399	0.0
400	0.0
401	0.0
402	0.0
403	0.0
404	0.0
405	0.0
406	0.0
407	0.0
408	0.0
409	0.0
410	0.0
411	0.0
412	1.0958904109589041E-4
413	0.0
414	0.0
415	0.0
416	1.0958904109589041E-4
417	0.0
418	0.0
419	0.0
420	0.0
421	0.0
422	0.0
423	0.0
424	0.0
425	0.0
426	0.0
427	0.0
428	0.0
429	0.0
430	0.0
431	0.0
432	0.0
433	0.0
434	0.0
435	0.0
436	0.0
437	1.0958904109589041E-4
