0.0	0.006666666666666667	0.01	0.0	0.01	2.2222222222222223E-5	4.444444444444445E-5	1.111111111111111E-5	0.0013322223379388567	0.012001110995394478
1.0	0.05333333333333334	0.05	0.04	0.07	1.5555555555555562E-4	9.444444444444448E-5	2.777777777777779E-4	0.039219720256800664	0.06744694640986601
2.0	0.12666666666666668	0.13	0.06	0.19	0.0028222222222222225	0.004444444444444446	0.0020111111111111107	0.06655053214664261	0.18678280118669074
3.0	0.11333333333333334	0.11	0.1	0.13	1.5555555555555556E-4	9.44444444444445E-5	2.7777777777777767E-4	0.09921972025680068	0.127446946409866
4.0	0.14	0.14	0.11	0.17	6.000000000000003E-4	9.000000000000007E-4	9.0E-4	0.11228141417748734	0.16771858582251267
5.0	0.09666666666666668	0.09	0.07	0.13	6.222222222222223E-4	3.77777777777778E-4	0.0011111111111111107	0.06843944051360133	0.12489389281973202
6.0	0.06	0.07	0.03	0.08	4.666666666666668E-4	9.0E-4	2.5000000000000017E-4	0.035554505073076906	0.08444549492692309
7.0	0.03666666666666667	0.04	0.02	0.05	1.5555555555555556E-4	2.777777777777778E-4	9.444444444444448E-5	0.022553053590133994	0.05078027974319934
8.0	0.06666666666666667	0.06	0.05	0.09	2.888888888888888E-4	1.6111111111111106E-4	5.444444444444443E-4	0.047433054113330465	0.08590027922000287
9.0	0.02333333333333333	0.02	0.01	0.04	1.5555555555555556E-4	9.44444444444444E-5	2.777777777777779E-4	0.009219720256800658	0.037446946409866004
10.0	0.03	0.03	0.01	0.05	2.666666666666667E-4	3.9999999999999986E-4	4.000000000000002E-4	0.011520942784991554	0.04847905721500845
11.0	0.016666666666666666	0.01	0.01	0.03	8.888888888888888E-5	4.444444444444444E-5	1.7777777777777776E-4	0.005997778009211046	0.02733555532412229
12.0	0.03	0.03	0.02	0.04	6.666666666666667E-5	9.999999999999996E-5	1.0000000000000005E-4	0.020760471392495775	0.03923952860750422
13.0	0.023333333333333334	0.02	0.02	0.03	2.2222222222222213E-5	1.1111111111111115E-5	4.444444444444441E-5	0.017998889004605525	0.028667777662061144
14.0	0.006666666666666667	0.0	0.0	0.02	8.888888888888889E-5	4.444444444444445E-5	1.7777777777777776E-4	-0.004002221990788954	0.017335555324122287
15.0	0.006666666666666667	0.0	0.0	0.02	8.888888888888889E-5	4.444444444444445E-5	1.7777777777777776E-4	-0.004002221990788954	0.017335555324122287
16.0	0.006666666666666667	0.01	0.0	0.01	2.2222222222222223E-5	4.444444444444445E-5	1.111111111111111E-5	0.0013322223379388567	0.012001110995394478
17.0	0.016666666666666666	0.02	0.01	0.02	2.2222222222222223E-5	4.444444444444444E-5	1.1111111111111115E-5	0.011332222337938857	0.022001110995394476
18.0	0.0033333333333333335	0.0	0.0	0.01	2.2222222222222223E-5	1.1111111111111113E-5	4.444444444444444E-5	-0.002001110995394477	0.008667777662061144
19.0	0.016666666666666666	0.02	0.0	0.03	1.5555555555555556E-4	2.777777777777778E-4	9.444444444444444E-5	0.0025530535901339933	0.03078027974319934
20.0	0.006666666666666667	0.0	0.0	0.02	8.888888888888889E-5	4.444444444444445E-5	1.7777777777777776E-4	-0.004002221990788954	0.017335555324122287
21.0	0.0033333333333333335	0.0	0.0	0.01	2.2222222222222223E-5	1.1111111111111113E-5	4.444444444444444E-5	-0.002001110995394477	0.008667777662061144
22.0	0.013333333333333334	0.01	0.01	0.02	2.2222222222222223E-5	1.1111111111111115E-5	4.444444444444444E-5	0.007998889004605523	0.018667777662061145
23.0	0.01	0.01	0.01	0.01	0.0	0.0	0.0	0.01	0.01
24.0	0.0	0.0	0.0	0.0	0.0	0.0	0.0	0.0	0.0
25.0	0.0033333333333333335	0.0	0.0	0.01	2.2222222222222223E-5	1.1111111111111113E-5	4.444444444444444E-5	-0.002001110995394477	0.008667777662061144
26.0	0.0	0.0	0.0	0.0	0.0	0.0	0.0	0.0	0.0
27.0	0.0	0.0	0.0	0.0	0.0	0.0	0.0	0.0	0.0
28.0	0.0	0.0	0.0	0.0	0.0	0.0	0.0	0.0	0.0
29.0	0.006666666666666667	0.01	0.0	0.01	2.2222222222222223E-5	4.444444444444445E-5	1.111111111111111E-5	0.0013322223379388567	0.012001110995394478
30.0	0.0	0.0	0.0	0.0	0.0	0.0	0.0	0.0	0.0
31.0	0.006666666666666667	0.0	0.0	0.02	8.888888888888889E-5	4.444444444444445E-5	1.7777777777777776E-4	-0.004002221990788954	0.017335555324122287
32.0	0.006666666666666667	0.01	0.0	0.01	2.2222222222222223E-5	4.444444444444445E-5	1.111111111111111E-5	0.0013322223379388567	0.012001110995394478
33.0	0.0033333333333333335	0.0	0.0	0.01	2.2222222222222223E-5	1.1111111111111113E-5	4.444444444444444E-5	-0.002001110995394477	0.008667777662061144
34.0	0.0	0.0	0.0	0.0	0.0	0.0	0.0	0.0	0.0
35.0	0.0033333333333333335	0.0	0.0	0.01	2.2222222222222223E-5	1.1111111111111113E-5	4.444444444444444E-5	-0.002001110995394477	0.008667777662061144
36.0	0.0033333333333333335	0.0	0.0	0.01	2.2222222222222223E-5	1.1111111111111113E-5	4.444444444444444E-5	-0.002001110995394477	0.008667777662061144
37.0	0.006666666666666667	0.0	0.0	0.02	8.888888888888889E-5	4.444444444444445E-5	1.7777777777777776E-4	-0.004002221990788954	0.017335555324122287
38.0	0.0033333333333333335	0.0	0.0	0.01	2.2222222222222223E-5	1.1111111111111113E-5	4.444444444444444E-5	-0.002001110995394477	0.008667777662061144
39.0	0.0	0.0	0.0	0.0	0.0	0.0	0.0	0.0	0.0
40.0	0.0	0.0	0.0	0.0	0.0	0.0	0.0	0.0	0.0
41.0	0.0	0.0	0.0	0.0	0.0	0.0	0.0	0.0	0.0
42.0	0.0	0.0	0.0	0.0	0.0	0.0	0.0	0.0	0.0
43.0	0.0	0.0	0.0	0.0	0.0	0.0	0.0	0.0	0.0
44.0	0.0	0.0	0.0	0.0	0.0	0.0	0.0	0.0	0.0
45.0	0.0033333333333333335	0.0	0.0	0.01	2.2222222222222223E-5	1.1111111111111113E-5	4.444444444444444E-5	-0.002001110995394477	0.008667777662061144
46.0	0.0	0.0	0.0	0.0	0.0	0.0	0.0	0.0	0.0
47.0	0.006666666666666667	0.01	0.0	0.01	2.2222222222222223E-5	4.444444444444445E-5	1.111111111111111E-5	0.0013322223379388567	0.012001110995394478
48.0	0.0	0.0	0.0	0.0	0.0	0.0	0.0	0.0	0.0
49.0	0.0	0.0	0.0	0.0	0.0	0.0	0.0	0.0	0.0
50.0	0.0033333333333333335	0.0	0.0	0.01	2.2222222222222223E-5	1.1111111111111113E-5	4.444444444444444E-5	-0.002001110995394477	0.008667777662061144
51.0	0.0	0.0	0.0	0.0	0.0	0.0	0.0	0.0	0.0
52.0	0.0	0.0	0.0	0.0	0.0	0.0	0.0	0.0	0.0
53.0	0.0033333333333333335	0.0	0.0	0.01	2.2222222222222223E-5	1.1111111111111113E-5	4.444444444444444E-5	-0.002001110995394477	0.008667777662061144
54.0	0.0033333333333333335	0.0	0.0	0.01	2.2222222222222223E-5	1.1111111111111113E-5	4.444444444444444E-5	-0.002001110995394477	0.008667777662061144
55.0	0.0033333333333333335	0.0	0.0	0.01	2.2222222222222223E-5	1.1111111111111113E-5	4.444444444444444E-5	-0.002001110995394477	0.008667777662061144
56.0	0.0	0.0	0.0	0.0	0.0	0.0	0.0	0.0	0.0
57.0	0.0	0.0	0.0	0.0	0.0	0.0	0.0	0.0	0.0
58.0	0.0	0.0	0.0	0.0	0.0	0.0	0.0	0.0	0.0
59.0	0.0	0.0	0.0	0.0	0.0	0.0	0.0	0.0	0.0
60.0	0.0	0.0	0.0	0.0	0.0	0.0	0.0	0.0	0.0
61.0	0.0	0.0	0.0	0.0	0.0	0.0	0.0	0.0	0.0
62.0	0.0033333333333333335	0.0	0.0	0.01	2.2222222222222223E-5	1.1111111111111113E-5	4.444444444444444E-5	-0.002001110995394477	0.008667777662061144
63.0	0.0	0.0	0.0	0.0	0.0	0.0	0.0	0.0	0.0
64.0	0.0	0.0	0.0	0.0	0.0	0.0	0.0	0.0	0.0
65.0	0.0	0.0	0.0	0.0	0.0	0.0	0.0	0.0	0.0
66.0	0.0	0.0	0.0	0.0	0.0	0.0	0.0	0.0	0.0
67.0	0.0033333333333333335	0.0	0.0	0.01	2.2222222222222223E-5	1.1111111111111113E-5	4.444444444444444E-5	-0.002001110995394477	0.008667777662061144
68.0	0.0	0.0	0.0	0.0	0.0	0.0	0.0	0.0	0.0
69.0	0.0033333333333333335	0.0	0.0	0.01	2.2222222222222223E-5	1.1111111111111113E-5	4.444444444444444E-5	-0.002001110995394477	0.008667777662061144
70.0	0.0	0.0	0.0	0.0	0.0	0.0	0.0	0.0	0.0
71.0	0.0	0.0	0.0	0.0	0.0	0.0	0.0	0.0	0.0
72.0	0.0	0.0	0.0	0.0	0.0	0.0	0.0	0.0	0.0
73.0	0.0	0.0	0.0	0.0	0.0	0.0	0.0	0.0	0.0
74.0	0.0	0.0	0.0	0.0	0.0	0.0	0.0	0.0	0.0
75.0	0.0	0.0	0.0	0.0	0.0	0.0	0.0	0.0	0.0
76.0	0.0	0.0	0.0	0.0	0.0	0.0	0.0	0.0	0.0
77.0	0.0	0.0	0.0	0.0	0.0	0.0	0.0	0.0	0.0
78.0	0.0	0.0	0.0	0.0	0.0	0.0	0.0	0.0	0.0
79.0	0.0	0.0	0.0	0.0	0.0	0.0	0.0	0.0	0.0
80.0	0.0033333333333333335	0.0	0.0	0.01	2.2222222222222223E-5	1.1111111111111113E-5	4.444444444444444E-5	-0.002001110995394477	0.008667777662061144
81.0	0.0	0.0	0.0	0.0	0.0	0.0	0.0	0.0	0.0
82.0	0.0	0.0	0.0	0.0	0.0	0.0	0.0	0.0	0.0
83.0	0.0	0.0	0.0	0.0	0.0	0.0	0.0	0.0	0.0
84.0	0.0	0.0	0.0	0.0	0.0	0.0	0.0	0.0	0.0
85.0	0.0	0.0	0.0	0.0	0.0	0.0	0.0	0.0	0.0
86.0	0.0	0.0	0.0	0.0	0.0	0.0	0.0	0.0	0.0
87.0	0.0	0.0	0.0	0.0	0.0	0.0	0.0	0.0	0.0
88.0	0.0	0.0	0.0	0.0	0.0	0.0	0.0	0.0	0.0
89.0	0.0	0.0	0.0	0.0	0.0	0.0	0.0	0.0	0.0
90.0	0.0	0.0	0.0	0.0	0.0	0.0	0.0	0.0	0.0
91.0	0.0	0.0	0.0	0.0	0.0	0.0	0.0	0.0	0.0
92.0	0.0033333333333333335	0.0	0.0	0.01	2.2222222222222223E-5	1.1111111111111113E-5	4.444444444444444E-5	-0.002001110995394477	0.008667777662061144
93.0	0.0	0.0	0.0	0.0	0.0	0.0	0.0	0.0	0.0
94.0	0.0	0.0	0.0	0.0	0.0	0.0	0.0	0.0	0.0
95.0	0.0	0.0	0.0	0.0	0.0	0.0	0.0	0.0	0.0
96.0	0.0	0.0	0.0	0.0	0.0	0.0	0.0	0.0	0.0
97.0	0.0	0.0	0.0	0.0	0.0	0.0	0.0	0.0	0.0
98.0	0.0	0.0	0.0	0.0	0.0	0.0	0.0	0.0	0.0
99.0	0.0	0.0	0.0	0.0	0.0	0.0	0.0	0.0	0.0
100.0	0.0	0.0	0.0	0.0	0.0	0.0	0.0	0.0	0.0
101.0	0.0	0.0	0.0	0.0	0.0	0.0	0.0	0.0	0.0
102.0	0.0	0.0	0.0	0.0	0.0	0.0	0.0	0.0	0.0
103.0	0.0	0.0	0.0	0.0	0.0	0.0	0.0	0.0	0.0
104.0	0.0	0.0	0.0	0.0	0.0	0.0	0.0	0.0	0.0
105.0	0.0	0.0	0.0	0.0	0.0	0.0	0.0	0.0	0.0
106.0	0.0	0.0	0.0	0.0	0.0	0.0	0.0	0.0	0.0
107.0	0.0	0.0	0.0	0.0	0.0	0.0	0.0	0.0	0.0
108.0	0.0	0.0	0.0	0.0	0.0	0.0	0.0	0.0	0.0
109.0	0.0	0.0	0.0	0.0	0.0	0.0	0.0	0.0	0.0
110.0	0.0	0.0	0.0	0.0	0.0	0.0	0.0	0.0	0.0
111.0	0.0	0.0	0.0	0.0	0.0	0.0	0.0	0.0	0.0
112.0	0.0	0.0	0.0	0.0	0.0	0.0	0.0	0.0	0.0
113.0	0.0	0.0	0.0	0.0	0.0	0.0	0.0	0.0	0.0
114.0	0.0	0.0	0.0	0.0	0.0	0.0	0.0	0.0	0.0
115.0	0.0	0.0	0.0	0.0	0.0	0.0	0.0	0.0	0.0
116.0	0.0	0.0	0.0	0.0	0.0	0.0	0.0	0.0	0.0
117.0	0.0	0.0	0.0	0.0	0.0	0.0	0.0	0.0	0.0
118.0	0.0	0.0	0.0	0.0	0.0	0.0	0.0	0.0	0.0
119.0	0.0	0.0	0.0	0.0	0.0	0.0	0.0	0.0	0.0
120.0	0.0	0.0	0.0	0.0	0.0	0.0	0.0	0.0	0.0
121.0	0.0	0.0	0.0	0.0	0.0	0.0	0.0	0.0	0.0
122.0	0.0	0.0	0.0	0.0	0.0	0.0	0.0	0.0	0.0
123.0	0.0	0.0	0.0	0.0	0.0	0.0	0.0	0.0	0.0
124.0	0.0	0.0	0.0	0.0	0.0	0.0	0.0	0.0	0.0
125.0	0.0	0.0	0.0	0.0	0.0	0.0	0.0	0.0	0.0
126.0	0.0	0.0	0.0	0.0	0.0	0.0	0.0	0.0	0.0
127.0	0.0	0.0	0.0	0.0	0.0	0.0	0.0	0.0	0.0
128.0	0.0	0.0	0.0	0.0	0.0	0.0	0.0	0.0	0.0
129.0	0.0	0.0	0.0	0.0	0.0	0.0	0.0	0.0	0.0
130.0	0.0	0.0	0.0	0.0	0.0	0.0	0.0	0.0	0.0
131.0	0.0	0.0	0.0	0.0	0.0	0.0	0.0	0.0	0.0
132.0	0.0	0.0	0.0	0.0	0.0	0.0	0.0	0.0	0.0
133.0	0.0	0.0	0.0	0.0	0.0	0.0	0.0	0.0	0.0
134.0	0.0	0.0	0.0	0.0	0.0	0.0	0.0	0.0	0.0
135.0	0.0	0.0	0.0	0.0	0.0	0.0	0.0	0.0	0.0
136.0	0.0	0.0	0.0	0.0	0.0	0.0	0.0	0.0	0.0
137.0	0.0	0.0	0.0	0.0	0.0	0.0	0.0	0.0	0.0
138.0	0.0	0.0	0.0	0.0	0.0	0.0	0.0	0.0	0.0
139.0	0.0	0.0	0.0	0.0	0.0	0.0	0.0	0.0	0.0
140.0	0.0	0.0	0.0	0.0	0.0	0.0	0.0	0.0	0.0
141.0	0.0	0.0	0.0	0.0	0.0	0.0	0.0	0.0	0.0
142.0	0.0	0.0	0.0	0.0	0.0	0.0	0.0	0.0	0.0
143.0	0.0	0.0	0.0	0.0	0.0	0.0	0.0	0.0	0.0
144.0	0.0	0.0	0.0	0.0	0.0	0.0	0.0	0.0	0.0
145.0	0.0	0.0	0.0	0.0	0.0	0.0	0.0	0.0	0.0
146.0	0.0	0.0	0.0	0.0	0.0	0.0	0.0	0.0	0.0
147.0	0.0	0.0	0.0	0.0	0.0	0.0	0.0	0.0	0.0
148.0	0.0	0.0	0.0	0.0	0.0	0.0	0.0	0.0	0.0
149.0	0.0	0.0	0.0	0.0	0.0	0.0	0.0	0.0	0.0
150.0	0.0	0.0	0.0	0.0	0.0	0.0	0.0	0.0	0.0
151.0	0.0	0.0	0.0	0.0	0.0	0.0	0.0	0.0	0.0
152.0	0.0	0.0	0.0	0.0	0.0	0.0	0.0	0.0	0.0
153.0	0.0	0.0	0.0	0.0	0.0	0.0	0.0	0.0	0.0
154.0	0.0	0.0	0.0	0.0	0.0	0.0	0.0	0.0	0.0
155.0	0.0	0.0	0.0	0.0	0.0	0.0	0.0	0.0	0.0
156.0	0.0	0.0	0.0	0.0	0.0	0.0	0.0	0.0	0.0
157.0	0.0	0.0	0.0	0.0	0.0	0.0	0.0	0.0	0.0
158.0	0.0	0.0	0.0	0.0	0.0	0.0	0.0	0.0	0.0
159.0	0.0	0.0	0.0	0.0	0.0	0.0	0.0	0.0	0.0
160.0	0.0	0.0	0.0	0.0	0.0	0.0	0.0	0.0	0.0
161.0	0.0	0.0	0.0	0.0	0.0	0.0	0.0	0.0	0.0
162.0	0.0	0.0	0.0	0.0	0.0	0.0	0.0	0.0	0.0
163.0	0.0	0.0	0.0	0.0	0.0	0.0	0.0	0.0	0.0
164.0	0.0	0.0	0.0	0.0	0.0	0.0	0.0	0.0	0.0
165.0	0.0	0.0	0.0	0.0	0.0	0.0	0.0	0.0	0.0
166.0	0.0	0.0	0.0	0.0	0.0	0.0	0.0	0.0	0.0
167.0	0.0	0.0	0.0	0.0	0.0	0.0	0.0	0.0	0.0
168.0	0.0	0.0	0.0	0.0	0.0	0.0	0.0	0.0	0.0
169.0	0.0	0.0	0.0	0.0	0.0	0.0	0.0	0.0	0.0
170.0	0.0	0.0	0.0	0.0	0.0	0.0	0.0	0.0	0.0
171.0	0.0	0.0	0.0	0.0	0.0	0.0	0.0	0.0	0.0
172.0	0.0	0.0	0.0	0.0	0.0	0.0	0.0	0.0	0.0
173.0	0.0	0.0	0.0	0.0	0.0	0.0	0.0	0.0	0.0
174.0	0.0	0.0	0.0	0.0	0.0	0.0	0.0	0.0	0.0
175.0	0.0	0.0	0.0	0.0	0.0	0.0	0.0	0.0	0.0
176.0	0.0	0.0	0.0	0.0	0.0	0.0	0.0	0.0	0.0
177.0	0.0	0.0	0.0	0.0	0.0	0.0	0.0	0.0	0.0
178.0	0.0	0.0	0.0	0.0	0.0	0.0	0.0	0.0	0.0
179.0	0.0	0.0	0.0	0.0	0.0	0.0	0.0	0.0	0.0
180.0	0.0	0.0	0.0	0.0	0.0	0.0	0.0	0.0	0.0
181.0	0.0	0.0	0.0	0.0	0.0	0.0	0.0	0.0	0.0
182.0	0.0	0.0	0.0	0.0	0.0	0.0	0.0	0.0	0.0
183.0	0.0	0.0	0.0	0.0	0.0	0.0	0.0	0.0	0.0
184.0	0.0	0.0	0.0	0.0	0.0	0.0	0.0	0.0	0.0
185.0	0.0	0.0	0.0	0.0	0.0	0.0	0.0	0.0	0.0
186.0	0.0	0.0	0.0	0.0	0.0	0.0	0.0	0.0	0.0
187.0	0.0	0.0	0.0	0.0	0.0	0.0	0.0	0.0	0.0
188.0	0.0	0.0	0.0	0.0	0.0	0.0	0.0	0.0	0.0
189.0	0.0	0.0	0.0	0.0	0.0	0.0	0.0	0.0	0.0
190.0	0.0	0.0	0.0	0.0	0.0	0.0	0.0	0.0	0.0
191.0	0.0	0.0	0.0	0.0	0.0	0.0	0.0	0.0	0.0
192.0	0.0	0.0	0.0	0.0	0.0	0.0	0.0	0.0	0.0
193.0	0.0	0.0	0.0	0.0	0.0	0.0	0.0	0.0	0.0
194.0	0.0	0.0	0.0	0.0	0.0	0.0	0.0	0.0	0.0
195.0	0.0	0.0	0.0	0.0	0.0	0.0	0.0	0.0	0.0
196.0	0.0	0.0	0.0	0.0	0.0	0.0	0.0	0.0	0.0
197.0	0.0	0.0	0.0	0.0	0.0	0.0	0.0	0.0	0.0
198.0	0.0	0.0	0.0	0.0	0.0	0.0	0.0	0.0	0.0
199.0	0.0	0.0	0.0	0.0	0.0	0.0	0.0	0.0	0.0
200.0	0.0	0.0	0.0	0.0	0.0	0.0	0.0	0.0	0.0
201.0	0.0	0.0	0.0	0.0	0.0	0.0	0.0	0.0	0.0
202.0	0.0	0.0	0.0	0.0	0.0	0.0	0.0	0.0	0.0
203.0	0.0	0.0	0.0	0.0	0.0	0.0	0.0	0.0	0.0
204.0	0.0	0.0	0.0	0.0	0.0	0.0	0.0	0.0	0.0
205.0	0.0	0.0	0.0	0.0	0.0	0.0	0.0	0.0	0.0
206.0	0.0	0.0	0.0	0.0	0.0	0.0	0.0	0.0	0.0
207.0	0.0	0.0	0.0	0.0	0.0	0.0	0.0	0.0	0.0
208.0	0.0	0.0	0.0	0.0	0.0	0.0	0.0	0.0	0.0
209.0	0.0	0.0	0.0	0.0	0.0	0.0	0.0	0.0	0.0
210.0	0.0	0.0	0.0	0.0	0.0	0.0	0.0	0.0	0.0
211.0	0.0	0.0	0.0	0.0	0.0	0.0	0.0	0.0	0.0
212.0	0.0	0.0	0.0	0.0	0.0	0.0	0.0	0.0	0.0
213.0	0.0	0.0	0.0	0.0	0.0	0.0	0.0	0.0	0.0
214.0	0.0033333333333333335	0.0	0.0	0.01	2.2222222222222223E-5	1.1111111111111113E-5	4.444444444444444E-5	-0.002001110995394477	0.008667777662061144
